position_id,seed_price,position_value_at_seed,loan_amount,close_price,position_value_at_close,hold_value,impermanent_loss,impermanent_loss_pct,health_factor,should_liquidate,repay_amount,collateral_to_take
id#0,0.9956,7453.34,4844.67,1.0200,7530.15,7535.68,-0.000734,-0.07,1.088021,No,0.00,0.00
id#1,0.9956,6588.35,4282.43,1.0200,6655.66,6664.88,-0.001383,-0.14,1.087926,No,0.00,0.00
id#2,0.9956,6296.44,4092.69,1.0200,6359.01,6362.07,-0.000482,-0.05,1.087625,No,0.00,0.00
id#3,0.9956,7806.01,5073.91,1.0200,7885.41,7890.14,-0.000599,-0.06,1.087877,No,0.00,0.00
id#4,0.9956,4654.25,3025.26,1.0200,4702.17,4707.91,-0.001220,-0.12,1.088011,No,0.00,0.00
id#5,0.9956,8274.79,5378.61,1.0200,8350.93,8353.58,-0.000318,-0.03,1.086833,No,0.00,0.00
id#6,0.9956,4782.80,3108.82,1.0200,4825.85,4827.26,-0.000292,-0.03,1.086617,No,0.00,0.00
id#7,0.9956,6520.13,4238.08,1.0200,6579.77,6581.81,-0.000310,-0.03,1.086774,No,0.00,0.00
id#8,0.9956,9379.74,6096.83,1.0200,9476.53,9483.73,-0.000759,-0.08,1.088036,No,0.00,0.00
id#9,0.9956,5925.82,3851.78,1.0200,5977.65,5979.24,-0.000265,-0.03,1.086344,No,0.00,0.00
id#10,0.9956,8300.31,5395.20,1.0200,8385.28,8390.76,-0.000652,-0.07,1.087948,No,0.00,0.00
id#11,0.9956,6965.10,4527.31,1.0200,7029.67,7031.97,-0.000328,-0.03,1.086907,No,0.00,0.00
id#12,0.9956,5786.73,3761.37,1.0200,5837.90,5839.51,-0.000274,-0.03,1.086447,No,0.00,0.00
id#13,0.9956,5597.51,3638.38,1.0200,5650.31,5652.31,-0.000354,-0.04,1.087081,No,0.00,0.00
id#14,0.9956,6853.40,4454.71,1.0200,6919.47,6922.21,-0.000396,-0.04,1.087304,No,0.00,0.00
id#15,0.9956,5261.76,3420.14,1.0200,5309.45,5311.04,-0.000300,-0.03,1.086685,No,0.00,0.00
id#16,0.9956,6788.75,4412.69,1.0200,6858.77,6863.92,-0.000750,-0.07,1.088031,No,0.00,0.00
id#17,0.9956,6907.38,4489.80,1.0200,6973.83,6976.56,-0.000391,-0.04,1.087283,No,0.00,0.00
id#18,0.9956,8055.14,5235.84,1.0200,8136.08,8140.38,-0.000528,-0.05,1.087744,No,0.00,0.00
id#19,0.9956,4653.21,3024.58,1.0200,4701.30,4706.52,-0.001110,-0.11,1.088053,No,0.00,0.00
id#20,0.9956,5229.98,3399.49,1.0200,5283.84,5290.26,-0.001214,-0.12,1.088014,No,0.00,0.00
id#21,0.9956,3951.56,2568.51,1.0200,3988.21,3989.52,-0.000329,-0.03,1.086912,No,0.00,0.00
id#22,0.9956,4452.97,2894.43,1.0200,4495.86,4497.64,-0.000394,-0.04,1.087295,No,0.00,0.00
id#23,0.9956,6446.54,4190.25,1.0200,6512.78,6517.31,-0.000694,-0.07,1.087990,No,0.00,0.00
id#24,0.9956,9296.31,6042.60,1.0200,9389.48,9394.33,-0.000516,-0.05,1.087716,No,0.00,0.00
id#25,0.9956,7020.79,4563.52,1.0200,7085.16,7087.38,-0.000313,-0.03,1.086797,No,0.00,0.00
id#26,0.9956,6297.10,4093.12,1.0200,6352.14,6353.82,-0.000264,-0.03,1.086336,No,0.00,0.00
id#27,0.9956,8844.17,5748.71,1.0200,8934.01,8939.28,-0.000590,-0.06,1.087863,No,0.00,0.00
id#28,0.9956,6014.53,3909.44,1.0200,6074.33,6077.27,-0.000484,-0.05,1.087631,No,0.00,0.00
id#29,0.9956,8703.09,5657.01,1.0200,8782.60,8785.32,-0.000309,-0.03,1.086762,No,0.00,0.00
id#30,0.9956,6405.44,4163.54,1.0200,6469.24,6472.42,-0.000491,-0.05,1.087650,No,0.00,0.00
id#31,0.9956,7262.04,4720.32,1.0200,7327.22,7329.33,-0.000289,-0.03,1.086589,No,0.00,0.00
id#32,0.9956,4996.00,3247.40,1.0200,5046.67,5049.60,-0.000580,-0.06,1.087846,No,0.00,0.00
id#33,0.9956,6881.48,4472.96,1.0200,6952.63,6958.26,-0.000808,-0.08,1.088059,No,0.00,0.00
id#34,0.9956,4381.94,2848.26,1.0200,4421.92,4423.28,-0.000307,-0.03,1.086750,No,0.00,0.00
id#35,0.9956,8067.29,5243.74,1.0200,8150.53,8160.01,-0.001162,-0.12,1.088035,No,0.00,0.00
id#36,0.9956,7943.91,5163.54,1.0200,8023.78,8028.05,-0.000532,-0.05,1.087751,No,0.00,0.00
id#37,0.9956,8881.05,5772.68,1.0200,8973.07,8981.57,-0.000946,-0.09,1.088081,No,0.00,0.00
id#38,0.9956,6073.16,3947.56,1.0200,6135.94,6140.85,-0.000799,-0.08,1.088055,No,0.00,0.00
id#39,0.9956,7608.77,4945.70,1.0200,7675.18,7677.20,-0.000263,-0.03,1.086322,No,0.00,0.00
id#40,0.9956,4901.44,3185.94,1.0200,4952.21,4956.58,-0.000882,-0.09,1.088078,No,0.00,0.00
id#41,0.9956,8129.33,5284.07,1.0200,8212.06,8224.03,-0.001456,-0.15,1.087882,No,0.00,0.00
id#42,0.9956,6715.35,4364.98,1.0200,6784.93,6791.21,-0.000925,-0.09,1.088081,No,0.00,0.00
id#43,0.9956,6168.78,4009.70,1.0200,6229.43,6232.21,-0.000447,-0.04,1.087512,No,0.00,0.00
id#44,0.9956,6335.17,4117.86,1.0200,6393.02,6395.00,-0.000308,-0.03,1.086758,No,0.00,0.00
id#45,0.9956,6946.33,4515.11,1.0200,7012.69,7015.34,-0.000377,-0.04,1.087212,No,0.00,0.00
id#46,0.9956,8220.60,5343.39,1.0200,8301.31,8304.98,-0.000442,-0.04,1.087496,No,0.00,0.00
id#47,0.9956,6941.39,4511.90,1.0200,7003.26,7005.23,-0.000282,-0.03,1.086521,No,0.00,0.00
id#48,0.9956,6201.58,4031.03,1.0200,6265.55,6272.90,-0.001172,-0.12,1.088031,No,0.00,0.00
id#49,0.9956,5368.69,3489.65,1.0200,5420.67,5422.88,-0.000406,-0.04,1.087350,No,0.00,0.00
id#50,0.9956,7069.63,4595.26,1.0200,7141.41,7145.60,-0.000587,-0.06,1.087858,No,0.00,0.00
id#51,0.9956,8005.57,5203.62,1.0200,8087.78,8098.15,-0.001281,-0.13,1.087982,No,0.00,0.00
id#52,0.9956,4606.23,2994.05,1.0200,4650.43,4652.23,-0.000386,-0.04,1.087258,No,0.00,0.00
id#53,0.9956,5713.34,3713.67,1.0200,5766.05,5767.90,-0.000321,-0.03,1.086857,No,0.00,0.00
id#54,0.9956,5933.45,3856.75,1.0200,5992.23,5995.05,-0.000471,-0.05,1.087591,No,0.00,0.00
id#55,0.9956,5696.84,3702.94,1.0200,5755.64,5762.27,-0.001149,-0.11,1.088040,No,0.00,0.00
id#56,0.9956,6394.20,4156.23,1.0200,6453.79,6455.95,-0.000335,-0.03,1.086958,No,0.00,0.00
id#57,0.9956,4231.44,2750.44,1.0200,4275.28,4279.32,-0.000943,-0.09,1.088081,No,0.00,0.00
id#58,0.9956,8166.72,5308.37,1.0200,8246.48,8250.01,-0.000428,-0.04,1.087441,No,0.00,0.00
id#59,0.9956,4297.55,2793.41,1.0200,4339.15,4340.91,-0.000406,-0.04,1.087349,No,0.00,0.00
id#60,0.9956,5414.94,3519.71,1.0200,5466.31,5468.30,-0.000364,-0.04,1.087139,No,0.00,0.00
id#61,0.9956,6201.61,4031.04,1.0200,6264.33,6267.86,-0.000563,-0.06,1.087816,No,0.00,0.00
id#62,0.9956,4481.62,2913.05,1.0200,4524.87,4526.68,-0.000399,-0.04,1.087318,No,0.00,0.00
id#63,0.9956,4052.48,2634.11,1.0200,4092.39,4094.23,-0.000451,-0.05,1.087527,No,0.00,0.00
id#64,0.9956,6141.05,3991.68,1.0200,6204.50,6209.38,-0.000785,-0.08,1.088050,No,0.00,0.00
id#65,0.9956,6390.14,4153.59,1.0200,6456.33,6462.06,-0.000886,-0.09,1.088078,No,0.00,0.00
id#66,0.9956,3865.10,2512.32,1.0200,3899.60,3900.71,-0.000283,-0.03,1.086535,No,0.00,0.00
id#67,0.9956,5851.50,3803.48,1.0200,5902.49,5904.03,-0.000261,-0.03,1.086306,No,0.00,0.00
id#68,0.9956,6879.60,4471.74,1.0200,6947.42,6950.58,-0.000455,-0.05,1.087539,No,0.00,0.00
id#69,0.9956,8748.16,5686.31,1.0200,8837.23,8842.59,-0.000606,-0.06,1.087888,No,0.00,0.00
id#70,0.9956,3729.78,2424.35,1.0200,3763.67,3764.81,-0.000303,-0.03,1.086709,No,0.00,0.00
id#71,0.9956,8306.80,5399.42,1.0200,8391.39,8403.52,-0.001443,-0.14,1.087890,No,0.00,0.00
id#72,0.9956,6977.77,4535.55,1.0200,7048.36,7052.34,-0.000564,-0.06,1.087817,No,0.00,0.00
id#73,0.9956,4554.67,2960.54,1.0200,4600.71,4603.29,-0.000560,-0.06,1.087809,No,0.00,0.00
id#74,0.9956,5842.56,3797.66,1.0200,5902.49,5910.21,-0.001307,-0.13,1.087969,No,0.00,0.00
id#75,0.9956,5395.45,3507.05,1.0200,5447.74,5449.97,-0.000408,-0.04,1.087360,No,0.00,0.00
id#76,0.9956,4908.78,3190.71,1.0200,4953.86,4955.42,-0.000315,-0.03,1.086812,No,0.00,0.00
id#77,0.9956,4478.86,2911.26,1.0200,4521.25,4522.88,-0.000360,-0.04,1.087115,No,0.00,0.00
id#78,0.9956,7309.19,4750.98,1.0200,7381.07,7384.38,-0.000447,-0.04,1.087514,No,0.00,0.00
id#79,0.9956,9559.08,6213.40,1.0200,9657.95,9665.81,-0.000814,-0.08,1.088061,No,0.00,0.00
id#80,0.9956,5220.89,3393.58,1.0200,5272.90,5275.49,-0.000491,-0.05,1.087650,No,0.00,0.00
id#81,0.9956,7194.73,4676.58,1.0200,7261.51,7263.91,-0.000330,-0.03,1.086919,No,0.00,0.00
id#82,0.9956,5612.45,3648.09,1.0200,5667.15,5669.54,-0.000422,-0.04,1.087418,No,0.00,0.00
id#83,0.9956,4760.32,3094.21,1.0200,4802.62,4803.96,-0.000279,-0.03,1.086493,No,0.00,0.00
id#84,0.9956,9318.50,6057.02,1.0200,9403.50,9406.39,-0.000307,-0.03,1.086747,No,0.00,0.00
id#85,0.9956,3781.47,2457.96,1.0200,3820.19,3822.68,-0.000653,-0.07,1.087948,No,0.00,0.00
id#86,0.9956,5669.07,3684.90,1.0200,5727.24,5734.70,-0.001302,-0.13,1.087972,No,0.00,0.00
id#87,0.9956,9506.49,6179.22,1.0200,9594.68,9597.83,-0.000329,-0.03,1.086913,No,0.00,0.00
id#88,0.9956,6755.88,4391.32,1.0200,6819.64,6822.07,-0.000355,-0.04,1.087088,No,0.00,0.00
id#89,0.9956,6381.01,4147.65,1.0200,6447.12,6453.08,-0.000924,-0.09,1.088081,No,0.00,0.00
id#90,0.9956,7387.27,4801.73,1.0200,7452.77,7454.83,-0.000277,-0.03,1.086471,No,0.00,0.00
id#91,0.9956,5894.32,3831.31,1.0200,5949.58,5951.63,-0.000344,-0.03,1.087019,No,0.00,0.00
id#92,0.9956,5935.95,3858.37,1.0200,5995.75,5998.99,-0.000541,-0.05,1.087771,No,0.00,0.00
id#93,0.9956,9327.77,6063.05,1.0200,9415.10,9418.33,-0.000342,-0.03,1.087006,No,0.00,0.00
id#94,0.9956,4083.00,2653.95,1.0200,4119.01,4120.13,-0.000272,-0.03,1.086420,No,0.00,0.00
id#95,0.9956,8565.32,5567.46,1.0200,8644.22,8646.98,-0.000319,-0.03,1.086843,No,0.00,0.00
id#96,0.9956,4268.81,2774.73,1.0200,4312.11,4314.62,-0.000580,-0.06,1.087847,No,0.00,0.00
id#97,0.9956,7786.32,5061.11,1.0200,7864.43,7868.52,-0.000520,-0.05,1.087726,No,0.00,0.00
id#98,0.9956,6300.33,4095.22,1.0200,6364.62,6368.58,-0.000623,-0.06,1.087911,No,0.00,0.00
id#99,0.9956,6169.15,4009.95,1.0200,6232.21,6236.18,-0.000638,-0.06,1.087930,No,0.00,0.00
id#100,0.9956,3393.99,2206.09,1.0200,3426.00,3427.21,-0.000354,-0.04,1.087079,No,0.00,0.00
id#101,0.9956,5899.70,3834.80,1.0200,5957.67,5960.33,-0.000445,-0.04,1.087506,No,0.00,0.00
id#102,0.9956,7754.85,5040.65,1.0200,7827.67,7830.39,-0.000347,-0.03,1.087036,No,0.00,0.00
id#103,0.9956,7637.32,4964.26,1.0200,7713.93,7717.95,-0.000521,-0.05,1.087726,No,0.00,0.00
id#104,0.9956,6837.00,4444.05,1.0200,6904.23,6907.31,-0.000447,-0.04,1.087512,No,0.00,0.00
id#105,0.9956,5152.62,3349.20,1.0200,5205.97,5210.44,-0.000857,-0.09,1.088073,No,0.00,0.00
id#106,0.9956,8571.18,5571.26,1.0200,8650.60,8653.43,-0.000327,-0.03,1.086903,No,0.00,0.00
id#107,0.9956,7590.58,4933.88,1.0200,7665.57,7669.11,-0.000462,-0.05,1.087562,No,0.00,0.00
id#108,0.9956,5538.17,3599.81,1.0200,5588.60,5590.30,-0.000305,-0.03,1.086729,No,0.00,0.00
id#109,0.9956,5298.34,3443.92,1.0200,5353.02,5357.09,-0.000760,-0.08,1.088037,No,0.00,0.00
id#110,0.9956,5787.16,3761.65,1.0200,5844.98,5847.93,-0.000503,-0.05,1.087684,No,0.00,0.00
id#111,0.9956,6261.13,4069.74,1.0200,6325.33,6329.55,-0.000668,-0.07,1.087964,No,0.00,0.00
id#112,0.9956,6727.64,4372.96,1.0200,6791.81,6794.35,-0.000374,-0.04,1.087195,No,0.00,0.00
id#113,0.9956,6984.33,4539.81,1.0200,7055.72,7060.23,-0.000639,-0.06,1.087932,No,0.00,0.00
id#114,0.9956,6720.57,4368.37,1.0200,6789.96,6795.19,-0.000769,-0.08,1.088042,No,0.00,0.00
id#115,0.9956,4620.38,3003.25,1.0200,4662.96,4664.45,-0.000320,-0.03,1.086847,No,0.00,0.00
id#116,0.9956,5816.84,3780.95,1.0200,5877.06,5883.14,-0.001033,-0.10,1.088072,No,0.00,0.00
id#117,0.9956,6001.74,3901.13,1.0200,6063.07,6066.92,-0.000636,-0.06,1.087928,No,0.00,0.00
id#118,0.9956,7499.12,4874.43,1.0200,7574.79,7578.95,-0.000549,-0.05,1.087789,No,0.00,0.00
id#119,0.9956,5696.40,3702.66,1.0200,5755.32,5761.53,-0.001077,-0.11,1.088062,No,0.00,0.00
id#120,0.9956,4007.95,2605.16,1.0200,4044.18,4045.38,-0.000297,-0.03,1.086660,No,0.00,0.00
id#121,0.9956,5812.76,3778.29,1.0200,5863.98,5865.57,-0.000271,-0.03,1.086412,No,0.00,0.00
id#122,0.9956,6315.58,4105.12,1.0200,6375.47,6377.79,-0.000364,-0.04,1.087137,No,0.00,0.00
id#123,0.9956,5705.04,3708.27,1.0200,5763.70,5767.75,-0.000703,-0.07,1.087997,No,0.00,0.00
id#124,0.9956,7106.49,4619.22,1.0200,7178.95,7183.39,-0.000618,-0.06,1.087904,No,0.00,0.00
id#125,0.9956,8300.07,5395.05,1.0200,8373.32,8375.61,-0.000273,-0.03,1.086427,No,0.00,0.00
id#126,0.9956,5527.27,3592.73,1.0200,5582.76,5585.69,-0.000524,-0.05,1.087734,No,0.00,0.00
id#127,0.9956,5027.99,3268.19,1.0200,5079.03,5082.01,-0.000586,-0.06,1.087856,No,0.00,0.00
id#128,0.9956,7703.60,5007.34,1.0200,7782.15,7793.22,-0.001420,-0.14,1.087905,No,0.00,0.00
id#129,0.9956,3944.68,2564.04,1.0200,3985.15,3987.83,-0.000673,-0.07,1.087970,No,0.00,0.00
id#130,0.9956,6087.35,3956.78,1.0200,6149.38,6153.16,-0.000613,-0.06,1.087898,No,0.00,0.00
id#131,0.9956,6772.93,4402.41,1.0200,6835.90,6838.17,-0.000332,-0.03,1.086936,No,0.00,0.00
id#132,0.9956,8232.45,5351.09,1.0200,8304.00,8306.16,-0.000259,-0.03,1.086283,No,0.00,0.00
id#133,0.9956,6045.27,3929.42,1.0200,6106.93,6115.58,-0.001414,-0.14,1.087908,No,0.00,0.00
id#134,0.9956,3564.52,2316.94,1.0200,3595.71,3596.67,-0.000265,-0.03,1.086347,No,0.00,0.00
id#135,0.9956,5388.85,3502.75,1.0200,5436.32,5437.79,-0.000271,-0.03,1.086409,No,0.00,0.00
id#136,0.9956,5707.27,3709.72,1.0200,5766.38,5772.14,-0.000996,-0.10,1.088078,No,0.00,0.00
id#137,0.9956,6088.37,3957.44,1.0200,6142.23,6143.92,-0.000275,-0.03,1.086450,No,0.00,0.00
id#138,0.9956,9342.67,6072.73,1.0200,9439.02,9446.09,-0.000748,-0.07,1.088030,No,0.00,0.00
id#139,0.9956,5539.20,3600.48,1.0200,5596.53,5601.23,-0.000840,-0.08,1.088069,No,0.00,0.00
id#140,0.9956,5344.90,3474.19,1.0200,5399.86,5403.65,-0.000702,-0.07,1.087996,No,0.00,0.00
id#141,0.9956,4767.94,3099.16,1.0200,4813.21,4814.98,-0.000366,-0.04,1.087149,No,0.00,0.00
id#142,0.9956,6594.85,4286.65,1.0200,6659.09,6661.89,-0.000421,-0.04,1.087414,No,0.00,0.00
id#143,0.9956,6610.32,4296.71,1.0200,6676.67,6680.16,-0.000523,-0.05,1.087732,No,0.00,0.00
id#144,0.9956,6971.01,4531.15,1.0200,7032.18,7034.06,-0.000267,-0.03,1.086373,No,0.00,0.00
id#145,0.9956,4752.85,3089.36,1.0200,4798.68,4800.58,-0.000396,-0.04,1.087307,No,0.00,0.00
id#146,0.9956,7849.72,5102.32,1.0200,7924.33,7927.25,-0.000368,-0.04,1.087159,No,0.00,0.00
id#147,0.9956,6214.90,4039.68,1.0200,6279.28,6285.41,-0.000975,-0.10,1.088080,No,0.00,0.00
id#148,0.9956,4656.26,3026.57,1.0200,4699.54,4701.10,-0.000331,-0.03,1.086932,No,0.00,0.00
id#149,0.9956,6271.53,4076.50,1.0200,6336.40,6341.56,-0.000814,-0.08,1.088061,No,0.00,0.00
id#150,0.9956,6100.54,3965.35,1.0200,6161.07,6164.00,-0.000476,-0.05,1.087609,No,0.00,0.00
id#151,0.9956,8734.82,5677.63,1.0200,8824.54,8830.63,-0.000689,-0.07,1.087985,No,0.00,0.00
id#152,0.9956,5431.17,3530.26,1.0200,5487.22,5491.41,-0.000763,-0.08,1.088039,No,0.00,0.00
id#153,0.9956,6377.63,4145.46,1.0200,6440.30,6443.17,-0.000445,-0.04,1.087506,No,0.00,0.00
id#154,0.9956,6602.12,4291.38,1.0200,6663.92,6666.20,-0.000342,-0.03,1.087003,No,0.00,0.00
id#155,0.9956,5154.11,3350.17,1.0200,5202.85,5204.72,-0.000359,-0.04,1.087108,No,0.00,0.00
id#156,0.9956,8448.08,5491.25,1.0200,8528.23,8531.34,-0.000365,-0.04,1.087141,No,0.00,0.00
id#157,0.9956,4984.09,3239.66,1.0200,5034.93,5038.05,-0.000620,-0.06,1.087908,No,0.00,0.00
id#158,0.9956,7071.01,4596.16,1.0200,7144.23,7151.50,-0.001016,-0.10,1.088075,No,0.00,0.00
id#159,0.9956,5121.03,3328.67,1.0200,5173.14,5176.25,-0.000601,-0.06,1.087880,No,0.00,0.00
id#160,0.9956,5420.78,3523.51,1.0200,5476.77,5481.05,-0.000781,-0.08,1.088048,No,0.00,0.00
id#161,0.9956,8473.19,5507.57,1.0200,8551.70,8554.49,-0.000327,-0.03,1.086901,No,0.00,0.00
id#162,0.9956,6037.38,3924.30,1.0200,6099.53,6103.92,-0.000718,-0.07,1.088009,No,0.00,0.00
id#163,0.9956,4642.54,3017.65,1.0200,4689.63,4692.36,-0.000581,-0.06,1.087847,No,0.00,0.00
id#164,0.9956,8565.60,5567.64,1.0200,8642.88,8645.43,-0.000294,-0.03,1.086639,No,0.00,0.00
id#165,0.9956,6221.36,4043.89,1.0200,6285.81,6291.97,-0.000979,-0.10,1.088080,No,0.00,0.00
id#166,0.9956,7479.66,4861.78,1.0200,7549.93,7552.56,-0.000348,-0.03,1.087041,No,0.00,0.00
id#167,0.9956,6804.85,4423.15,1.0200,6866.36,6868.40,-0.000297,-0.03,1.086658,No,0.00,0.00
id#168,0.9956,8956.08,5821.45,1.0200,9048.21,9054.62,-0.000708,-0.07,1.088002,No,0.00,0.00
id#169,0.9956,8308.16,5400.31,1.0200,8394.06,8403.26,-0.001095,-0.11,1.088057,No,0.00,0.00
id#170,0.9956,5001.89,3251.23,1.0200,5045.66,5046.99,-0.000265,-0.03,1.086345,No,0.00,0.00
id#171,0.9956,8151.72,5298.62,1.0200,8231.80,8235.46,-0.000444,-0.04,1.087502,No,0.00,0.00
id#172,0.9956,7526.03,4891.92,1.0200,7596.04,7598.57,-0.000333,-0.03,1.086941,No,0.00,0.00
id#173,0.9956,4085.33,2655.46,1.0200,4121.67,4122.82,-0.000280,-0.03,1.086503,No,0.00,0.00
id#174,0.9956,6237.97,4054.68,1.0200,6292.06,6293.68,-0.000258,-0.03,1.086262,No,0.00,0.00
id#175,0.9956,6581.14,4277.74,1.0200,6644.99,6647.72,-0.000411,-0.04,1.087372,No,0.00,0.00
id#176,0.9956,5014.60,3259.49,1.0200,5063.10,5065.14,-0.000403,-0.04,1.087338,No,0.00,0.00
id#177,0.9956,5160.04,3354.03,1.0200,5206.48,5208.00,-0.000292,-0.03,1.086615,No,0.00,0.00
id#178,0.9956,7492.67,4870.23,1.0200,7568.93,7573.50,-0.000604,-0.06,1.087884,No,0.00,0.00
id#179,0.9956,7633.38,4961.70,1.0200,7712.35,7718.70,-0.000823,-0.08,1.088064,No,0.00,0.00
id#180,0.9956,7641.83,4967.19,1.0200,7717.64,7721.32,-0.000476,-0.05,1.087607,No,0.00,0.00
id#181,0.9956,3359.99,2184.00,1.0200,3391.16,3392.27,-0.000329,-0.03,1.086912,No,0.00,0.00
id#182,0.9956,7243.08,4708.00,1.0200,7317.62,7326.65,-0.001232,-0.12,1.088006,No,0.00,0.00
id#183,0.9956,7424.45,4825.89,1.0200,7491.56,7493.79,-0.000297,-0.03,1.086658,No,0.00,0.00
id#184,0.9956,6511.85,4232.70,1.0200,6578.83,6583.49,-0.000707,-0.07,1.088000,No,0.00,0.00
id#185,0.9956,3629.07,2358.90,1.0200,3661.60,3662.65,-0.000287,-0.03,1.086575,No,0.00,0.00
id#186,0.9956,5026.54,3267.25,1.0200,5075.05,5077.08,-0.000398,-0.04,1.087316,No,0.00,0.00
id#187,0.9956,7152.70,4649.25,1.0200,7226.81,7233.72,-0.000956,-0.10,1.088081,No,0.00,0.00
id#188,0.9956,5466.63,3553.31,1.0200,5522.76,5529.87,-0.001286,-0.13,1.087979,No,0.00,0.00
id#189,0.9956,5125.80,3331.77,1.0200,5178.56,5184.92,-0.001225,-0.12,1.088009,No,0.00,0.00
id#190,0.9956,4318.96,2807.32,1.0200,4362.54,4364.95,-0.000551,-0.06,1.087792,No,0.00,0.00
id#191,0.9956,5179.14,3366.44,1.0200,5225.00,5226.44,-0.000276,-0.03,1.086459,No,0.00,0.00
id#192,0.9956,6855.22,4455.89,1.0200,6926.24,6932.54,-0.000909,-0.09,1.088080,No,0.00,0.00
id#193,0.9956,3080.34,2002.22,1.0200,3108.19,3109.12,-0.000297,-0.03,1.086661,No,0.00,0.00
id#194,0.9956,5432.64,3531.22,1.0200,5484.52,5486.58,-0.000376,-0.04,1.087206,No,0.00,0.00
id#195,0.9956,7660.40,4979.26,1.0200,7735.92,7739.45,-0.000455,-0.05,1.087541,No,0.00,0.00
id#196,0.9956,7581.66,4928.08,1.0200,7659.57,7664.89,-0.000694,-0.07,1.087990,No,0.00,0.00
id#197,0.9956,7603.63,4942.36,1.0200,7680.01,7684.05,-0.000527,-0.05,1.087741,No,0.00,0.00
id#198,0.9956,3979.95,2586.97,1.0200,4021.03,4024.10,-0.000764,-0.08,1.088039,No,0.00,0.00
id#199,0.9956,5211.91,3387.74,1.0200,5265.07,5268.33,-0.000619,-0.06,1.087906,No,0.00,0.00
id#200,0.9956,6449.00,4191.85,1.0200,6510.78,6513.27,-0.000383,-0.04,1.087239,No,0.00,0.00
id#201,0.9956,9046.60,5880.29,1.0200,9133.82,9137.44,-0.000396,-0.04,1.087305,No,0.00,0.00
id#202,0.9956,6380.22,4147.14,1.0200,6440.32,6442.59,-0.000352,-0.04,1.087068,No,0.00,0.00
id#203,0.9956,5934.61,3857.50,1.0200,5986.90,5988.52,-0.000271,-0.03,1.086411,No,0.00,0.00
id#204,0.9956,3655.16,2375.85,1.0200,3688.33,3689.44,-0.000301,-0.03,1.086698,No,0.00,0.00
id#205,0.9956,8996.64,5847.82,1.0200,9075.75,9078.19,-0.000269,-0.03,1.086392,No,0.00,0.00
id#206,0.9956,7987.11,5191.62,1.0200,8069.76,8076.50,-0.000835,-0.08,1.088068,No,0.00,0.00
id#207,0.9956,5702.99,3706.94,1.0200,5758.67,5761.13,-0.000427,-0.04,1.087438,No,0.00,0.00
id#208,0.9956,8373.24,5442.61,1.0200,8456.34,8460.38,-0.000477,-0.05,1.087611,No,0.00,0.00
id#209,0.9956,5856.80,3806.92,1.0200,5917.44,5923.52,-0.001026,-0.10,1.088073,No,0.00,0.00
id#210,0.9956,7842.49,5097.62,1.0200,7914.75,7917.28,-0.000320,-0.03,1.086846,No,0.00,0.00
id#211,0.9956,6487.88,4217.12,1.0200,6551.43,6554.28,-0.000435,-0.04,1.087470,No,0.00,0.00
id#212,0.9956,5584.18,3629.72,1.0200,5636.63,5638.59,-0.000347,-0.03,1.087038,No,0.00,0.00
id#213,0.9956,4326.08,2811.95,1.0200,4366.50,4367.98,-0.000339,-0.03,1.086983,No,0.00,0.00
id#214,0.9956,3317.89,2156.63,1.0200,3351.56,3353.52,-0.000584,-0.06,1.087853,No,0.00,0.00
id#215,0.9956,3903.26,2537.12,1.0200,3941.99,3943.87,-0.000477,-0.05,1.087609,No,0.00,0.00
id#216,0.9956,9597.93,6238.65,1.0200,9689.89,9693.61,-0.000383,-0.04,1.087242,No,0.00,0.00
id#217,0.9956,6626.26,4307.07,1.0200,6694.10,6703.12,-0.001346,-0.13,1.087948,No,0.00,0.00
id#218,0.9956,5695.28,3701.93,1.0200,5749.92,5752.13,-0.000386,-0.04,1.087255,No,0.00,0.00
id#219,0.9956,6908.88,4490.77,1.0200,6978.78,6982.71,-0.000564,-0.06,1.087817,No,0.00,0.00
id#220,0.9956,5288.24,3437.35,1.0200,5342.34,5349.60,-0.001358,-0.14,1.087941,No,0.00,0.00
id#221,0.9956,5931.63,3855.56,1.0200,5989.67,5992.26,-0.000433,-0.04,1.087460,No,0.00,0.00
id#222,0.9956,6820.78,4433.51,1.0200,6890.53,6894.94,-0.000641,-0.06,1.087934,No,0.00,0.00
id#223,0.9956,5178.70,3366.15,1.0200,5230.31,5232.89,-0.000493,-0.05,1.087655,No,0.00,0.00
id#224,0.9956,7406.39,4814.15,1.0200,7481.60,7492.77,-0.001490,-0.15,1.087860,No,0.00,0.00
id#225,0.9956,6836.54,4443.75,1.0200,6901.42,6903.94,-0.000365,-0.04,1.087143,No,0.00,0.00
id#226,0.9956,5955.94,3871.36,1.0200,6017.49,6022.26,-0.000792,-0.08,1.088052,No,0.00,0.00
id#227,0.9956,8974.14,5833.19,1.0200,9067.11,9075.90,-0.000968,-0.10,1.088080,No,0.00,0.00
id#228,0.9956,7350.51,4777.83,1.0200,7417.61,7419.89,-0.000308,-0.03,1.086753,No,0.00,0.00
id#229,0.9956,6476.71,4209.86,1.0200,6541.74,6545.17,-0.000524,-0.05,1.087735,No,0.00,0.00
id#230,0.9956,6488.30,4217.40,1.0200,6555.44,6560.88,-0.000830,-0.08,1.088066,No,0.00,0.00
id#231,0.9956,7927.83,5153.09,1.0200,8009.16,8014.57,-0.000675,-0.07,1.087971,No,0.00,0.00
id#232,0.9956,5823.91,3785.54,1.0200,5879.63,5881.87,-0.000380,-0.04,1.087227,No,0.00,0.00
id#233,0.9956,6013.69,3908.90,1.0200,6075.99,6081.51,-0.000907,-0.09,1.088080,No,0.00,0.00
id#234,0.9956,7557.92,4912.65,1.0200,7627.53,7629.96,-0.000319,-0.03,1.086841,No,0.00,0.00
id#235,0.9956,7666.62,4983.30,1.0200,7745.88,7754.37,-0.001095,-0.11,1.088057,No,0.00,0.00
id#236,0.9956,6131.18,3985.27,1.0200,6193.96,6198.01,-0.000654,-0.07,1.087949,No,0.00,0.00
id#237,0.9956,7202.95,4681.92,1.0200,7277.09,7286.03,-0.001227,-0.12,1.088008,No,0.00,0.00
id#238,0.9956,6568.93,4269.80,1.0200,6636.99,6643.38,-0.000962,-0.10,1.088081,No,0.00,0.00
id#239,0.9956,6727.95,4373.17,1.0200,6789.36,6791.45,-0.000308,-0.03,1.086754,No,0.00,0.00
id#240,0.9956,7130.36,4634.74,1.0200,7192.95,7194.87,-0.000268,-0.03,1.086375,No,0.00,0.00
id#241,0.9956,7082.40,4603.56,1.0200,7152.05,7155.25,-0.000447,-0.04,1.087514,No,0.00,0.00
id#242,0.9956,5194.90,3376.69,1.0200,5243.78,5245.61,-0.000350,-0.04,1.087055,No,0.00,0.00
id#243,0.9956,5724.39,3720.86,1.0200,5777.59,5779.51,-0.000331,-0.03,1.086931,No,0.00,0.00
id#244,0.9956,8429.87,5479.41,1.0200,8507.49,8510.20,-0.000319,-0.03,1.086839,No,0.00,0.00
id#245,0.9956,7335.34,4767.97,1.0200,7410.32,7420.53,-0.001377,-0.14,1.087930,No,0.00,0.00
id#246,0.9956,5608.02,3645.22,1.0200,5662.84,5665.27,-0.000430,-0.04,1.087449,No,0.00,0.00
id#247,0.9956,6777.64,4405.46,1.0200,6836.31,6838.07,-0.000256,-0.03,1.086247,No,0.00,0.00
id#248,0.9956,7488.56,4867.56,1.0200,7557.14,7559.50,-0.000312,-0.03,1.086786,No,0.00,0.00
id#249,0.9956,8374.25,5443.26,1.0200,8460.62,8466.97,-0.000750,-0.07,1.088031,No,0.00,0.00
id#250,0.9956,8006.96,5204.52,1.0200,8085.06,8088.49,-0.000424,-0.04,1.087427,No,0.00,0.00
id#251,0.9956,6149.14,3996.94,1.0200,6210.58,6213.71,-0.000503,-0.05,1.087684,No,0.00,0.00
id#252,0.9956,6780.09,4407.06,1.0200,6849.05,6853.16,-0.000599,-0.06,1.087876,No,0.00,0.00
id#253,0.9956,7610.26,4946.67,1.0200,7680.60,7683.09,-0.000324,-0.03,1.086877,No,0.00,0.00
id#254,0.9956,6825.25,4436.41,1.0200,6890.76,6893.42,-0.000387,-0.04,1.087259,No,0.00,0.00
id#255,0.9956,4243.25,2758.12,1.0200,4281.72,4283.00,-0.000300,-0.03,1.086684,No,0.00,0.00
id#256,0.9956,7500.52,4875.34,1.0200,7567.48,7569.63,-0.000284,-0.03,1.086538,No,0.00,0.00
id#257,0.9956,8921.96,5799.28,1.0200,9002.51,9005.16,-0.000295,-0.03,1.086645,No,0.00,0.00
id#258,0.9956,4271.11,2776.22,1.0200,4314.95,4317.89,-0.000680,-0.07,1.087977,No,0.00,0.00
id#259,0.9956,4922.45,3199.59,1.0200,4966.00,4967.36,-0.000275,-0.03,1.086450,No,0.00,0.00
id#260,0.9956,6597.50,4288.38,1.0200,6656.75,6658.68,-0.000290,-0.03,1.086594,No,0.00,0.00
id#261,0.9956,5403.44,3512.23,1.0200,5454.11,5455.99,-0.000345,-0.03,1.087022,No,0.00,0.00
id#262,0.9956,5853.59,3804.83,1.0200,5910.28,5912.69,-0.000407,-0.04,1.087354,No,0.00,0.00
id#263,0.9956,7133.56,4636.81,1.0200,7206.86,7211.85,-0.000693,-0.07,1.087989,No,0.00,0.00
id#264,0.9956,8021.73,5214.13,1.0200,8102.81,8107.34,-0.000559,-0.06,1.087808,No,0.00,0.00
id#265,0.9956,6209.50,4036.18,1.0200,6271.09,6274.07,-0.000475,-0.05,1.087605,No,0.00,0.00
id#266,0.9956,4444.90,2889.19,1.0200,4486.54,4488.08,-0.000343,-0.03,1.087010,No,0.00,0.00
id#267,0.9956,4893.47,3180.75,1.0200,4942.17,4944.58,-0.000488,-0.05,1.087641,No,0.00,0.00
id#268,0.9956,8342.74,5422.78,1.0200,8426.89,8431.50,-0.000547,-0.05,1.087785,No,0.00,0.00
id#269,0.9956,5366.77,3488.40,1.0200,5416.80,5418.61,-0.000336,-0.03,1.086961,No,0.00,0.00
id#270,0.9956,5342.67,3472.73,1.0200,5395.60,5398.15,-0.000472,-0.05,1.087594,No,0.00,0.00
id#271,0.9956,6362.17,4135.41,1.0200,6426.67,6430.38,-0.000577,-0.06,1.087841,No,0.00,0.00
id#272,0.9956,7942.97,5162.93,1.0200,8018.88,8021.91,-0.000378,-0.04,1.087215,No,0.00,0.00
id#273,0.9956,8750.93,5688.11,1.0200,8827.54,8829.89,-0.000265,-0.03,1.086351,No,0.00,0.00
id#274,0.9956,6682.97,4343.93,1.0200,6751.19,6760.66,-0.001400,-0.14,1.087916,No,0.00,0.00
id#275,0.9956,7302.19,4746.42,1.0200,7376.64,7381.20,-0.000617,-0.06,1.087903,No,0.00,0.00
id#276,0.9956,4662.64,3030.71,1.0200,4704.63,4706.01,-0.000293,-0.03,1.086622,No,0.00,0.00
id#277,0.9956,4642.29,3017.49,1.0200,4688.87,4691.31,-0.000521,-0.05,1.087727,No,0.00,0.00
id#278,0.9956,4222.16,2744.40,1.0200,4261.37,4262.78,-0.000330,-0.03,1.086924,No,0.00,0.00
id#279,0.9956,7419.16,4822.46,1.0200,7495.82,7504.21,-0.001118,-0.11,1.088050,No,0.00,0.00
id#280,0.9956,5148.77,3346.70,1.0200,5198.80,5200.96,-0.000415,-0.04,1.087388,No,0.00,0.00
id#281,0.9956,9027.68,5867.99,1.0200,9111.87,9114.94,-0.000336,-0.03,1.086966,No,0.00,0.00
id#282,0.9956,6308.95,4100.82,1.0200,6368.56,6370.84,-0.000357,-0.04,1.087099,No,0.00,0.00
id#283,0.9956,5769.08,3749.90,1.0200,5827.29,5830.49,-0.000549,-0.05,1.087788,No,0.00,0.00
id#284,0.9956,7463.95,4851.57,1.0200,7531.67,7533.93,-0.000301,-0.03,1.086693,No,0.00,0.00
id#285,0.9956,8177.70,5315.50,1.0200,8258.59,8262.44,-0.000466,-0.05,1.087576,No,0.00,0.00
id#286,0.9956,8541.19,5551.78,1.0200,8615.63,8617.89,-0.000262,-0.03,1.086309,No,0.00,0.00
id#287,0.9956,6891.82,4479.68,1.0200,6962.09,6966.38,-0.000616,-0.06,1.087902,No,0.00,0.00
id#288,0.9956,4893.22,3180.59,1.0200,4939.02,4940.71,-0.000342,-0.03,1.087004,No,0.00,0.00
id#289,0.9956,5719.91,3717.94,1.0200,5777.71,5780.94,-0.000558,-0.06,1.087806,No,0.00,0.00
id#290,0.9956,6411.07,4167.20,1.0200,6468.47,6470.33,-0.000286,-0.03,1.086565,No,0.00,0.00
id#291,0.9956,8912.37,5793.04,1.0200,9001.03,9005.40,-0.000486,-0.05,1.087636,No,0.00,0.00
id#292,0.9956,6024.06,3915.64,1.0200,6081.04,6083.23,-0.000359,-0.04,1.087110,No,0.00,0.00
id#293,0.9956,6539.39,4250.60,1.0200,6604.00,6607.05,-0.000462,-0.05,1.087563,No,0.00,0.00
id#294,0.9956,3712.20,2412.93,1.0200,3749.66,3751.72,-0.000550,-0.06,1.087791,No,0.00,0.00
id#295,0.9956,6901.12,4485.73,1.0200,6966.66,6969.21,-0.000366,-0.04,1.087150,No,0.00,0.00
id#296,0.9956,5737.56,3729.42,1.0200,5797.01,5802.25,-0.000904,-0.09,1.088080,No,0.00,0.00
id#297,0.9956,5667.73,3684.03,1.0200,5722.79,5725.16,-0.000414,-0.04,1.087384,No,0.00,0.00
id#298,0.9956,5881.61,3823.04,1.0200,5936.35,5938.34,-0.000334,-0.03,1.086947,No,0.00,0.00
id#299,0.9956,6179.44,4016.64,1.0200,6235.97,6237.90,-0.000310,-0.03,1.086774,No,0.00,0.00
id#300,0.9956,4450.06,2892.54,1.0200,4495.35,4498.05,-0.000602,-0.06,1.087882,No,0.00,0.00
id#301,0.9956,5793.83,3765.99,1.0200,5850.85,5853.48,-0.000449,-0.04,1.087521,No,0.00,0.00
id#302,0.9956,5855.99,3806.40,1.0200,5911.16,5913.25,-0.000352,-0.04,1.087069,No,0.00,0.00
id#303,0.9956,5035.64,3273.16,1.0200,5086.95,5094.24,-0.001430,-0.14,1.087898,No,0.00,0.00
id#304,0.9956,7243.98,4708.58,1.0200,7314.54,7317.62,-0.000421,-0.04,1.087413,No,0.00,0.00
id#305,0.9956,6181.70,4018.11,1.0200,6242.00,6244.65,-0.000424,-0.04,1.087428,No,0.00,0.00
id#306,0.9956,4701.59,3056.03,1.0200,4749.65,4756.18,-0.001375,-0.14,1.087931,No,0.00,0.00
id#307,0.9956,6675.81,4339.27,1.0200,6744.80,6750.15,-0.000792,-0.08,1.088053,No,0.00,0.00
id#308,0.9956,8099.26,5264.52,1.0200,8178.85,8182.49,-0.000445,-0.04,1.087506,No,0.00,0.00
id#309,0.9956,7409.31,4816.05,1.0200,7485.85,7494.28,-0.001125,-0.11,1.088048,No,0.00,0.00
id#310,0.9956,6281.42,4082.92,1.0200,6344.15,6347.33,-0.000501,-0.05,1.087678,No,0.00,0.00
id#311,0.9956,5911.59,3842.53,1.0200,5964.54,5966.25,-0.000287,-0.03,1.086569,No,0.00,0.00
id#312,0.9956,6342.94,4122.91,1.0200,6407.28,6411.01,-0.000581,-0.06,1.087848,No,0.00,0.00
id#313,0.9956,6672.32,4337.01,1.0200,6733.17,6735.24,-0.000307,-0.03,1.086744,No,0.00,0.00
id#314,0.9956,3993.27,2595.63,1.0200,4034.64,4038.53,-0.000963,-0.10,1.088081,No,0.00,0.00
id#315,0.9956,5228.94,3398.81,1.0200,5282.89,5289.05,-0.001166,-0.12,1.088033,No,0.00,0.00
id#316,0.9956,8632.22,5610.95,1.0200,8713.34,8716.37,-0.000348,-0.03,1.087042,No,0.00,0.00
id#317,0.9956,5649.52,3672.19,1.0200,5704.24,5706.56,-0.000407,-0.04,1.087354,No,0.00,0.00
id#318,0.9956,5035.80,3273.27,1.0200,5079.38,5080.68,-0.000256,-0.03,1.086244,No,0.00,0.00
id#319,0.9956,6510.79,4232.01,1.0200,6577.24,6581.36,-0.000626,-0.06,1.087915,No,0.00,0.00
id#320,0.9956,6399.08,4159.40,1.0200,6465.31,6470.73,-0.000838,-0.08,1.088069,No,0.00,0.00
id#321,0.9956,6711.30,4362.35,1.0200,6770.37,6772.20,-0.000270,-0.03,1.086402,No,0.00,0.00
id#322,0.9956,5616.24,3650.56,1.0200,5673.59,5677.17,-0.000629,-0.06,1.087920,No,0.00,0.00
id#323,0.9956,5207.06,3384.59,1.0200,5255.31,5257.03,-0.000327,-0.03,1.086901,No,0.00,0.00
id#324,0.9956,5378.31,3495.90,1.0200,5434.00,5439.55,-0.001020,-0.10,1.088074,No,0.00,0.00
id#325,0.9956,4137.44,2689.34,1.0200,4179.85,4182.64,-0.000666,-0.07,1.087962,No,0.00,0.00
id#326,0.9956,4812.39,3128.05,1.0200,4854.64,4855.94,-0.000268,-0.03,1.086377,No,0.00,0.00
id#327,0.9956,6543.29,4253.14,1.0200,6602.53,6604.50,-0.000298,-0.03,1.086673,No,0.00,0.00
id#328,0.9956,4516.59,2935.78,1.0200,4558.46,4559.95,-0.000328,-0.03,1.086907,No,0.00,0.00
id#329,0.9956,4804.39,3122.85,1.0200,4853.08,4855.86,-0.000574,-0.06,1.087836,No,0.00,0.00
id#330,0.9956,5577.18,3625.16,1.0200,5631.45,5633.81,-0.000418,-0.04,1.087404,No,0.00,0.00
id#331,0.9956,5972.63,3882.21,1.0200,6029.24,6031.42,-0.000362,-0.04,1.087130,No,0.00,0.00
id#332,0.9956,6897.12,4483.13,1.0200,6967.40,6971.66,-0.000612,-0.06,1.087896,No,0.00,0.00
id#333,0.9956,6748.22,4386.34,1.0200,6817.04,6821.27,-0.000619,-0.06,1.087906,No,0.00,0.00
id#334,0.9956,6347.88,4126.12,1.0200,6413.44,6418.42,-0.000776,-0.08,1.088045,No,0.00,0.00
id#335,0.9956,5302.46,3446.60,1.0200,5357.40,5362.36,-0.000926,-0.09,1.088081,No,0.00,0.00
id#336,0.9956,9445.09,6139.31,1.0200,9540.52,9545.83,-0.000557,-0.06,1.087804,No,0.00,0.00
id#337,0.9956,6741.81,4382.18,1.0200,6805.84,6808.33,-0.000366,-0.04,1.087150,No,0.00,0.00
id#338,0.9956,3901.46,2535.95,1.0200,3936.89,3938.07,-0.000302,-0.03,1.086702,No,0.00,0.00
id#339,0.9956,7969.34,5180.07,1.0200,8043.09,8045.70,-0.000325,-0.03,1.086889,No,0.00,0.00
id#340,0.9956,8399.55,5459.71,1.0200,8473.54,8475.84,-0.000271,-0.03,1.086409,No,0.00,0.00
id#341,0.9956,8107.48,5269.86,1.0200,8183.85,8186.73,-0.000352,-0.04,1.087068,No,0.00,0.00
id#342,0.9956,7308.12,4750.28,1.0200,7378.04,7380.84,-0.000380,-0.04,1.087226,No,0.00,0.00
id#343,0.9956,6732.89,4376.38,1.0200,6802.65,6809.02,-0.000935,-0.09,1.088081,No,0.00,0.00
id#344,0.9956,6989.52,4543.19,1.0200,7057.10,7059.94,-0.000403,-0.04,1.087336,No,0.00,0.00
id#345,0.9956,5120.92,3328.60,1.0200,5165.72,5167.09,-0.000265,-0.03,1.086345,No,0.00,0.00
id#346,0.9956,8117.99,5276.69,1.0200,8200.22,8204.91,-0.000572,-0.06,1.087832,No,0.00,0.00
id#347,0.9956,4422.85,2874.85,1.0200,4468.65,4473.13,-0.001002,-0.10,1.088077,No,0.00,0.00
id#348,0.9956,8259.09,5368.41,1.0200,8344.67,8352.62,-0.000952,-0.10,1.088081,No,0.00,0.00
id#349,0.9956,5220.14,3393.09,1.0200,5271.08,5273.32,-0.000425,-0.04,1.087432,No,0.00,0.00
id#350,0.9956,4481.60,2913.04,1.0200,4525.12,4526.99,-0.000413,-0.04,1.087381,No,0.00,0.00
id#351,0.9956,4918.78,3197.21,1.0200,4969.69,4974.93,-0.001055,-0.11,1.088067,No,0.00,0.00
id#352,0.9956,5126.74,3332.38,1.0200,5179.07,5186.35,-0.001404,-0.14,1.087914,No,0.00,0.00
id#353,0.9956,6154.04,4000.13,1.0200,6212.18,6214.40,-0.000357,-0.04,1.087097,No,0.00,0.00
id#354,0.9956,6214.83,4039.64,1.0200,6279.07,6284.06,-0.000795,-0.08,1.088054,No,0.00,0.00
id#355,0.9956,4660.98,3029.64,1.0200,4705.85,4707.70,-0.000393,-0.04,1.087289,No,0.00,0.00
id#356,0.9956,6527.00,4242.55,1.0200,6587.59,6589.76,-0.000330,-0.03,1.086920,No,0.00,0.00
id#357,0.9956,6170.62,4010.90,1.0200,6227.45,6229.44,-0.000319,-0.03,1.086841,No,0.00,0.00
id#358,0.9956,4630.55,3009.86,1.0200,4677.01,4679.45,-0.000521,-0.05,1.087727,No,0.00,0.00
id#359,0.9956,5401.43,3510.93,1.0200,5452.32,5454.24,-0.000352,-0.04,1.087069,No,0.00,0.00
id#360,0.9956,5300.84,3445.54,1.0200,5348.01,5349.51,-0.000280,-0.03,1.086507,No,0.00,0.00
id#361,0.9956,7251.06,4713.19,1.0200,7322.68,7326.06,-0.000461,-0.05,1.087561,No,0.00,0.00
id#362,0.9956,8695.54,5652.10,1.0200,8785.57,8793.11,-0.000857,-0.09,1.088073,No,0.00,0.00
id#363,0.9956,7986.07,5190.94,1.0200,8057.59,8059.90,-0.000287,-0.03,1.086567,No,0.00,0.00
id#364,0.9956,4703.80,3057.47,1.0200,4745.95,4747.32,-0.000287,-0.03,1.086573,No,0.00,0.00
id#365,0.9956,3771.44,2451.44,1.0200,3804.12,3805.10,-0.000257,-0.03,1.086255,No,0.00,0.00
id#366,0.9956,8773.28,5702.63,1.0200,8853.09,8855.78,-0.000304,-0.03,1.086720,No,0.00,0.00
id#367,0.9956,5424.00,3525.60,1.0200,5471.23,5472.66,-0.000261,-0.03,1.086301,No,0.00,0.00
id#368,0.9956,9496.61,6172.79,1.0200,9590.02,9594.31,-0.000448,-0.04,1.087516,No,0.00,0.00
id#369,0.9956,7237.08,4704.10,1.0200,7311.75,7320.27,-0.001164,-0.12,1.088034,No,0.00,0.00
id#370,0.9956,6415.64,4170.16,1.0200,6482.01,6488.92,-0.001065,-0.11,1.088065,No,0.00,0.00
id#371,0.9956,6518.29,4236.89,1.0200,6585.24,6589.79,-0.000689,-0.07,1.087985,No,0.00,0.00
id#372,0.9956,6876.82,4469.93,1.0200,6947.59,6952.56,-0.000714,-0.07,1.088007,No,0.00,0.00
id#373,0.9956,7068.20,4594.33,1.0200,7140.74,7150.00,-0.001295,-0.13,1.087975,No,0.00,0.00
id#374,0.9956,5439.22,3535.49,1.0200,5491.75,5493.94,-0.000400,-0.04,1.087323,No,0.00,0.00
id#375,0.9956,6588.77,4282.70,1.0200,6654.00,6657.12,-0.000469,-0.05,1.087586,No,0.00,0.00
id#376,0.9956,7155.52,4651.09,1.0200,7229.63,7235.97,-0.000877,-0.09,1.088077,No,0.00,0.00
id#377,0.9956,6268.98,4074.84,1.0200,6333.87,6340.47,-0.001040,-0.10,1.088071,No,0.00,0.00
id#378,0.9956,6615.93,4300.35,1.0200,6684.34,6691.62,-0.001088,-0.11,1.088059,No,0.00,0.00
id#379,0.9956,7557.47,4912.35,1.0200,7633.29,7637.28,-0.000521,-0.05,1.087728,No,0.00,0.00
id#380,0.9956,5212.32,3388.01,1.0200,5264.16,5266.72,-0.000485,-0.05,1.087635,No,0.00,0.00
id#381,0.9956,8772.49,5702.12,1.0200,8850.60,8853.08,-0.000281,-0.03,1.086511,No,0.00,0.00
id#382,0.9956,4634.11,3012.17,1.0200,4676.27,4677.69,-0.000304,-0.03,1.086721,No,0.00,0.00
id#383,0.9956,8578.80,5576.22,1.0200,8661.98,8665.53,-0.000409,-0.04,1.087365,No,0.00,0.00
id#384,0.9956,7208.01,4685.21,1.0200,7280.50,7284.38,-0.000532,-0.05,1.087753,No,0.00,0.00
id#385,0.9956,7363.20,4786.08,1.0200,7439.42,7447.19,-0.001043,-0.10,1.088070,No,0.00,0.00
id#386,0.9956,6966.39,4528.15,1.0200,7032.28,7034.81,-0.000359,-0.04,1.087110,No,0.00,0.00
id#387,0.9956,3920.91,2548.59,1.0200,3956.77,3958.00,-0.000310,-0.03,1.086773,No,0.00,0.00
id#388,0.9956,7857.95,5107.67,1.0200,7935.34,7938.92,-0.000451,-0.05,1.087529,No,0.00,0.00
id#389,0.9956,5959.85,3873.90,1.0200,6011.96,6013.55,-0.000264,-0.03,1.086339,No,0.00,0.00
id#390,0.9956,7977.94,5185.66,1.0200,8060.27,8069.61,-0.001157,-0.12,1.088037,No,0.00,0.00
id#391,0.9956,4117.96,2676.67,1.0200,4159.30,4161.48,-0.000524,-0.05,1.087734,No,0.00,0.00
id#392,0.9956,7124.30,4630.80,1.0200,7197.93,7203.64,-0.000792,-0.08,1.088053,No,0.00,0.00
id#393,0.9956,5335.09,3467.81,1.0200,5388.22,5390.87,-0.000490,-0.05,1.087649,No,0.00,0.00
id#394,0.9956,4890.67,3178.94,1.0200,4939.49,4941.96,-0.000499,-0.05,1.087673,No,0.00,0.00
id#395,0.9956,7535.12,4897.83,1.0200,7613.03,7621.34,-0.001090,-0.11,1.088059,No,0.00,0.00
id#396,0.9956,6983.29,4539.14,1.0200,7053.26,7056.90,-0.000515,-0.05,1.087714,No,0.00,0.00
id#397,0.9956,7418.55,4822.06,1.0200,7495.14,7500.92,-0.000770,-0.08,1.088042,No,0.00,0.00
id#398,0.9956,5540.64,3601.42,1.0200,5595.42,5598.01,-0.000464,-0.05,1.087569,No,0.00,0.00
id#399,0.9956,6328.56,4113.56,1.0200,6389.28,6391.75,-0.000386,-0.04,1.087257,No,0.00,0.00
id#400,0.9956,7679.22,4991.49,1.0200,7746.45,7748.50,-0.000265,-0.03,1.086351,No,0.00,0.00
id#401,0.9956,8417.81,5471.58,1.0200,8500.87,8504.76,-0.000458,-0.05,1.087549,No,0.00,0.00
id#402,0.9956,6025.11,3916.32,1.0200,6087.44,6093.95,-0.001068,-0.11,1.088064,No,0.00,0.00
id#403,0.9956,5675.07,3688.79,1.0200,5730.29,5732.69,-0.000418,-0.04,1.087403,No,0.00,0.00
id#404,0.9956,6222.45,4044.59,1.0200,6279.86,6281.87,-0.000321,-0.03,1.086858,No,0.00,0.00
id#405,0.9956,4295.33,2791.96,1.0200,4338.45,4340.72,-0.000524,-0.05,1.087734,No,0.00,0.00
id#406,0.9956,3360.74,2184.48,1.0200,3394.82,3396.80,-0.000580,-0.06,1.087847,No,0.00,0.00
id#407,0.9956,6409.00,4165.85,1.0200,6474.34,6478.34,-0.000617,-0.06,1.087903,No,0.00,0.00
id#408,0.9956,4863.16,3161.05,1.0200,4912.32,4915.07,-0.000560,-0.06,1.087810,No,0.00,0.00
id#409,0.9956,7234.11,4702.17,1.0200,7304.28,7307.28,-0.000410,-0.04,1.087369,No,0.00,0.00
id#410,0.9956,5938.48,3860.01,1.0200,5999.87,6006.47,-0.001098,-0.11,1.088056,No,0.00,0.00
id#411,0.9956,4554.23,2960.25,1.0200,4593.75,4594.93,-0.000258,-0.03,1.086267,No,0.00,0.00
id#412,0.9956,4782.97,3108.93,1.0200,4828.63,4830.45,-0.000376,-0.04,1.087204,No,0.00,0.00
id#413,0.9956,5928.24,3853.36,1.0200,5989.46,5994.11,-0.000775,-0.08,1.088045,No,0.00,0.00
id#414,0.9956,7063.49,4591.27,1.0200,7129.47,7131.88,-0.000339,-0.03,1.086982,No,0.00,0.00
id#415,0.9956,7816.33,5080.61,1.0200,7897.28,7905.24,-0.001007,-0.10,1.088076,No,0.00,0.00
id#416,0.9956,5514.09,3584.16,1.0200,5569.37,5572.26,-0.000518,-0.05,1.087719,No,0.00,0.00
id#417,0.9956,9310.82,6052.03,1.0200,9398.95,9402.33,-0.000360,-0.04,1.087116,No,0.00,0.00
id#418,0.9956,5212.79,3388.32,1.0200,5266.31,5269.90,-0.000682,-0.07,1.087979,No,0.00,0.00
id#419,0.9956,8911.94,5792.76,1.0200,8995.59,8998.71,-0.000346,-0.03,1.087032,No,0.00,0.00
id#420,0.9956,4161.78,2705.16,1.0200,4201.87,4203.52,-0.000394,-0.04,1.087295,No,0.00,0.00
id#421,0.9956,5090.00,3308.50,1.0200,5142.50,5148.54,-0.001174,-0.12,1.088030,No,0.00,0.00
id#422,0.9956,4276.37,2779.64,1.0200,4313.40,4314.51,-0.000256,-0.03,1.086248,No,0.00,0.00
id#423,0.9956,5511.86,3582.71,1.0200,5568.58,5572.56,-0.000714,-0.07,1.088006,No,0.00,0.00
id#424,0.9956,7201.81,4681.18,1.0200,7274.94,7279.22,-0.000588,-0.06,1.087859,No,0.00,0.00
id#425,0.9956,5952.90,3869.39,1.0200,6012.34,6015.35,-0.000500,-0.05,1.087676,No,0.00,0.00
id#426,0.9956,4578.57,2976.07,1.0200,4625.74,4631.31,-0.001204,-0.12,1.088018,No,0.00,0.00
id#427,0.9956,8455.41,5496.02,1.0200,8541.37,8546.46,-0.000596,-0.06,1.087872,No,0.00,0.00
id#428,0.9956,5440.34,3536.22,1.0200,5490.38,5492.13,-0.000317,-0.03,1.086830,No,0.00,0.00
id#429,0.9956,3759.20,2443.48,1.0200,3797.78,3800.35,-0.000677,-0.07,1.087974,No,0.00,0.00
id#430,0.9956,8276.65,5379.82,1.0200,8357.46,8361.03,-0.000427,-0.04,1.087437,No,0.00,0.00
id#431,0.9956,4464.70,2902.06,1.0200,4503.57,4504.74,-0.000261,-0.03,1.086298,No,0.00,0.00
id#432,0.9956,7875.93,5119.35,1.0200,7948.14,7950.63,-0.000313,-0.03,1.086797,No,0.00,0.00
id#433,0.9956,8772.74,5702.28,1.0200,8851.70,8854.28,-0.000292,-0.03,1.086616,No,0.00,0.00
id#434,0.9956,6089.87,3958.41,1.0200,6152.04,6160.66,-0.001398,-0.14,1.087917,No,0.00,0.00
id#435,0.9956,4527.21,2942.69,1.0200,4570.99,4572.83,-0.000403,-0.04,1.087337,No,0.00,0.00
id#436,0.9956,6100.67,3965.44,1.0200,6162.99,6171.56,-0.001388,-0.14,1.087923,No,0.00,0.00
id#437,0.9956,9381.64,6098.06,1.0200,9478.74,9488.68,-0.001048,-0.10,1.088069,No,0.00,0.00
id#438,0.9956,4867.26,3163.72,1.0200,4909.78,4911.08,-0.000264,-0.03,1.086331,No,0.00,0.00
id#439,0.9956,7240.22,4706.14,1.0200,7310.21,7313.15,-0.000402,-0.04,1.087333,No,0.00,0.00
id#440,0.9956,6754.88,4390.67,1.0200,6814.56,6816.43,-0.000274,-0.03,1.086438,No,0.00,0.00
id#441,0.9956,5021.16,3263.75,1.0200,5073.06,5077.10,-0.000796,-0.08,1.088054,No,0.00,0.00
id#442,0.9956,5431.24,3530.31,1.0200,5483.16,5485.24,-0.000379,-0.04,1.087218,No,0.00,0.00
id#443,0.9956,6093.00,3960.45,1.0200,6155.71,6160.12,-0.000716,-0.07,1.088007,No,0.00,0.00
id#444,0.9956,9095.66,5912.18,1.0200,9178.24,9181.01,-0.000301,-0.03,1.086700,No,0.00,0.00
id#445,0.9956,6795.94,4417.36,1.0200,6862.99,6866.14,-0.000458,-0.05,1.087549,No,0.00,0.00
id#446,0.9956,5388.89,3502.78,1.0200,5436.06,5437.50,-0.000265,-0.03,1.086348,No,0.00,0.00
id#447,0.9956,7668.90,4984.79,1.0200,7744.03,7747.41,-0.000436,-0.04,1.087474,No,0.00,0.00
id#448,0.9956,5635.93,3663.35,1.0200,5693.35,5701.53,-0.001434,-0.14,1.087896,No,0.00,0.00
id#449,0.9956,5889.46,3828.15,1.0200,5950.33,5956.92,-0.001106,-0.11,1.088054,No,0.00,0.00
id#450,0.9956,6984.96,4540.22,1.0200,7057.23,7064.75,-0.001064,-0.11,1.088065,No,0.00,0.00
id#451,0.9956,5747.93,3736.16,1.0200,5803.74,5806.13,-0.000412,-0.04,1.087379,No,0.00,0.00
id#452,0.9956,9239.23,6005.50,1.0200,9327.45,9330.96,-0.000376,-0.04,1.087206,No,0.00,0.00
id#453,0.9956,3665.34,2382.47,1.0200,3702.32,3704.36,-0.000549,-0.05,1.087789,No,0.00,0.00
id#454,0.9956,5849.76,3802.34,1.0200,5907.54,5910.27,-0.000461,-0.05,1.087560,No,0.00,0.00
id#455,0.9956,6607.07,4294.60,1.0200,6674.71,6683.70,-0.001345,-0.13,1.087948,No,0.00,0.00
id#456,0.9956,5964.20,3876.73,1.0200,6023.51,6026.43,-0.000484,-0.05,1.087631,No,0.00,0.00
id#457,0.9956,6577.58,4275.43,1.0200,6642.69,6645.80,-0.000468,-0.05,1.087583,No,0.00,0.00
id#458,0.9956,5482.73,3563.77,1.0200,5539.28,5543.45,-0.000751,-0.08,1.088032,No,0.00,0.00
id#459,0.9956,6517.41,4236.32,1.0200,6578.91,6581.24,-0.000355,-0.04,1.087084,No,0.00,0.00
id#460,0.9956,4473.88,2908.02,1.0200,4520.07,4525.23,-0.001140,-0.11,1.088043,No,0.00,0.00
id#461,0.9956,5162.16,3355.41,1.0200,5215.23,5221.79,-0.001256,-0.13,1.087994,No,0.00,0.00
id#462,0.9956,6767.05,4398.58,1.0200,6829.39,6831.57,-0.000319,-0.03,1.086844,No,0.00,0.00
id#463,0.9956,5737.27,3729.23,1.0200,5794.52,5797.40,-0.000497,-0.05,1.087668,No,0.00,0.00
id#464,0.9956,4124.72,2681.07,1.0200,4162.72,4164.05,-0.000319,-0.03,1.086844,No,0.00,0.00
id#465,0.9956,8800.99,5720.64,1.0200,8877.49,8879.80,-0.000260,-0.03,1.086284,No,0.00,0.00
id#466,0.9956,7333.63,4766.86,1.0200,7402.81,7405.44,-0.000354,-0.04,1.087082,No,0.00,0.00
id#467,0.9956,7836.55,5093.76,1.0200,7907.97,7910.39,-0.000306,-0.03,1.086738,No,0.00,0.00
id#468,0.9956,7537.74,4899.53,1.0200,7608.31,7610.91,-0.000342,-0.03,1.087005,No,0.00,0.00
id#469,0.9956,5658.82,3678.23,1.0200,5708.91,5710.49,-0.000275,-0.03,1.086457,No,0.00,0.00
id#470,0.9956,4120.12,2678.08,1.0200,4159.23,4160.74,-0.000365,-0.04,1.087143,No,0.00,0.00
id#471,0.9956,6484.00,4214.60,1.0200,6551.18,6557.09,-0.000902,-0.09,1.088080,No,0.00,0.00
id#472,0.9956,4355.09,2830.81,1.0200,4393.16,4394.32,-0.000264,-0.03,1.086337,No,0.00,0.00
id#473,0.9956,7111.03,4622.17,1.0200,7180.59,7183.70,-0.000432,-0.04,1.087458,No,0.00,0.00
id#474,0.9956,4309.73,2801.32,1.0200,4349.06,4350.40,-0.000308,-0.03,1.086752,No,0.00,0.00
id#475,0.9956,5257.21,3417.19,1.0200,5311.62,5316.05,-0.000834,-0.08,1.088068,No,0.00,0.00
id#476,0.9956,7158.14,4652.79,1.0200,7230.80,7241.64,-0.001497,-0.15,1.087855,No,0.00,0.00
id#477,0.9956,8470.02,5505.51,1.0200,8545.94,8548.40,-0.000288,-0.03,1.086576,No,0.00,0.00
id#478,0.9956,7816.36,5080.63,1.0200,7895.46,7899.93,-0.000566,-0.06,1.087821,No,0.00,0.00
id#479,0.9956,7656.70,4976.86,1.0200,7734.86,7739.71,-0.000627,-0.06,1.087916,No,0.00,0.00
id#480,0.9956,5659.33,3678.57,1.0200,5717.94,5722.94,-0.000873,-0.09,1.088076,No,0.00,0.00
id#481,0.9956,3574.86,2323.66,1.0200,3609.93,3611.51,-0.000439,-0.04,1.087486,No,0.00,0.00
id#482,0.9956,5377.36,3495.28,1.0200,5426.40,5428.06,-0.000307,-0.03,1.086744,No,0.00,0.00
id#483,0.9956,5504.41,3577.86,1.0200,5556.91,5558.99,-0.000374,-0.04,1.087196,No,0.00,0.00
id#484,0.9956,6930.81,4505.02,1.0200,7002.61,7008.89,-0.000897,-0.09,1.088079,No,0.00,0.00
id#485,0.9956,7081.12,4602.73,1.0200,7151.35,7154.74,-0.000475,-0.05,1.087603,No,0.00,0.00
id#486,0.9956,8371.82,5441.68,1.0200,8457.75,8468.69,-0.001292,-0.13,1.087976,No,0.00,0.00
id#487,0.9956,6557.14,4262.14,1.0200,6615.81,6617.70,-0.000286,-0.03,1.086557,No,0.00,0.00
id#488,0.9956,5760.51,3744.33,1.0200,5817.43,5820.12,-0.000462,-0.05,1.087564,No,0.00,0.00
id#489,0.9956,7413.05,4818.48,1.0200,7486.14,7489.56,-0.000455,-0.05,1.087542,No,0.00,0.00
id#490,0.9956,5988.26,3892.37,1.0200,6045.06,6047.26,-0.000364,-0.04,1.087137,No,0.00,0.00
id#491,0.9956,5551.10,3608.21,1.0200,5608.54,5613.23,-0.000835,-0.08,1.088068,No,0.00,0.00
id#492,0.9956,6251.03,4063.17,1.0200,6311.46,6314.01,-0.000403,-0.04,1.087336,No,0.00,0.00
id#493,0.9956,7745.63,5034.66,1.0200,7818.21,7820.90,-0.000344,-0.03,1.087014,No,0.00,0.00
id#494,0.9956,6584.06,4279.64,1.0200,6652.09,6657.34,-0.000788,-0.08,1.088051,No,0.00,0.00
id#495,0.9956,5660.34,3679.22,1.0200,5713.66,5715.67,-0.000352,-0.04,1.087068,No,0.00,0.00
id#496,0.9956,9002.67,5851.74,1.0200,9090.62,9094.52,-0.000428,-0.04,1.087444,No,0.00,0.00
id#497,0.9956,5716.97,3716.03,1.0200,5769.94,5771.83,-0.000327,-0.03,1.086901,No,0.00,0.00
id#498,0.9956,7669.94,4985.46,1.0200,7738.82,7741.06,-0.000290,-0.03,1.086595,No,0.00,0.00
id#499,0.9956,5891.03,3829.17,1.0200,5951.82,5958.74,-0.001161,-0.12,1.088035,No,0.00,0.00
