position_id,seed_price,position_value_at_seed,loan_amount,close_price,position_value_at_close,hold_value,impermanent_loss,impermanent_loss_pct,health_factor,should_liquidate,repay_amount,collateral_to_take
id#0,9.6268,4797.88,3118.62,10.9723,4990.24,5099.88,-0.021500,-2.15,1.120099,No,0.00,0.00
id#1,9.6268,5920.07,3848.05,10.9723,6182.73,6272.24,-0.014270,-1.43,1.124704,No,0.00,0.00
id#2,9.6268,8933.97,5807.08,10.9723,9324.14,9402.48,-0.008332,-0.83,1.123955,No,0.00,0.00
id#3,9.6268,6476.29,4209.59,10.9723,6645.73,6903.76,-0.037375,-3.74,1.105100,No,0.00,0.00
id#4,9.6268,6411.07,4167.20,10.9723,6673.34,6812.20,-0.020384,-2.04,1.120979,No,0.00,0.00
id#5,9.6268,7303.87,4747.51,10.9723,7626.05,7694.47,-0.008893,-0.89,1.124427,No,0.00,0.00
id#6,9.6268,5618.96,3652.32,10.9723,5839.04,5974.70,-0.022707,-2.27,1.119103,No,0.00,0.00
id#7,9.6268,6915.89,4495.33,10.9723,7211.24,7340.90,-0.017663,-1.77,1.122914,No,0.00,0.00
id#8,9.6268,3952.74,2569.28,10.9723,4129.69,4173.00,-0.010378,-1.04,1.125134,No,0.00,0.00
id#9,9.6268,8438.65,5485.12,10.9723,8792.76,8961.66,-0.018847,-1.88,1.122114,No,0.00,0.00
id#10,9.6268,6410.61,4166.90,10.9723,6663.34,6815.86,-0.022376,-2.24,1.119379,No,0.00,0.00
id#11,9.6268,5762.99,3745.94,10.9723,6019.90,6103.00,-0.013615,-1.36,1.124932,No,0.00,0.00
id#12,9.6268,8186.02,5320.91,10.9723,8553.54,8651.79,-0.011355,-1.14,1.125274,No,0.00,0.00
id#13,9.6268,4402.34,2861.52,10.9723,4596.62,4637.99,-0.008921,-0.89,1.124447,No,0.00,0.00
id#14,9.6268,7332.92,4766.40,10.9723,7648.87,7708.69,-0.007761,-0.78,1.123323,No,0.00,0.00
id#15,9.6268,6640.63,4316.41,10.9723,6938.67,7023.08,-0.012018,-1.20,1.125258,No,0.00,0.00
id#16,9.6268,6998.68,4549.14,10.9723,7296.86,7429.33,-0.017831,-1.78,1.122805,No,0.00,0.00
id#17,9.6268,9063.27,5891.12,10.9723,9457.20,9534.56,-0.008113,-0.81,1.123732,No,0.00,0.00
id#18,9.6268,6298.05,4093.73,10.9723,6551.57,6694.04,-0.021283,-2.13,1.120273,No,0.00,0.00
id#19,9.6268,5570.12,3620.58,10.9723,5817.50,5872.74,-0.009407,-0.94,1.124752,No,0.00,0.00
id#20,9.6268,6705.69,4358.70,10.9723,6931.60,7139.97,-0.029183,-2.92,1.113205,No,0.00,0.00
id#21,9.6268,6312.02,4102.81,10.9723,6595.27,6668.76,-0.011020,-1.10,1.125250,No,0.00,0.00
id#22,9.6268,6987.58,4541.93,10.9723,7269.09,7426.82,-0.021237,-2.12,1.120310,No,0.00,0.00
id#23,9.6268,5118.15,3326.80,10.9723,5347.91,5412.33,-0.011902,-1.19,1.125266,No,0.00,0.00
id#24,9.6268,7546.44,4905.19,10.9723,7870.62,7931.33,-0.007654,-0.77,1.123186,No,0.00,0.00
id#25,9.6268,5400.28,3510.18,10.9723,5635.34,5681.80,-0.008177,-0.82,1.123800,No,0.00,0.00
id#26,9.6268,8506.00,5528.90,10.9723,8885.40,8973.75,-0.009846,-0.98,1.124958,No,0.00,0.00
id#27,9.6268,5671.33,3686.36,10.9723,5913.51,6019.86,-0.017667,-1.77,1.122911,No,0.00,0.00
id#28,9.6268,7101.49,4615.97,10.9723,7318.79,7565.20,-0.032571,-3.26,1.109877,No,0.00,0.00
id#29,9.6268,5652.50,3674.12,10.9723,5905.14,5983.97,-0.013173,-1.32,1.125057,No,0.00,0.00
id#30,9.6268,6820.46,4433.30,10.9723,7124.86,7221.86,-0.013432,-1.34,1.124987,No,0.00,0.00
id#31,9.6268,8641.41,5616.91,10.9723,9029.25,9130.60,-0.011100,-1.11,1.125258,No,0.00,0.00
id#32,9.6268,5581.07,3627.70,10.9723,5821.34,5866.70,-0.007731,-0.77,1.123286,No,0.00,0.00
id#33,9.6268,5818.22,3781.84,10.9723,6078.57,6141.86,-0.010304,-1.03,1.125114,No,0.00,0.00
id#34,9.6268,8084.14,5254.69,10.9723,8441.37,8518.14,-0.009012,-0.90,1.124511,No,0.00,0.00
id#35,9.6268,9830.19,6389.62,10.9723,10265.27,10359.85,-0.009129,-0.91,1.124588,No,0.00,0.00
id#36,9.6268,7213.27,4688.62,10.9723,7535.86,7635.58,-0.013060,-1.31,1.125085,No,0.00,0.00
id#37,9.6268,5578.95,3626.32,10.9723,5762.86,5941.03,-0.029988,-3.00,1.112424,No,0.00,0.00
id#38,9.6268,6905.76,4488.75,10.9723,7202.23,7257.62,-0.007631,-0.76,1.123156,No,0.00,0.00
id#39,9.6268,4398.76,2859.20,10.9723,4596.27,4650.34,-0.011628,-1.16,1.125277,No,0.00,0.00
id#40,9.6268,5405.17,3513.36,10.9723,5639.86,5733.86,-0.016395,-1.64,1.123683,No,0.00,0.00
id#41,9.6268,9436.95,6134.02,10.9723,9858.74,9959.45,-0.010112,-1.01,1.125056,No,0.00,0.00
id#42,9.6268,4603.16,2992.05,10.9723,4800.76,4837.68,-0.007630,-0.76,1.123154,No,0.00,0.00
id#43,9.6268,7688.69,4997.65,10.9723,8019.86,8082.50,-0.007749,-0.77,1.123309,No,0.00,0.00
id#44,9.6268,4478.60,2911.09,10.9723,4673.93,4712.90,-0.008268,-0.83,1.123892,No,0.00,0.00
id#45,9.6268,5035.58,3273.13,10.9723,5260.45,5331.56,-0.013337,-1.33,1.125014,No,0.00,0.00
id#46,9.6268,3982.32,2588.51,10.9723,4156.16,4190.99,-0.008310,-0.83,1.123933,No,0.00,0.00
id#47,9.6268,8276.95,5380.02,10.9723,8645.06,8767.45,-0.013959,-1.40,1.124818,No,0.00,0.00
id#48,9.6268,5220.23,3393.15,10.9723,5422.29,5551.57,-0.023288,-2.33,1.118608,No,0.00,0.00
id#49,9.6268,8310.32,5401.71,10.9723,8610.16,8844.16,-0.026457,-2.65,1.115780,No,0.00,0.00
id#50,9.6268,5346.97,3475.53,10.9723,5582.15,5668.48,-0.015230,-1.52,1.124291,No,0.00,0.00
id#51,9.6268,9341.38,6071.90,10.9723,9734.44,9919.65,-0.018670,-1.87,1.122238,No,0.00,0.00
id#52,9.6268,6031.84,3920.69,10.9723,6300.34,6361.58,-0.009626,-0.96,1.124862,No,0.00,0.00
id#53,9.6268,5799.57,3769.72,10.9723,6057.67,6142.87,-0.013870,-1.39,1.124849,No,0.00,0.00
id#54,9.6268,6268.57,4074.57,10.9723,6446.54,6680.13,-0.034967,-3.50,1.107497,No,0.00,0.00
id#55,9.6268,5173.24,3362.60,10.9723,5403.48,5455.90,-0.009607,-0.96,1.124853,No,0.00,0.00
id#56,9.6268,5753.56,3739.81,10.9723,5991.38,6112.27,-0.019777,-1.98,1.121438,No,0.00,0.00
id#57,9.6268,5588.90,3632.78,10.9723,5830.86,5877.56,-0.007946,-0.79,1.123546,No,0.00,0.00
id#58,9.6268,4152.96,2699.43,10.9723,4331.98,4406.78,-0.016975,-1.70,1.123344,No,0.00,0.00
id#59,9.6268,7211.67,4687.58,10.9723,7533.62,7635.81,-0.013383,-1.34,1.125001,No,0.00,0.00
id#60,9.6268,5802.83,3771.84,10.9723,5969.52,6183.49,-0.034603,-3.46,1.107859,No,0.00,0.00
id#61,9.6268,8359.13,5433.43,10.9723,8717.83,8871.43,-0.017314,-1.73,1.123135,No,0.00,0.00
id#62,9.6268,5511.68,3582.59,10.9723,5755.90,5809.41,-0.009212,-0.92,1.124640,No,0.00,0.00
id#63,9.6268,8605.21,5593.39,10.9723,8983.79,9062.89,-0.008728,-0.87,1.124302,No,0.00,0.00
id#64,9.6268,4870.77,3166.00,10.9723,5088.99,5154.25,-0.012661,-1.27,1.125171,No,0.00,0.00
id#65,9.6268,8967.18,5828.66,10.9723,9366.18,9498.11,-0.013890,-1.39,1.124842,No,0.00,0.00
id#66,9.6268,6021.98,3914.29,10.9723,6287.55,6343.87,-0.008877,-0.89,1.124416,No,0.00,0.00
id#67,9.6268,5406.05,3513.93,10.9723,5645.84,5698.84,-0.009299,-0.93,1.124691,No,0.00,0.00
id#68,9.6268,5370.14,3490.59,10.9723,5592.79,5704.57,-0.019594,-1.96,1.121574,No,0.00,0.00
id#69,9.6268,6707.46,4359.85,10.9723,6972.30,7131.32,-0.022298,-2.23,1.119445,No,0.00,0.00
id#70,9.6268,7949.25,5167.01,10.9723,8304.05,8417.06,-0.013426,-1.34,1.124989,No,0.00,0.00
id#71,9.6268,3623.99,2355.59,10.9723,3764.11,3854.07,-0.023340,-2.33,1.118564,No,0.00,0.00
id#72,9.6268,7120.88,4628.57,10.9723,7380.94,7577.52,-0.025943,-2.59,1.116253,No,0.00,0.00
id#73,9.6268,6842.94,4447.91,10.9723,7145.88,7211.83,-0.009145,-0.91,1.124598,No,0.00,0.00
id#74,9.6268,4868.12,3164.28,10.9723,5086.56,5143.04,-0.010981,-1.10,1.125245,No,0.00,0.00
id#75,9.6268,4229.56,2749.21,10.9723,4419.26,4467.58,-0.010816,-1.08,1.125223,No,0.00,0.00
id#76,9.6268,7840.87,5096.57,10.9723,8192.87,8291.08,-0.011845,-1.18,1.125270,No,0.00,0.00
id#77,9.6268,3475.90,2259.34,10.9723,3629.61,3662.79,-0.009061,-0.91,1.124544,No,0.00,0.00
id#78,9.6268,4587.69,2982.00,10.9723,4791.97,4858.98,-0.013792,-1.38,1.124875,No,0.00,0.00
id#79,9.6268,6510.86,4232.06,10.9723,6775.84,6918.90,-0.020677,-2.07,1.120752,No,0.00,0.00
id#80,9.6268,5544.07,3603.65,10.9723,5790.32,5845.35,-0.009415,-0.94,1.124756,No,0.00,0.00
id#81,9.6268,4972.50,3232.13,10.9723,5146.79,5293.13,-0.027648,-2.76,1.114668,No,0.00,0.00
id#82,9.6268,3474.53,2258.44,10.9723,3627.09,3658.60,-0.008613,-0.86,1.124208,No,0.00,0.00
id#83,9.6268,8187.48,5321.86,10.9723,8546.68,8620.54,-0.008568,-0.86,1.124170,No,0.00,0.00
id#84,9.6268,8699.96,5654.98,10.9723,9087.27,9214.63,-0.013822,-1.38,1.124865,No,0.00,0.00
id#85,9.6268,6887.98,4477.19,10.9723,7177.98,7314.27,-0.018634,-1.86,1.122263,No,0.00,0.00
id#86,9.6268,7511.98,4882.78,10.9723,7847.75,7952.44,-0.013164,-1.32,1.125060,No,0.00,0.00
id#87,9.6268,6482.68,4213.74,10.9723,6759.22,6881.31,-0.017743,-1.77,1.122862,No,0.00,0.00
id#88,9.6268,8178.23,5315.85,10.9723,8545.18,8639.94,-0.010967,-1.10,1.125244,No,0.00,0.00
id#89,9.6268,5207.52,3384.89,10.9723,5423.71,5531.67,-0.019517,-1.95,1.121631,No,0.00,0.00
id#90,9.6268,7140.47,4641.30,10.9723,7455.91,7567.71,-0.014774,-1.48,1.124498,No,0.00,0.00
id#91,9.6268,6225.34,4046.47,10.9723,6504.57,6575.83,-0.010836,-1.08,1.125226,No,0.00,0.00
id#92,9.6268,9840.60,6396.39,10.9723,10280.54,10385.97,-0.010152,-1.02,1.125069,No,0.00,0.00
id#93,9.6268,8596.57,5587.77,10.9723,8969.91,9042.94,-0.008076,-0.81,1.123692,No,0.00,0.00
id#94,9.6268,6023.47,3915.25,10.9723,6291.70,6353.08,-0.009662,-0.97,1.124879,No,0.00,0.00
id#95,9.6268,5713.60,3713.84,10.9723,5889.36,6086.54,-0.032396,-3.24,1.110051,No,0.00,0.00
id#96,9.6268,4965.21,3227.39,10.9723,5188.16,5248.91,-0.011575,-1.16,1.125278,No,0.00,0.00
id#97,9.6268,6433.16,4181.55,10.9723,6715.40,6820.97,-0.015476,-1.55,1.124171,No,0.00,0.00
id#98,9.6268,6238.32,4054.91,10.9723,6517.17,6583.84,-0.010127,-1.01,1.125061,No,0.00,0.00
id#99,9.6268,7785.54,5060.60,10.9723,8123.14,8259.45,-0.016504,-1.65,1.123621,No,0.00,0.00
id#100,9.6268,7691.26,4999.32,10.9723,8034.22,8144.79,-0.013576,-1.36,1.124944,No,0.00,0.00
id#101,9.6268,6303.08,4097.00,10.9723,6585.73,6657.43,-0.010771,-1.08,1.125216,No,0.00,0.00
id#102,9.6268,5099.75,3314.84,10.9723,5328.12,5384.32,-0.010438,-1.04,1.125149,No,0.00,0.00
id#103,9.6268,5290.20,3438.63,10.9723,5518.10,5561.24,-0.007756,-0.78,1.123317,No,0.00,0.00
id#104,9.6268,4879.40,3171.61,10.9723,5095.33,5142.21,-0.009117,-0.91,1.124580,No,0.00,0.00
id#105,9.6268,5557.63,3612.46,10.9723,5804.80,5886.99,-0.013960,-1.40,1.124818,No,0.00,0.00
id#106,9.6268,4309.53,2801.19,10.9723,4502.43,4561.15,-0.012874,-1.29,1.125128,No,0.00,0.00
id#107,9.6268,7909.36,5141.09,10.9723,8171.66,8422.40,-0.029771,-2.98,1.112636,No,0.00,0.00
id#108,9.6268,7326.36,4762.13,10.9723,7644.66,7771.68,-0.016344,-1.63,1.123712,No,0.00,0.00
id#109,9.6268,4717.23,3066.20,10.9723,4927.13,4974.82,-0.009586,-0.96,1.124844,No,0.00,0.00
id#110,9.6268,7401.49,4810.97,10.9723,7733.42,7830.22,-0.012362,-1.24,1.125219,No,0.00,0.00
id#111,9.6268,6866.85,4463.46,10.9723,7033.87,7322.09,-0.039363,-3.94,1.103116,No,0.00,0.00
id#112,9.6268,4084.53,2654.95,10.9723,4267.78,4320.60,-0.012225,-1.22,1.125237,No,0.00,0.00
id#113,9.6268,5985.63,3890.66,10.9723,6217.76,6365.41,-0.023195,-2.32,1.118688,No,0.00,0.00
id#114,9.6268,5518.29,3586.89,10.9723,5756.72,5855.02,-0.016788,-1.68,1.123455,No,0.00,0.00
id#115,9.6268,5389.54,3503.20,10.9723,5620.78,5663.88,-0.007611,-0.76,1.123128,No,0.00,0.00
id#116,9.6268,7412.91,4818.39,10.9723,7612.73,7901.28,-0.036520,-3.65,1.105952,No,0.00,0.00
id#117,9.6268,4880.46,3172.30,10.9723,5008.05,5202.61,-0.037396,-3.74,1.105079,No,0.00,0.00
id#118,9.6268,6314.59,4104.49,10.9723,6596.23,6661.77,-0.009838,-0.98,1.124955,No,0.00,0.00
id#119,9.6268,5191.44,3374.43,10.9723,5416.12,5459.44,-0.007934,-0.79,1.123532,No,0.00,0.00
id#120,9.6268,6546.51,4255.23,10.9723,6835.12,6896.19,-0.008856,-0.89,1.124400,No,0.00,0.00
id#121,9.6268,4908.37,3190.44,10.9723,5124.76,5170.55,-0.008856,-0.89,1.124400,No,0.00,0.00
id#122,9.6268,4681.91,3043.24,10.9723,4870.36,4976.29,-0.021287,-2.13,1.120270,No,0.00,0.00
id#123,9.6268,5335.82,3468.28,10.9723,5574.53,5647.90,-0.012991,-1.30,1.125102,No,0.00,0.00
id#124,9.6268,7761.61,5045.04,10.9723,8109.94,8200.74,-0.011072,-1.11,1.125255,No,0.00,0.00
id#125,9.6268,5132.06,3335.84,10.9723,5287.79,5467.39,-0.032849,-3.28,1.109601,No,0.00,0.00
id#126,9.6268,5212.09,3387.86,10.9723,5371.98,5552.36,-0.032487,-3.25,1.109961,No,0.00,0.00
id#127,9.6268,7426.05,4826.93,10.9723,7754.45,7825.41,-0.009067,-0.91,1.124548,No,0.00,0.00
id#128,9.6268,8523.15,5540.05,10.9723,8905.43,9016.54,-0.012323,-1.23,1.125224,No,0.00,0.00
id#129,9.6268,5423.73,3525.43,10.9723,5653.58,5758.38,-0.018199,-1.82,1.122561,No,0.00,0.00
id#130,9.6268,8095.04,5261.77,10.9723,8455.30,8537.28,-0.009602,-0.96,1.124851,No,0.00,0.00
id#131,9.6268,6964.10,4526.66,10.9723,7268.61,7330.13,-0.008393,-0.84,1.124012,No,0.00,0.00
id#132,9.6268,5510.31,3581.70,10.9723,5713.62,5863.12,-0.025498,-2.55,1.116658,No,0.00,0.00
id#133,9.6268,4328.67,2813.63,10.9723,4516.38,4552.87,-0.008015,-0.80,1.123624,No,0.00,0.00
id#134,9.6268,4178.22,2715.84,10.9723,4345.12,4441.47,-0.021694,-2.17,1.119941,No,0.00,0.00
id#135,9.6268,7151.38,4648.40,10.9723,7467.43,7579.08,-0.014732,-1.47,1.124516,No,0.00,0.00
id#136,9.6268,4409.39,2866.10,10.9723,4606.96,4656.14,-0.010561,-1.06,1.125177,No,0.00,0.00
id#137,9.6268,7824.28,5085.78,10.9723,8166.40,8235.52,-0.008392,-0.84,1.124012,No,0.00,0.00
id#138,9.6268,7633.43,4961.73,10.9723,7968.47,8037.53,-0.008592,-0.86,1.124190,No,0.00,0.00
id#139,9.6268,4933.05,3206.48,10.9723,5111.50,5249.83,-0.026350,-2.63,1.115879,No,0.00,0.00
id#140,9.6268,4631.14,3010.24,10.9723,4838.95,4898.35,-0.012126,-1.21,1.125248,No,0.00,0.00
id#141,9.6268,7670.39,4985.75,10.9723,7999.11,8140.83,-0.017409,-1.74,1.123076,No,0.00,0.00
id#142,9.6268,6726.69,4372.35,10.9723,6893.13,7172.20,-0.038910,-3.89,1.103569,No,0.00,0.00
id#143,9.6268,9683.69,6294.40,10.9723,10087.24,10285.57,-0.019282,-1.93,1.121802,No,0.00,0.00
id#144,9.6268,6502.48,4226.61,10.9723,6789.52,6850.78,-0.008942,-0.89,1.124462,No,0.00,0.00
id#145,9.6268,7974.84,5183.65,10.9723,8189.74,8500.25,-0.036529,-3.65,1.105943,No,0.00,0.00
id#146,9.6268,7829.93,5089.45,10.9723,8167.18,8230.96,-0.007749,-0.77,1.123308,No,0.00,0.00
id#147,9.6268,5850.93,3803.10,10.9723,6111.62,6171.63,-0.009723,-0.97,1.124907,No,0.00,0.00
id#148,9.6268,7540.79,4901.51,10.9723,7873.12,7993.25,-0.015028,-1.50,1.124385,No,0.00,0.00
id#149,9.6268,5956.43,3871.68,10.9723,6220.55,6278.76,-0.009271,-0.93,1.124675,No,0.00,0.00
id#150,9.6268,5214.30,3389.30,10.9723,5392.58,5551.47,-0.028621,-2.86,1.113744,No,0.00,0.00
id#151,9.6268,6848.97,4451.83,10.9723,7029.50,7300.83,-0.037164,-3.72,1.105310,No,0.00,0.00
id#152,9.6268,5697.42,3703.33,10.9723,5830.20,6076.04,-0.040461,-4.05,1.102020,No,0.00,0.00
id#153,9.6268,5884.86,3825.16,10.9723,6046.22,6272.13,-0.036019,-3.60,1.106451,No,0.00,0.00
id#154,9.6268,3502.29,2276.49,10.9723,3641.11,3723.40,-0.022098,-2.21,1.119610,No,0.00,0.00
id#155,9.6268,4715.43,3065.03,10.9723,4927.11,4986.38,-0.011887,-1.19,1.125267,No,0.00,0.00
id#156,9.6268,7908.54,5140.55,10.9723,8256.33,8384.16,-0.015246,-1.52,1.124283,No,0.00,0.00
id#157,9.6268,3664.05,2381.63,10.9723,3821.54,3851.10,-0.007675,-0.77,1.123213,No,0.00,0.00
id#158,9.6268,7896.42,5132.67,10.9723,8241.87,8311.84,-0.008419,-0.84,1.124036,No,0.00,0.00
id#159,9.6268,4816.01,3130.40,10.9723,5027.37,5106.24,-0.015446,-1.54,1.124186,No,0.00,0.00
id#160,9.6268,4888.57,3177.57,10.9723,5105.36,5153.20,-0.009283,-0.93,1.124682,No,0.00,0.00
id#161,9.6268,5591.79,3634.66,10.9723,5842.21,5917.73,-0.012761,-1.28,1.125151,No,0.00,0.00
id#162,9.6268,5798.61,3769.10,10.9723,6044.44,6156.32,-0.018173,-1.82,1.122578,No,0.00,0.00
id#163,9.6268,5495.92,3572.35,10.9723,5741.89,5801.80,-0.010328,-1.03,1.125120,No,0.00,0.00
id#164,9.6268,7803.06,5071.99,10.9723,8146.04,8272.58,-0.015296,-1.53,1.124259,No,0.00,0.00
id#165,9.6268,5554.23,3610.25,10.9723,5794.38,5840.50,-0.007896,-0.79,1.123487,No,0.00,0.00
id#166,9.6268,7879.33,5121.56,10.9723,8232.74,8335.30,-0.012304,-1.23,1.125227,No,0.00,0.00
id#167,9.6268,3686.23,2396.05,10.9723,3848.69,3883.01,-0.008837,-0.88,1.124385,No,0.00,0.00
id#168,9.6268,7840.17,5096.11,10.9723,8189.15,8268.71,-0.009621,-0.96,1.124860,No,0.00,0.00
id#169,9.6268,4429.57,2879.22,10.9723,4628.38,4680.37,-0.011108,-1.11,1.125258,No,0.00,0.00
id#170,9.6268,4869.97,3165.48,10.9723,5088.12,5142.13,-0.010504,-1.05,1.125164,No,0.00,0.00
id#171,9.6268,9628.45,6258.49,10.9723,10049.63,10210.47,-0.015752,-1.58,1.124031,No,0.00,0.00
id#172,9.6268,5535.19,3597.87,10.9723,5773.25,5818.03,-0.007696,-0.77,1.123241,No,0.00,0.00
id#173,9.6268,7548.78,4906.71,10.9723,7731.82,8049.32,-0.039445,-3.94,1.103035,No,0.00,0.00
id#174,9.6268,4400.05,2860.03,10.9723,4596.56,4643.01,-0.010006,-1.00,1.125019,No,0.00,0.00
id#175,9.6268,8652.21,5623.94,10.9723,9005.94,9193.68,-0.020421,-2.04,1.120950,No,0.00,0.00
id#176,9.6268,5834.87,3792.67,10.9723,6094.27,6152.71,-0.009498,-0.95,1.124799,No,0.00,0.00
id#177,9.6268,4693.51,3050.78,10.9723,4895.10,4981.00,-0.017246,-1.72,1.123178,No,0.00,0.00
id#178,9.6268,3962.84,2575.85,10.9723,4139.10,4197.64,-0.013946,-1.39,1.124823,No,0.00,0.00
id#179,9.6268,4902.75,3186.79,10.9723,5119.21,5196.32,-0.014841,-1.48,1.124469,No,0.00,0.00
id#180,9.6268,3490.84,2269.05,10.9723,3647.22,3685.93,-0.010503,-1.05,1.125164,No,0.00,0.00
id#181,9.6268,6900.31,4485.20,10.9723,7199.79,7320.06,-0.016430,-1.64,1.123663,No,0.00,0.00
id#182,9.6268,8233.19,5351.58,10.9723,8592.51,8664.43,-0.008300,-0.83,1.123923,No,0.00,0.00
id#183,9.6268,4490.52,2918.84,10.9723,4691.87,4750.86,-0.012416,-1.24,1.125211,No,0.00,0.00
id#184,9.6268,7380.93,4797.60,10.9723,7711.77,7794.83,-0.010656,-1.07,1.125196,No,0.00,0.00
id#185,9.6268,6038.07,3924.75,10.9723,6277.69,6419.16,-0.022038,-2.20,1.119660,No,0.00,0.00
id#186,9.6268,8451.48,5493.46,10.9723,8830.30,8925.38,-0.010652,-1.07,1.125195,No,0.00,0.00
id#187,9.6268,7113.16,4623.55,10.9723,7427.30,7494.55,-0.008972,-0.90,1.124484,No,0.00,0.00
id#188,9.6268,6087.42,3956.82,10.9723,6356.32,6413.96,-0.008987,-0.90,1.124494,No,0.00,0.00
id#189,9.6268,6817.43,4431.33,10.9723,7123.47,7204.37,-0.011229,-1.12,1.125267,No,0.00,0.00
id#190,9.6268,8148.60,5296.59,10.9723,8496.23,8649.65,-0.017738,-1.77,1.122866,No,0.00,0.00
id#191,9.6268,4460.85,2899.55,10.9723,4661.12,4716.82,-0.011809,-1.18,1.125271,No,0.00,0.00
id#192,9.6268,4674.60,3038.49,10.9723,4854.78,4971.58,-0.023493,-2.35,1.118432,No,0.00,0.00
id#193,9.6268,8823.47,5735.26,10.9723,9209.39,9287.47,-0.008407,-0.84,1.124025,No,0.00,0.00
id#194,9.6268,5326.02,3461.92,10.9723,5564.76,5624.72,-0.010659,-1.07,1.125196,No,0.00,0.00
id#195,9.6268,8256.32,5366.61,10.9723,8627.02,8726.39,-0.011388,-1.14,1.125275,No,0.00,0.00
id#196,9.6268,7818.17,5081.81,10.9723,8167.82,8252.03,-0.010205,-1.02,1.125085,No,0.00,0.00
id#197,9.6268,8040.61,5226.40,10.9723,8391.87,8527.21,-0.015871,-1.59,1.123969,No,0.00,0.00
id#198,9.6268,3823.25,2485.11,10.9723,3952.55,4070.75,-0.029036,-2.90,1.113346,No,0.00,0.00
id#199,9.6268,7221.92,4694.25,10.9723,7508.42,7677.75,-0.022055,-2.21,1.119646,No,0.00,0.00
id#200,9.6268,4083.94,2654.56,10.9723,4261.41,4296.21,-0.008102,-0.81,1.123720,No,0.00,0.00
id#201,9.6268,5502.61,3576.69,10.9723,5746.11,5831.15,-0.014584,-1.46,1.124578,No,0.00,0.00
id#202,9.6268,6687.15,4346.65,10.9723,6975.06,7029.42,-0.007734,-0.77,1.123289,No,0.00,0.00
id#203,9.6268,8871.34,5766.37,10.9723,9269.67,9377.56,-0.011506,-1.15,1.125277,No,0.00,0.00
id#204,9.6268,5887.80,3827.07,10.9723,6130.42,6255.28,-0.019961,-2.00,1.121301,No,0.00,0.00
id#205,9.6268,6943.58,4513.33,10.9723,7230.89,7376.32,-0.019716,-1.97,1.121484,No,0.00,0.00
id#206,9.6268,5861.93,3810.25,10.9723,5998.81,6251.44,-0.040411,-4.04,1.102069,No,0.00,0.00
id#207,9.6268,6058.67,3938.14,10.9723,6325.21,6380.89,-0.008726,-0.87,1.124300,No,0.00,0.00
id#208,9.6268,7848.64,5101.62,10.9723,8200.08,8286.45,-0.010423,-1.04,1.125145,No,0.00,0.00
id#209,9.6268,6310.09,4101.56,10.9723,6586.67,6643.26,-0.008518,-0.85,1.124126,No,0.00,0.00
id#210,9.6268,5022.74,3264.78,10.9723,5247.95,5304.92,-0.010738,-1.07,1.125211,No,0.00,0.00
id#211,9.6268,4945.16,3214.36,10.9723,5130.38,5261.01,-0.024830,-2.48,1.117258,No,0.00,0.00
id#212,9.6268,4940.23,3211.15,10.9723,5161.79,5218.18,-0.010806,-1.08,1.125222,No,0.00,0.00
id#213,9.6268,8100.71,5265.46,10.9723,8463.98,8556.23,-0.010781,-1.08,1.125218,No,0.00,0.00
id#214,9.6268,8347.73,5426.02,10.9723,8717.60,8845.28,-0.014434,-1.44,1.124640,No,0.00,0.00
id#215,9.6268,7865.24,5112.40,10.9723,8204.87,8345.38,-0.016838,-1.68,1.123426,No,0.00,0.00
id#216,9.6268,4451.06,2893.19,10.9723,4591.35,4741.05,-0.031575,-3.16,1.110865,No,0.00,0.00
id#217,9.6268,9931.52,6455.49,10.9723,10227.58,10581.30,-0.033429,-3.34,1.109026,No,0.00,0.00
id#218,9.6268,6075.38,3949.00,10.9723,6343.79,6401.40,-0.009000,-0.90,1.124502,No,0.00,0.00
id#219,9.6268,7889.96,5128.47,10.9723,8233.10,8369.18,-0.016260,-1.63,1.123759,No,0.00,0.00
id#220,9.6268,7104.38,4617.85,10.9723,7423.37,7509.90,-0.011522,-1.15,1.125277,No,0.00,0.00
id#221,9.6268,5699.05,3704.39,10.9723,5953.07,6011.75,-0.009761,-0.98,1.124923,No,0.00,0.00
id#222,9.6268,3954.45,2570.39,10.9723,4129.57,4167.78,-0.009169,-0.92,1.124613,No,0.00,0.00
id#223,9.6268,9188.10,5972.26,10.9723,9600.18,9720.05,-0.012332,-1.23,1.125223,No,0.00,0.00
id#224,9.6268,7424.76,4826.09,10.9723,7756.61,7860.18,-0.013176,-1.32,1.125057,No,0.00,0.00
id#225,9.6268,8910.66,5791.93,10.9723,9304.27,9388.67,-0.008989,-0.90,1.124495,No,0.00,0.00
id#226,9.6268,5505.48,3578.56,10.9723,5752.68,5819.57,-0.011493,-1.15,1.125277,No,0.00,0.00
id#227,9.6268,8198.57,5329.07,10.9723,8565.95,8675.28,-0.012603,-1.26,1.125181,No,0.00,0.00
id#228,9.6268,4943.46,3213.25,10.9723,5162.71,5211.12,-0.009290,-0.93,1.124686,No,0.00,0.00
id#229,9.6268,7083.71,4604.41,10.9723,7394.51,7458.45,-0.008573,-0.86,1.124174,No,0.00,0.00
id#230,9.6268,5528.52,3593.54,10.9723,5775.35,5833.47,-0.009963,-1.00,1.125004,No,0.00,0.00
id#231,9.6268,6399.80,4159.87,10.9723,6678.87,6787.68,-0.016031,-1.60,1.123884,No,0.00,0.00
id#232,9.6268,6173.46,4012.75,10.9723,6448.59,6512.08,-0.009750,-0.97,1.124918,No,0.00,0.00
id#233,9.6268,4238.09,2754.76,10.9723,4424.02,4462.24,-0.008567,-0.86,1.124168,No,0.00,0.00
id#234,9.6268,5858.06,3807.74,10.9723,6121.08,6191.61,-0.011392,-1.14,1.125275,No,0.00,0.00
id#235,9.6268,5762.47,3745.61,10.9723,5961.91,6134.59,-0.028148,-2.81,1.114195,No,0.00,0.00
id#236,9.6268,9221.99,5994.29,10.9723,9629.18,9774.12,-0.014829,-1.48,1.124474,No,0.00,0.00
id#237,9.6268,4105.18,2668.37,10.9723,4286.56,4350.76,-0.014756,-1.48,1.124506,No,0.00,0.00
id#238,9.6268,6290.13,4088.59,10.9723,6538.95,6687.44,-0.022205,-2.22,1.119522,No,0.00,0.00
id#239,9.6268,4322.23,2809.45,10.9723,4515.51,4575.35,-0.013078,-1.31,1.125081,No,0.00,0.00
id#240,9.6268,5264.43,3421.88,10.9723,5488.30,5588.69,-0.017963,-1.80,1.122718,No,0.00,0.00
id#241,9.6268,5255.23,3415.90,10.9723,5464.81,5586.49,-0.021781,-2.18,1.119871,No,0.00,0.00
id#242,9.6268,8816.11,5730.47,10.9723,9211.93,9317.64,-0.011345,-1.13,1.125273,No,0.00,0.00
id#243,9.6268,5599.12,3639.43,10.9723,5847.90,5903.69,-0.009449,-0.94,1.124774,No,0.00,0.00
id#244,9.6268,5168.40,3359.46,10.9723,5331.63,5505.06,-0.031504,-3.15,1.110936,No,0.00,0.00
id#245,9.6268,8844.44,5748.89,10.9723,9236.49,9371.26,-0.014381,-1.44,1.124661,No,0.00,0.00
id#246,9.6268,4715.44,3065.03,10.9723,4905.96,5011.60,-0.021079,-2.11,1.120435,No,0.00,0.00
id#247,9.6268,4666.73,3033.38,10.9723,4839.01,4965.50,-0.025475,-2.55,1.116678,No,0.00,0.00
id#248,9.6268,8656.30,5626.59,10.9723,9044.63,9156.71,-0.012241,-1.22,1.125235,No,0.00,0.00
id#249,9.6268,7849.48,5102.16,10.9723,8191.97,8260.42,-0.008287,-0.83,1.123911,No,0.00,0.00
id#250,9.6268,6860.05,4459.03,10.9723,7154.32,7280.57,-0.017341,-1.73,1.123119,No,0.00,0.00
id#251,9.6268,9144.20,5943.73,10.9723,9386.43,9747.30,-0.037023,-3.70,1.105451,No,0.00,0.00
id#252,9.6268,4884.19,3174.72,10.9723,5102.56,5154.93,-0.010160,-1.02,1.125071,No,0.00,0.00
id#253,9.6268,5367.43,3488.83,10.9723,5588.27,5702.61,-0.020051,-2.01,1.121233,No,0.00,0.00
id#254,9.6268,7243.54,4708.30,10.9723,7566.99,7669.36,-0.013348,-1.33,1.125011,No,0.00,0.00
id#255,9.6268,8616.26,5600.57,10.9723,9002.71,9115.05,-0.012325,-1.23,1.125224,No,0.00,0.00
id#256,9.6268,6736.70,4378.86,10.9723,7034.19,7139.98,-0.014816,-1.48,1.124480,No,0.00,0.00
id#257,9.6268,3903.40,2537.21,10.9723,4074.19,4108.80,-0.008423,-0.84,1.124041,No,0.00,0.00
id#258,9.6268,6657.03,4327.07,10.9723,6950.64,7012.94,-0.008884,-0.89,1.124420,No,0.00,0.00
id#259,9.6268,5608.07,3645.24,10.9723,5840.29,5957.48,-0.019672,-1.97,1.121517,No,0.00,0.00
id#260,9.6268,8138.43,5289.98,10.9723,8503.78,8600.40,-0.011234,-1.12,1.125268,No,0.00,0.00
id#261,9.6268,7416.31,4820.60,10.9723,7748.29,7829.45,-0.010366,-1.04,1.125131,No,0.00,0.00
id#262,9.6268,5989.60,3893.24,10.9723,6258.52,6332.79,-0.011728,-1.17,1.125275,No,0.00,0.00
id#263,9.6268,6032.64,3921.21,10.9723,6212.32,6427.35,-0.033456,-3.35,1.108999,No,0.00,0.00
id#264,9.6268,3783.50,2459.27,10.9723,3944.71,4016.29,-0.017821,-1.78,1.122811,No,0.00,0.00
id#265,9.6268,5146.96,3345.53,10.9723,5324.30,5479.50,-0.028325,-2.83,1.114027,No,0.00,0.00
id#266,9.6268,4742.80,3082.82,10.9723,4947.22,4985.99,-0.007775,-0.78,1.123341,No,0.00,0.00
id#267,9.6268,8423.88,5475.52,10.9723,8802.11,8904.05,-0.011449,-1.14,1.125277,No,0.00,0.00
id#268,9.6268,5861.86,3810.21,10.9723,6118.61,6170.94,-0.008480,-0.85,1.124092,No,0.00,0.00
id#269,9.6268,7450.69,4842.95,10.9723,7730.87,7926.24,-0.024649,-2.46,1.117420,No,0.00,0.00
id#270,9.6268,6522.98,4239.94,10.9723,6743.87,6945.21,-0.028990,-2.90,1.113390,No,0.00,0.00
id#271,9.6268,4645.20,3019.38,10.9723,4853.51,4906.37,-0.010774,-1.08,1.125217,No,0.00,0.00
id#272,9.6268,5544.56,3603.96,10.9723,5790.41,5874.69,-0.014346,-1.43,1.124675,No,0.00,0.00
id#273,9.6268,6713.25,4363.61,10.9723,6950.95,7145.58,-0.027237,-2.72,1.115054,No,0.00,0.00
id#274,9.6268,8338.07,5419.75,10.9723,8690.57,8853.13,-0.018362,-1.84,1.122450,No,0.00,0.00
id#275,9.6268,4692.33,3050.01,10.9723,4893.94,4931.71,-0.007660,-0.77,1.123194,No,0.00,0.00
id#276,9.6268,8131.60,5285.54,10.9723,8427.89,8653.23,-0.026041,-2.60,1.116162,No,0.00,0.00
id#277,9.6268,4600.89,2990.58,10.9723,4799.64,4837.65,-0.007858,-0.79,1.123443,No,0.00,0.00
id#278,9.6268,5316.18,3455.52,10.9723,5553.33,5608.60,-0.009855,-0.99,1.124962,No,0.00,0.00
id#279,9.6268,6090.05,3958.53,10.9723,6363.49,6437.38,-0.011479,-1.15,1.125277,No,0.00,0.00
id#280,9.6268,8279.59,5381.73,10.9723,8651.00,8746.16,-0.010880,-1.09,1.125232,No,0.00,0.00
id#281,9.6268,6893.95,4481.06,10.9723,7067.63,7350.04,-0.038422,-3.84,1.104056,No,0.00,0.00
id#282,9.6268,5896.89,3832.98,10.9723,6161.58,6236.04,-0.011939,-1.19,1.125264,No,0.00,0.00
id#283,9.6268,4696.90,3052.98,10.9723,4907.17,4971.02,-0.012846,-1.28,1.125134,No,0.00,0.00
id#284,9.6268,7588.31,4932.40,10.9723,7923.19,7994.51,-0.008922,-0.89,1.124448,No,0.00,0.00
id#285,9.6268,8199.59,5329.73,10.9723,8567.75,8668.59,-0.011633,-1.16,1.125277,No,0.00,0.00
id#286,9.6268,6338.51,4120.03,10.9723,6622.56,6706.97,-0.012584,-1.26,1.125184,No,0.00,0.00
id#287,9.6268,5737.02,3729.07,10.9723,5929.63,6108.70,-0.029314,-2.93,1.113079,No,0.00,0.00
id#288,9.6268,5414.10,3519.16,10.9723,5591.81,5765.62,-0.030145,-3.01,1.112271,No,0.00,0.00
id#289,9.6268,4907.74,3190.03,10.9723,5035.03,5231.85,-0.037621,-3.76,1.104855,No,0.00,0.00
id#290,9.6268,4539.10,2950.41,10.9723,4739.54,4782.43,-0.008967,-0.90,1.124480,No,0.00,0.00
id#291,9.6268,5968.00,3879.20,10.9723,6231.56,6287.98,-0.008972,-0.90,1.124483,No,0.00,0.00
id#292,9.6268,5312.66,3453.23,10.9723,5544.52,5590.92,-0.008300,-0.83,1.123923,No,0.00,0.00
id#293,9.6268,4819.35,3132.58,10.9723,4982.91,5131.23,-0.028906,-2.89,1.113471,No,0.00,0.00
id#294,9.6268,3748.52,2436.54,10.9723,3913.16,3947.23,-0.008631,-0.86,1.124223,No,0.00,0.00
id#295,9.6268,5540.79,3601.51,10.9723,5743.65,5895.96,-0.025833,-2.58,1.116353,No,0.00,0.00
id#296,9.6268,8397.12,5458.13,10.9723,8759.90,8829.32,-0.007863,-0.79,1.123449,No,0.00,0.00
id#297,9.6268,5164.91,3357.19,10.9723,5395.75,5450.88,-0.010113,-1.01,1.125056,No,0.00,0.00
id#298,9.6268,5653.90,3675.04,10.9723,5902.77,5954.93,-0.008759,-0.88,1.124326,No,0.00,0.00
id#299,9.6268,7197.43,4678.33,10.9723,7510.76,7634.25,-0.016177,-1.62,1.123805,No,0.00,0.00
id#300,9.6268,5653.51,3674.78,10.9723,5899.38,5996.89,-0.016260,-1.63,1.123758,No,0.00,0.00
id#301,9.6268,6439.46,4185.65,10.9723,6718.65,6772.88,-0.008006,-0.80,1.123615,No,0.00,0.00
id#302,9.6268,7548.27,4906.37,10.9723,7882.44,7955.22,-0.009148,-0.91,1.124600,No,0.00,0.00
id#303,9.6268,6561.63,4265.06,10.9723,6856.14,6933.21,-0.011116,-1.11,1.125259,No,0.00,0.00
id#304,9.6268,7264.55,4721.96,10.9723,7586.71,7697.00,-0.014330,-1.43,1.124681,No,0.00,0.00
id#305,9.6268,6485.00,4215.25,10.9723,6641.09,6915.18,-0.039636,-3.96,1.102844,No,0.00,0.00
id#306,9.6268,6863.81,4461.48,10.9723,7165.68,7228.63,-0.008708,-0.87,1.124286,No,0.00,0.00
id#307,9.6268,6125.55,3981.61,10.9723,6372.49,6510.53,-0.021203,-2.12,1.120337,No,0.00,0.00
id#308,9.6268,7121.73,4629.12,10.9723,7438.21,7544.32,-0.014065,-1.41,1.124781,No,0.00,0.00
id#309,9.6268,4864.56,3161.97,10.9723,5044.21,5175.98,-0.025458,-2.55,1.116694,No,0.00,0.00
id#310,9.6268,6861.08,4459.70,10.9723,7168.89,7247.99,-0.010913,-1.09,1.125237,No,0.00,0.00
id#311,9.6268,5270.66,3425.93,10.9723,5502.03,5549.77,-0.008602,-0.86,1.124198,No,0.00,0.00
id#312,9.6268,7303.24,4747.10,10.9723,7630.86,7725.52,-0.012253,-1.23,1.125233,No,0.00,0.00
id#313,9.6268,6283.84,4084.50,10.9723,6555.80,6608.22,-0.007933,-0.79,1.123531,No,0.00,0.00
id#314,9.6268,3775.63,2454.16,10.9723,3944.40,3997.00,-0.013159,-1.32,1.125061,No,0.00,0.00
id#315,9.6268,8452.95,5494.42,10.9723,8724.01,9002.89,-0.030976,-3.10,1.111457,No,0.00,0.00
id#316,9.6268,3731.72,2425.62,10.9723,3892.37,3922.69,-0.007730,-0.77,1.123284,No,0.00,0.00
id#317,9.6268,6082.37,3953.54,10.9723,6354.68,6421.42,-0.010393,-1.04,1.125137,No,0.00,0.00
id#318,9.6268,3619.56,2352.71,10.9723,3776.29,3806.57,-0.007955,-0.80,1.123557,No,0.00,0.00
id#319,9.6268,5802.30,3771.49,10.9723,6059.85,6147.22,-0.014212,-1.42,1.124726,No,0.00,0.00
id#320,9.6268,6886.13,4475.98,10.9723,7195.14,7283.30,-0.012105,-1.21,1.125250,No,0.00,0.00
id#321,9.6268,7310.36,4751.74,10.9723,7638.52,7730.71,-0.011925,-1.19,1.125265,No,0.00,0.00
id#322,9.6268,5188.38,3372.45,10.9723,5421.32,5483.54,-0.011346,-1.13,1.125273,No,0.00,0.00
id#323,9.6268,5562.05,3615.33,10.9723,5799.95,5903.57,-0.017552,-1.76,1.122985,No,0.00,0.00
id#324,9.6268,5338.18,3469.82,10.9723,5469.69,5691.81,-0.039025,-3.90,1.103454,No,0.00,0.00
id#325,9.6268,4140.27,2691.18,10.9723,4322.77,4388.65,-0.015009,-1.50,1.124393,No,0.00,0.00
id#326,9.6268,6704.10,4357.67,10.9723,6999.73,7106.11,-0.014970,-1.50,1.124411,No,0.00,0.00
id#327,9.6268,6529.03,4243.87,10.9723,6792.67,6939.18,-0.021114,-2.11,1.120408,No,0.00,0.00
id#328,9.6268,6415.66,4170.18,10.9723,6695.71,6751.82,-0.008309,-0.83,1.123932,No,0.00,0.00
id#329,9.6268,6923.23,4500.10,10.9723,7162.83,7370.30,-0.028150,-2.82,1.114193,No,0.00,0.00
id#330,9.6268,4320.43,2808.28,10.9723,4507.13,4542.89,-0.007872,-0.79,1.123459,No,0.00,0.00
id#331,9.6268,5418.04,3521.72,10.9723,5651.49,5749.25,-0.017005,-1.70,1.123326,No,0.00,0.00
id#332,9.6268,7140.54,4641.35,10.9723,7386.65,7601.87,-0.028312,-2.83,1.114039,No,0.00,0.00
id#333,9.6268,6198.99,4029.35,10.9723,6459.30,6583.08,-0.018804,-1.88,1.122144,No,0.00,0.00
id#334,9.6268,5348.29,3476.39,10.9723,5527.83,5694.79,-0.029318,-2.93,1.113075,No,0.00,0.00
id#335,9.6268,4110.53,2671.84,10.9723,4288.14,4322.14,-0.007868,-0.79,1.123455,No,0.00,0.00
id#336,9.6268,8138.88,5290.27,10.9723,8493.47,8563.84,-0.008218,-0.82,1.123841,No,0.00,0.00
id#337,9.6268,7201.70,4681.11,10.9723,7500.31,7650.19,-0.019591,-1.96,1.121577,No,0.00,0.00
id#338,9.6268,4590.69,2983.95,10.9723,4749.95,4887.06,-0.028056,-2.81,1.114283,No,0.00,0.00
id#339,9.6268,7804.51,5072.93,10.9723,8153.93,8239.59,-0.010396,-1.04,1.125138,No,0.00,0.00
id#340,9.6268,6113.53,3973.79,10.9723,6362.08,6496.80,-0.020736,-2.07,1.120705,No,0.00,0.00
id#341,9.6268,6044.37,3928.84,10.9723,6315.01,6381.43,-0.010408,-1.04,1.125141,No,0.00,0.00
id#342,9.6268,6318.63,4107.11,10.9723,6598.66,6695.11,-0.014406,-1.44,1.124651,No,0.00,0.00
id#343,9.6268,5874.11,3818.17,10.9723,6125.69,6234.52,-0.017456,-1.75,1.123047,No,0.00,0.00
id#344,9.6268,5674.49,3688.42,10.9723,5867.17,6041.69,-0.028886,-2.89,1.113491,No,0.00,0.00
id#345,9.6268,6754.87,4390.66,10.9723,7054.95,7122.11,-0.009431,-0.94,1.124764,No,0.00,0.00
id#346,9.6268,8212.41,5338.07,10.9723,8576.67,8657.16,-0.009297,-0.93,1.124690,No,0.00,0.00
id#347,9.6268,5984.51,3889.93,10.9723,6249.37,6306.93,-0.009126,-0.91,1.124586,No,0.00,0.00
id#348,9.6268,6339.75,4120.84,10.9723,6535.65,6753.42,-0.032246,-3.22,1.110200,No,0.00,0.00
id#349,9.6268,6889.72,4478.32,10.9723,7197.48,7294.37,-0.013282,-1.33,1.125029,No,0.00,0.00
id#350,9.6268,5767.56,3748.91,10.9723,6014.76,6060.68,-0.007576,-0.76,1.123082,No,0.00,0.00
id#351,9.6268,5693.54,3700.80,10.9723,5829.51,6071.39,-0.039839,-3.98,1.102641,No,0.00,0.00
id#352,9.6268,6685.76,4345.75,10.9723,6910.04,7118.94,-0.029344,-2.93,1.113050,No,0.00,0.00
id#353,9.6268,8127.45,5282.84,10.9723,8492.35,8589.85,-0.011350,-1.14,1.125274,No,0.00,0.00
id#354,9.6268,5388.53,3502.54,10.9723,5589.23,5733.01,-0.025080,-2.51,1.117034,No,0.00,0.00
id#355,9.6268,8435.97,5483.38,10.9723,8809.47,8939.29,-0.014522,-1.45,1.124604,No,0.00,0.00
id#356,9.6268,5203.64,3382.36,10.9723,5381.39,5540.16,-0.028657,-2.87,1.113710,No,0.00,0.00
id#357,9.6268,5190.73,3373.97,10.9723,5419.15,5502.69,-0.015183,-1.52,1.124313,No,0.00,0.00
id#358,9.6268,7840.90,5096.58,10.9723,8188.13,8263.92,-0.009171,-0.92,1.124614,No,0.00,0.00
id#359,9.6268,6555.12,4260.83,10.9723,6844.92,6946.96,-0.014688,-1.47,1.124535,No,0.00,0.00
id#360,9.6268,8152.89,5299.38,10.9723,8517.70,8629.43,-0.012948,-1.29,1.125112,No,0.00,0.00
id#361,9.6268,7685.31,4995.45,10.9723,8027.78,8106.72,-0.009737,-0.97,1.124913,No,0.00,0.00
id#362,9.6268,5411.61,3517.55,10.9723,5645.38,5741.90,-0.016810,-1.68,1.123443,No,0.00,0.00
id#363,9.6268,5464.35,3551.82,10.9723,5636.86,5820.30,-0.031517,-3.15,1.110923,No,0.00,0.00
id#364,9.6268,6580.43,4277.28,10.9723,6868.79,6927.72,-0.008506,-0.85,1.124115,No,0.00,0.00
id#365,9.6268,4332.67,2816.24,10.9723,4467.69,4615.19,-0.031960,-3.20,1.110484,No,0.00,0.00
id#366,9.6268,8368.07,5439.24,10.9723,8738.08,8817.95,-0.009058,-0.91,1.124542,No,0.00,0.00
id#367,9.6268,6637.64,4314.47,10.9723,6858.64,7068.02,-0.029624,-2.96,1.112778,No,0.00,0.00
id#368,9.6268,7579.72,4926.82,10.9723,7852.79,8066.72,-0.026520,-2.65,1.115722,No,0.00,0.00
id#369,9.6268,8015.06,5209.79,10.9723,8360.18,8505.25,-0.017057,-1.71,1.123294,No,0.00,0.00
id#370,9.6268,7271.74,4726.63,10.9723,7590.87,7656.62,-0.008587,-0.86,1.124186,No,0.00,0.00
id#371,9.6268,6427.42,4177.83,10.9723,6713.26,6777.83,-0.009527,-0.95,1.124815,No,0.00,0.00
id#372,9.6268,5152.95,3349.42,10.9723,5376.18,5466.83,-0.016582,-1.66,1.123576,No,0.00,0.00
id#373,9.6268,4639.48,3015.66,10.9723,4841.03,4880.51,-0.008090,-0.81,1.123707,No,0.00,0.00
id#374,9.6268,7385.84,4800.80,10.9723,7712.06,7781.96,-0.008981,-0.90,1.124490,No,0.00,0.00
id#375,9.6268,9222.56,5994.66,10.9723,9605.06,9796.84,-0.019575,-1.96,1.121588,No,0.00,0.00
id#376,9.6268,3408.54,2215.55,10.9723,3555.41,3583.23,-0.007763,-0.78,1.123326,No,0.00,0.00
id#377,9.6268,6491.73,4219.62,10.9723,6780.20,6844.93,-0.009456,-0.95,1.124778,No,0.00,0.00
id#378,9.6268,5751.37,3738.39,10.9723,6004.45,6057.40,-0.008741,-0.87,1.124312,No,0.00,0.00
id#379,9.6268,6271.64,4076.57,10.9723,6552.48,6621.55,-0.010431,-1.04,1.125147,No,0.00,0.00
id#380,9.6268,8497.95,5523.67,10.9723,8872.05,9008.48,-0.015145,-1.51,1.124331,No,0.00,0.00
id#381,9.6268,6770.03,4400.52,10.9723,7069.34,7174.71,-0.014686,-1.47,1.124536,No,0.00,0.00
id#382,9.6268,5967.78,3879.05,10.9723,6234.94,6316.04,-0.012840,-1.28,1.125135,No,0.00,0.00
id#383,9.6268,4647.81,3021.08,10.9723,4856.42,4915.34,-0.011987,-1.20,1.125260,No,0.00,0.00
id#384,9.6268,5741.37,3731.89,10.9723,5979.38,6098.94,-0.019603,-1.96,1.121567,No,0.00,0.00
id#385,9.6268,7365.71,4787.71,10.9723,7693.40,7801.96,-0.013914,-1.39,1.124834,No,0.00,0.00
id#386,9.6268,5512.51,3583.13,10.9723,5746.17,5852.58,-0.018182,-1.82,1.122572,No,0.00,0.00
id#387,9.6268,6694.43,4351.38,10.9723,6994.86,7080.32,-0.012070,-1.21,1.125253,No,0.00,0.00
id#388,9.6268,6328.27,4113.37,10.9723,6545.90,6737.21,-0.028397,-2.84,1.113958,No,0.00,0.00
id#389,9.6268,6384.81,4150.13,10.9723,6642.04,6786.16,-0.021238,-2.12,1.120309,No,0.00,0.00
id#390,9.6268,6049.44,3932.13,10.9723,6319.72,6404.53,-0.013242,-1.32,1.125039,No,0.00,0.00
id#391,9.6268,3751.82,2438.68,10.9723,3903.53,3987.40,-0.021034,-2.10,1.120471,No,0.00,0.00
id#392,9.6268,6897.02,4483.06,10.9723,7203.12,7271.09,-0.009348,-0.93,1.124719,No,0.00,0.00
id#393,9.6268,5618.80,3652.22,10.9723,5866.73,5919.49,-0.008913,-0.89,1.124441,No,0.00,0.00
id#394,9.6268,4296.02,2792.41,10.9723,4480.89,4515.74,-0.007717,-0.77,1.123267,No,0.00,0.00
id#395,9.6268,5806.01,3773.90,10.9723,6062.90,6152.72,-0.014598,-1.46,1.124573,No,0.00,0.00
id#396,9.6268,3601.37,2340.89,10.9723,3759.42,3818.41,-0.015450,-1.54,1.124184,No,0.00,0.00
id#397,9.6268,6002.72,3901.77,10.9723,6271.71,6351.79,-0.012608,-1.26,1.125180,No,0.00,0.00
id#398,9.6268,5320.95,3458.61,10.9723,5559.59,5620.40,-0.010819,-1.08,1.125224,No,0.00,0.00
id#399,9.6268,6935.44,4508.03,10.9723,7218.67,7369.62,-0.020482,-2.05,1.120903,No,0.00,0.00
id#400,9.6268,5076.80,3299.92,10.9723,5304.73,5365.75,-0.011371,-1.14,1.125274,No,0.00,0.00
id#401,9.6268,7291.69,4739.60,10.9723,7609.29,7672.25,-0.008206,-0.82,1.123829,No,0.00,0.00
id#402,9.6268,6745.13,4384.34,10.9723,7041.51,7151.15,-0.015332,-1.53,1.124242,No,0.00,0.00
id#403,9.6268,5395.21,3506.88,10.9723,5635.35,5690.06,-0.009615,-0.96,1.124857,No,0.00,0.00
id#404,9.6268,4205.59,2733.63,10.9723,4359.96,4475.08,-0.025723,-2.57,1.116453,No,0.00,0.00
id#405,9.6268,6262.14,4070.39,10.9723,6543.21,6616.81,-0.011124,-1.11,1.125260,No,0.00,0.00
id#406,9.6268,6118.77,3977.20,10.9723,6384.70,6436.91,-0.008110,-0.81,1.123729,No,0.00,0.00
id#407,9.6268,4893.65,3180.87,10.9723,5104.47,5144.36,-0.007755,-0.78,1.123316,No,0.00,0.00
id#408,9.6268,6154.79,4000.61,10.9723,6427.85,6520.94,-0.014276,-1.43,1.124702,No,0.00,0.00
id#409,9.6268,6841.75,4447.14,10.9723,7137.59,7194.42,-0.007898,-0.79,1.123490,No,0.00,0.00
id#410,9.6268,5952.99,3869.44,10.9723,6147.65,6339.62,-0.030282,-3.03,1.112138,No,0.00,0.00
id#411,9.6268,6240.00,4056.00,10.9723,6514.84,6572.65,-0.008796,-0.88,1.124355,No,0.00,0.00
id#412,9.6268,6807.36,4424.78,10.9723,7112.88,7192.63,-0.011088,-1.11,1.125257,No,0.00,0.00
id#413,9.6268,4008.95,2605.82,10.9723,4187.89,4229.89,-0.009930,-0.99,1.124991,No,0.00,0.00
id#414,9.6268,3757.04,2442.07,10.9723,3925.60,3969.08,-0.010955,-1.10,1.125242,No,0.00,0.00
id#415,9.6268,8708.68,5660.64,10.9723,9094.92,9227.02,-0.014317,-1.43,1.124686,No,0.00,0.00
id#416,9.6268,4726.67,3072.34,10.9723,4918.86,5022.99,-0.020729,-2.07,1.120711,No,0.00,0.00
id#417,9.6268,5482.13,3563.38,10.9723,5672.40,5836.03,-0.028038,-2.80,1.114299,No,0.00,0.00
id#418,9.6268,6256.17,4066.51,10.9723,6524.77,6639.48,-0.017276,-1.73,1.123159,No,0.00,0.00
id#419,9.6268,4842.15,3147.40,10.9723,5056.24,5102.42,-0.009052,-0.91,1.124538,No,0.00,0.00
id#420,9.6268,6182.30,4018.49,10.9723,6407.46,6578.90,-0.026059,-2.61,1.116146,No,0.00,0.00
id#421,9.6268,6029.56,3919.21,10.9723,6289.87,6397.69,-0.016853,-1.69,1.123417,No,0.00,0.00
id#422,9.6268,6393.82,4155.99,10.9723,6678.79,6744.60,-0.009756,-0.98,1.124921,No,0.00,0.00
id#423,9.6268,6356.20,4131.53,10.9723,6641.49,6716.18,-0.011120,-1.11,1.125259,No,0.00,0.00
id#424,9.6268,5310.46,3451.80,10.9723,5548.88,5615.05,-0.011785,-1.18,1.125272,No,0.00,0.00
id#425,9.6268,6018.80,3912.22,10.9723,6273.70,6390.27,-0.018241,-1.82,1.122532,No,0.00,0.00
id#426,9.6268,4700.19,3055.12,10.9723,4889.25,4995.77,-0.021321,-2.13,1.120242,No,0.00,0.00
id#427,9.6268,8125.86,5281.81,10.9723,8460.50,8633.15,-0.019998,-2.00,1.121273,No,0.00,0.00
id#428,9.6268,3845.92,2499.85,10.9723,3949.50,4099.30,-0.036545,-3.65,1.105927,No,0.00,0.00
id#429,9.6268,6406.30,4164.09,10.9723,6692.26,6783.19,-0.013406,-1.34,1.124994,No,0.00,0.00
id#430,9.6268,7096.07,4612.44,10.9723,7414.68,7502.12,-0.011655,-1.17,1.125277,No,0.00,0.00
id#431,9.6268,9062.45,5890.59,10.9723,9467.45,9594.09,-0.013200,-1.32,1.125050,No,0.00,0.00
id#432,9.6268,5961.54,3875.00,10.9723,6103.38,6357.26,-0.039934,-3.99,1.102546,No,0.00,0.00
id#433,9.6268,3542.70,2302.75,10.9723,3701.69,3743.14,-0.011074,-1.11,1.125255,No,0.00,0.00
id#434,9.6268,4845.91,3149.84,10.9723,5063.21,5118.30,-0.010763,-1.08,1.125215,No,0.00,0.00
id#435,9.6268,8653.57,5624.82,10.9723,9039.22,9164.45,-0.013665,-1.37,1.124916,No,0.00,0.00
id#436,9.6268,6275.98,4079.39,10.9723,6439.82,6690.29,-0.037438,-3.74,1.105037,No,0.00,0.00
id#437,9.6268,4336.80,2818.92,10.9723,4529.48,4572.64,-0.009439,-0.94,1.124769,No,0.00,0.00
id#438,9.6268,5309.50,3451.18,10.9723,5544.85,5596.58,-0.009243,-0.92,1.124658,No,0.00,0.00
id#439,9.6268,6021.56,3914.01,10.9723,6291.86,6363.07,-0.011191,-1.12,1.125265,No,0.00,0.00
id#440,9.6268,5806.51,3774.23,10.9723,6027.37,6176.35,-0.024122,-2.41,1.117885,No,0.00,0.00
id#441,9.6268,4904.82,3188.13,10.9723,5121.11,5166.96,-0.008873,-0.89,1.124413,No,0.00,0.00
id#442,9.6268,6101.82,3966.18,10.9723,6373.94,6461.53,-0.013555,-1.36,1.124950,No,0.00,0.00
id#443,9.6268,5642.97,3667.93,10.9723,5840.33,6006.92,-0.027733,-2.77,1.114588,No,0.00,0.00
id#444,9.6268,3804.62,2473.00,10.9723,3919.02,4053.38,-0.033150,-3.31,1.109303,No,0.00,0.00
id#445,9.6268,4460.61,2899.40,10.9723,4652.74,4733.36,-0.017032,-1.70,1.123309,No,0.00,0.00
id#446,9.6268,7516.05,4885.43,10.9723,7849.07,7922.05,-0.009212,-0.92,1.124640,No,0.00,0.00
id#447,9.6268,5947.22,3865.69,10.9723,6213.71,6280.12,-0.010573,-1.06,1.125179,No,0.00,0.00
id#448,9.6268,6352.62,4129.20,10.9723,6550.76,6766.83,-0.031931,-3.19,1.110513,No,0.00,0.00
id#449,9.6268,4907.93,3190.16,10.9723,5125.89,5174.55,-0.009403,-0.94,1.124749,No,0.00,0.00
id#450,9.6268,6223.67,4045.38,10.9723,6494.43,6547.82,-0.008154,-0.82,1.123776,No,0.00,0.00
id#451,9.6268,5806.69,3774.35,10.9723,6053.63,6164.33,-0.017959,-1.80,1.122721,No,0.00,0.00
id#452,9.6268,3955.09,2570.81,10.9723,4132.23,4185.53,-0.012733,-1.27,1.125157,No,0.00,0.00
id#453,9.6268,8637.46,5614.35,10.9723,9024.17,9141.38,-0.012822,-1.28,1.125139,No,0.00,0.00
id#454,9.6268,8866.18,5763.02,10.9723,9219.99,9424.96,-0.021748,-2.17,1.119897,No,0.00,0.00
id#455,9.6268,3129.63,2034.26,10.9723,3264.49,3290.04,-0.007765,-0.78,1.123329,No,0.00,0.00
id#456,9.6268,7044.75,4579.09,10.9723,7360.74,7441.46,-0.010848,-1.08,1.125228,No,0.00,0.00
id#457,9.6268,5460.18,3549.12,10.9723,5705.03,5767.10,-0.010763,-1.08,1.125215,No,0.00,0.00
id#458,9.6268,8605.20,5593.38,10.9723,8981.03,9056.52,-0.008335,-0.83,1.123957,No,0.00,0.00
id#459,9.6268,5167.33,3358.77,10.9723,5398.35,5453.72,-0.010153,-1.02,1.125069,No,0.00,0.00
id#460,9.6268,4718.33,3066.91,10.9723,4926.07,4969.68,-0.008776,-0.88,1.124339,No,0.00,0.00
id#461,9.6268,3860.70,2509.45,10.9723,4031.72,4090.87,-0.014458,-1.45,1.124630,No,0.00,0.00
id#462,9.6268,4830.22,3139.64,10.9723,5046.81,5110.22,-0.012409,-1.24,1.125212,No,0.00,0.00
id#463,9.6268,6634.92,4312.70,10.9723,6902.12,7052.04,-0.021258,-2.13,1.120293,No,0.00,0.00
id#464,9.6268,8829.62,5739.25,10.9723,9225.66,9326.82,-0.010845,-1.08,1.125228,No,0.00,0.00
id#465,9.6268,8876.30,5769.59,10.9723,9136.81,9457.69,-0.033928,-3.39,1.108530,No,0.00,0.00
id#466,9.6268,6654.93,4325.70,10.9723,6943.47,6999.52,-0.008008,-0.80,1.123617,No,0.00,0.00
id#467,9.6268,7082.52,4603.64,10.9723,7397.96,7470.26,-0.009678,-0.97,1.124887,No,0.00,0.00
id#468,9.6268,7300.40,4745.26,10.9723,7624.36,7696.21,-0.009336,-0.93,1.124712,No,0.00,0.00
id#469,9.6268,8697.87,5653.62,10.9723,9067.14,9234.05,-0.018076,-1.81,1.122643,No,0.00,0.00
id#470,9.6268,8390.95,5454.12,10.9723,8766.63,8880.49,-0.012820,-1.28,1.125139,No,0.00,0.00
id#471,9.6268,4707.69,3060.00,10.9723,4896.61,5003.94,-0.021449,-2.14,1.120140,No,0.00,0.00
id#472,9.6268,6594.71,4286.56,10.9723,6886.89,6950.89,-0.009207,-0.92,1.124637,No,0.00,0.00
id#473,9.6268,7621.26,4953.82,10.9723,7952.16,8016.83,-0.008067,-0.81,1.123682,No,0.00,0.00
id#474,9.6268,5002.54,3251.65,10.9723,5140.76,5331.58,-0.035792,-3.58,1.106677,No,0.00,0.00
id#475,9.6268,4832.94,3141.41,10.9723,5049.58,5103.98,-0.010658,-1.07,1.125196,No,0.00,0.00
id#476,9.6268,8122.51,5279.63,10.9723,8483.36,8564.14,-0.009433,-0.94,1.124766,No,0.00,0.00
id#477,9.6268,3761.64,2445.07,10.9723,3928.80,3984.88,-0.014075,-1.41,1.124777,No,0.00,0.00
id#478,9.6268,8048.10,5231.26,10.9723,8407.67,8520.56,-0.013249,-1.32,1.125038,No,0.00,0.00
id#479,9.6268,7486.27,4866.07,10.9723,7820.33,7927.00,-0.013456,-1.35,1.124980,No,0.00,0.00
id#480,9.6268,6787.33,4411.76,10.9723,7078.43,7132.62,-0.007598,-0.76,1.123111,No,0.00,0.00
id#481,9.6268,4870.53,3165.85,10.9723,5080.30,5119.96,-0.007746,-0.77,1.123305,No,0.00,0.00
id#482,9.6268,5235.65,3403.17,10.9723,5468.94,5544.85,-0.013691,-1.37,1.124908,No,0.00,0.00
id#483,9.6268,4707.13,3059.64,10.9723,4918.33,4972.78,-0.010949,-1.09,1.125242,No,0.00,0.00
id#484,9.6268,6573.47,4272.75,10.9723,6855.35,6976.49,-0.017364,-1.74,1.123104,No,0.00,0.00
id#485,9.6268,6161.72,4005.12,10.9723,6334.45,6566.61,-0.035356,-3.54,1.107111,No,0.00,0.00
id#486,9.6268,4237.22,2754.19,10.9723,4423.76,4462.89,-0.008769,-0.88,1.124334,No,0.00,0.00
id#487,9.6268,5148.47,3346.51,10.9723,5377.93,5452.39,-0.013657,-1.37,1.124919,No,0.00,0.00
id#488,9.6268,6581.63,4278.06,10.9723,6874.78,6942.02,-0.009685,-0.97,1.124890,No,0.00,0.00
id#489,9.6268,7206.38,4684.15,10.9723,7526.96,7599.60,-0.009559,-0.96,1.124830,No,0.00,0.00
id#490,9.6268,5883.52,3824.29,10.9723,6136.19,6183.45,-0.007643,-0.76,1.123171,No,0.00,0.00
id#491,9.6268,6878.28,4470.88,10.9723,7176.03,7233.48,-0.007942,-0.79,1.123542,No,0.00,0.00
id#492,9.6268,4061.29,2639.84,10.9723,4242.76,4285.91,-0.010070,-1.01,1.125042,No,0.00,0.00
id#493,9.6268,6648.26,4321.37,10.9723,6861.71,7080.75,-0.030934,-3.09,1.111498,No,0.00,0.00
id#494,9.6268,6756.59,4391.79,10.9723,7049.70,7106.76,-0.008029,-0.80,1.123640,No,0.00,0.00
id#495,9.6268,6601.76,4291.14,10.9723,6897.37,6970.02,-0.010423,-1.04,1.125145,No,0.00,0.00
id#496,9.6268,7439.80,4835.87,10.9723,7769.21,7883.68,-0.014520,-1.45,1.124605,No,0.00,0.00
id#497,9.6268,6693.36,4350.69,10.9723,6988.25,7050.40,-0.008815,-0.88,1.124369,No,0.00,0.00
id#498,9.6268,5477.00,3560.05,10.9723,5722.69,5793.70,-0.012256,-1.23,1.125233,No,0.00,0.00
id#499,9.6268,7413.53,4818.79,10.9723,7745.38,7846.36,-0.012870,-1.29,1.125129,No,0.00,0.00
