position_id,seed_price,position_value_at_seed,loan_amount,close_price,position_value_at_close,hold_value,impermanent_loss,impermanent_loss_pct,health_factor,should_liquidate,repay_amount,collateral_to_take
id#0,191.0411,5751.34,3738.37,180.5524,5581.53,5607.13,-0.004565,-0.46,1.045127,No,0.00,0.00
id#1,191.0411,5946.96,3865.53,180.5524,5814.73,5823.75,-0.001548,-0.15,1.052978,No,0.00,0.00
id#2,191.0411,5471.57,3556.52,180.5524,5299.81,5331.41,-0.005928,-0.59,1.043117,No,0.00,0.00
id#3,191.0411,8464.26,5501.77,180.5524,8259.87,8276.52,-0.002011,-0.20,1.050918,No,0.00,0.00
id#4,191.0411,5952.70,3869.26,180.5524,5797.62,5813.17,-0.002675,-0.27,1.048866,No,0.00,0.00
id#5,191.0411,5268.43,3424.48,180.5524,5139.83,5150.59,-0.002089,-0.21,1.050636,No,0.00,0.00
id#6,191.0411,3412.54,2218.15,180.5524,3336.04,3341.33,-0.001585,-0.16,1.052779,No,0.00,0.00
id#7,191.0411,7745.62,5034.65,180.5524,7516.51,7551.26,-0.004602,-0.46,1.045068,No,0.00,0.00
id#8,191.0411,5956.46,3871.70,180.5524,5828.17,5836.43,-0.001417,-0.14,1.053727,No,0.00,0.00
id#9,191.0411,5769.03,3749.87,180.5524,5639.13,5648.20,-0.001606,-0.16,1.052676,No,0.00,0.00
id#10,191.0411,4090.18,2658.61,180.5524,3996.15,4002.99,-0.001711,-0.17,1.052166,No,0.00,0.00
id#11,191.0411,5184.29,3369.79,180.5524,5057.61,5068.24,-0.002096,-0.21,1.050609,No,0.00,0.00
id#12,191.0411,8450.38,5492.75,180.5524,8256.34,8270.43,-0.001704,-0.17,1.052195,No,0.00,0.00
id#13,191.0411,4228.95,2748.82,180.5524,4118.48,4129.65,-0.002704,-0.27,1.048791,No,0.00,0.00
id#14,191.0411,5277.04,3430.08,180.5524,5137.50,5152.14,-0.002842,-0.28,1.048445,No,0.00,0.00
id#15,191.0411,6383.34,4149.17,180.5524,6192.17,6222.38,-0.004856,-0.49,1.044671,No,0.00,0.00
id#16,191.0411,4119.86,2677.91,180.5524,4003.71,4018.71,-0.003731,-0.37,1.046563,No,0.00,0.00
id#17,191.0411,6107.26,3969.72,180.5524,5928.01,5954.50,-0.004448,-0.44,1.045316,No,0.00,0.00
id#18,191.0411,4640.17,3016.11,180.5524,4515.04,4529.00,-0.003083,-0.31,1.047882,No,0.00,0.00
id#19,191.0411,5233.89,3402.03,180.5524,5119.94,5127.42,-0.001459,-0.15,1.053477,No,0.00,0.00
id#20,191.0411,6205.89,4033.83,180.5524,6028.64,6052.54,-0.003949,-0.39,1.046166,No,0.00,0.00
id#21,191.0411,7683.81,4994.48,180.5524,7504.86,7518.26,-0.001782,-0.18,1.051842,No,0.00,0.00
id#22,191.0411,4899.07,3184.39,180.5524,4772.80,4785.06,-0.002562,-0.26,1.049167,No,0.00,0.00
id#23,191.0411,5798.17,3768.81,180.5524,5630.48,5654.07,-0.004172,-0.42,1.045776,No,0.00,0.00
id#24,191.0411,6459.93,4198.96,180.5524,6285.87,6305.24,-0.003072,-0.31,1.047906,No,0.00,0.00
id#25,191.0411,4787.58,3111.93,180.5524,4664.76,4676.52,-0.002516,-0.25,1.049296,No,0.00,0.00
id#26,191.0411,5907.28,3839.73,180.5524,5752.10,5768.05,-0.002766,-0.28,1.048633,No,0.00,0.00
id#27,191.0411,4470.95,2906.12,180.5524,4374.46,4380.70,-0.001424,-0.14,1.053681,No,0.00,0.00
id#28,191.0411,4611.69,2997.60,180.5524,4510.37,4517.13,-0.001496,-0.15,1.053263,No,0.00,0.00
id#29,191.0411,4596.69,2987.85,180.5524,4492.01,4499.48,-0.001662,-0.17,1.052398,No,0.00,0.00
id#30,191.0411,4454.46,2895.40,180.5524,4356.51,4363.05,-0.001500,-0.15,1.053242,No,0.00,0.00
id#31,191.0411,6438.32,4184.91,180.5524,6292.96,6303.16,-0.001619,-0.16,1.052609,No,0.00,0.00
id#32,191.0411,4395.62,2857.15,180.5524,4293.27,4300.93,-0.001781,-0.18,1.051848,No,0.00,0.00
id#33,191.0411,6194.77,4026.60,180.5524,6017.14,6041.42,-0.004018,-0.40,1.046043,No,0.00,0.00
id#34,191.0411,8228.92,5348.80,180.5524,8003.66,8030.05,-0.003286,-0.33,1.047442,No,0.00,0.00
id#35,191.0411,6491.37,4219.39,180.5524,6326.34,6341.75,-0.002429,-0.24,1.049545,No,0.00,0.00
id#36,191.0411,6955.69,4521.20,180.5524,6762.24,6786.11,-0.003517,-0.35,1.046973,No,0.00,0.00
id#37,191.0411,6125.27,3981.43,180.5524,5953.32,5975.21,-0.003663,-0.37,1.046692,No,0.00,0.00
id#38,191.0411,6181.38,4017.89,180.5524,6012.05,6031.93,-0.003295,-0.33,1.047423,No,0.00,0.00
id#39,191.0411,4340.06,2821.04,180.5524,4238.75,4246.38,-0.001796,-0.18,1.051784,No,0.00,0.00
id#40,191.0411,7166.60,4658.29,180.5524,7010.82,7021.02,-0.001452,-0.15,1.053514,No,0.00,0.00
id#41,191.0411,5045.07,3279.29,180.5524,4878.91,4914.22,-0.007186,-0.72,1.041455,No,0.00,0.00
id#42,191.0411,5625.04,3656.27,180.5524,5495.67,5505.10,-0.001713,-0.17,1.052156,No,0.00,0.00
id#43,191.0411,3528.47,2293.50,180.5524,3429.95,3442.27,-0.003578,-0.36,1.046854,No,0.00,0.00
id#44,191.0411,7565.89,4917.83,180.5524,7370.47,7389.57,-0.002584,-0.26,1.049107,No,0.00,0.00
id#45,191.0411,5897.50,3833.38,180.5524,5755.78,5767.19,-0.001978,-0.20,1.051045,No,0.00,0.00
id#46,191.0411,8029.35,5219.08,180.5524,7815.20,7838.28,-0.002944,-0.29,1.048201,No,0.00,0.00
id#47,191.0411,7029.39,4569.11,180.5524,6842.68,6862.54,-0.002895,-0.29,1.048318,No,0.00,0.00
id#48,191.0411,5566.92,3618.50,180.5524,5437.37,5447.05,-0.001778,-0.18,1.051861,No,0.00,0.00
id#49,191.0411,7252.04,4713.83,180.5524,7042.11,7071.73,-0.004188,-0.42,1.045749,No,0.00,0.00
id#50,191.0411,6898.29,4483.89,180.5524,6741.58,6752.72,-0.001649,-0.16,1.052459,No,0.00,0.00
id#51,191.0411,5447.25,3540.71,180.5524,5300.95,5317.06,-0.003031,-0.30,1.047999,No,0.00,0.00
id#52,191.0411,7046.43,4580.18,180.5524,6852.96,6875.85,-0.003328,-0.33,1.047354,No,0.00,0.00
id#53,191.0411,6836.86,4443.96,180.5524,6662.77,6679.09,-0.002444,-0.24,1.049501,No,0.00,0.00
id#54,191.0411,7001.19,4550.78,180.5524,6833.75,6847.07,-0.001946,-0.19,1.051167,No,0.00,0.00
id#55,191.0411,6752.24,4388.95,180.5524,6584.31,6599.06,-0.002236,-0.22,1.050140,No,0.00,0.00
id#56,191.0411,7482.75,4863.79,180.5524,7243.20,7290.02,-0.006422,-0.64,1.042448,No,0.00,0.00
id#57,191.0411,6154.93,4000.70,180.5524,5987.31,6006.62,-0.003214,-0.32,1.047595,No,0.00,0.00
id#58,191.0411,8336.60,5418.79,180.5524,8147.57,8160.96,-0.001640,-0.16,1.052505,No,0.00,0.00
id#59,191.0411,7281.22,4732.79,180.5524,7092.62,7111.21,-0.002613,-0.26,1.049028,No,0.00,0.00
id#60,191.0411,4800.52,3120.33,180.5524,4698.36,4704.81,-0.001372,-0.14,1.054006,No,0.00,0.00
id#61,191.0411,7130.67,4634.94,180.5524,6947.01,6964.81,-0.002556,-0.26,1.049186,No,0.00,0.00
id#62,191.0411,5678.31,3690.90,180.5524,5541.36,5552.48,-0.002003,-0.20,1.050950,No,0.00,0.00
id#63,191.0411,5610.90,3647.08,180.5524,5484.40,5493.25,-0.001612,-0.16,1.052644,No,0.00,0.00
id#64,191.0411,5423.99,3525.59,180.5524,5281.50,5296.15,-0.002766,-0.28,1.048632,No,0.00,0.00
id#65,191.0411,7465.94,4852.86,180.5524,7259.16,7284.33,-0.003455,-0.35,1.047096,No,0.00,0.00
id#66,191.0411,7331.53,4765.50,180.5524,7161.67,7174.25,-0.001753,-0.18,1.051973,No,0.00,0.00
id#67,191.0411,7132.15,4635.89,180.5524,6962.31,6975.68,-0.001917,-0.19,1.051278,No,0.00,0.00
id#68,191.0411,6465.22,4202.39,180.5524,6295.07,6312.66,-0.002787,-0.28,1.048581,No,0.00,0.00
id#69,191.0411,5467.11,3553.62,180.5524,5336.34,5346.75,-0.001947,-0.19,1.051163,No,0.00,0.00
id#70,191.0411,7020.93,4563.61,180.5524,6869.49,6879.28,-0.001422,-0.14,1.053694,No,0.00,0.00
id#71,191.0411,6593.61,4285.84,180.5524,6395.63,6427.19,-0.004910,-0.49,1.044588,No,0.00,0.00
id#72,191.0411,4428.19,2878.32,180.5524,4288.96,4314.70,-0.005966,-0.60,1.043065,No,0.00,0.00
id#73,191.0411,9840.67,6396.44,180.5524,9562.72,9598.83,-0.003762,-0.38,1.046505,No,0.00,0.00
id#74,191.0411,8553.20,5559.58,180.5524,8278.78,8332.78,-0.006480,-0.65,1.042371,No,0.00,0.00
id#75,191.0411,8695.64,5652.17,180.5524,8502.69,8515.79,-0.001539,-0.15,1.053027,No,0.00,0.00
id#76,191.0411,5426.69,3527.35,180.5524,5253.20,5286.97,-0.006387,-0.64,1.042495,No,0.00,0.00
id#77,191.0411,5192.80,3375.32,180.5524,5082.18,5089.18,-0.001376,-0.14,1.053982,No,0.00,0.00
id#78,191.0411,8226.53,5347.25,180.5524,8019.26,8038.12,-0.002347,-0.23,1.049789,No,0.00,0.00
id#79,191.0411,6219.35,4042.58,180.5524,6031.23,6061.96,-0.005069,-0.51,1.044348,No,0.00,0.00
id#80,191.0411,5299.83,3444.89,180.5524,5181.47,5189.60,-0.001568,-0.16,1.052871,No,0.00,0.00
id#81,191.0411,9205.70,5983.71,180.5524,9004.68,9017.94,-0.001471,-0.15,1.053406,No,0.00,0.00
id#82,191.0411,6869.23,4465.00,180.5524,6721.10,6730.66,-0.001421,-0.14,1.053700,No,0.00,0.00
id#83,191.0411,8229.17,5348.96,180.5524,8028.06,8044.94,-0.002098,-0.21,1.050604,No,0.00,0.00
id#84,191.0411,9689.84,6298.39,180.5524,9450.78,9471.33,-0.002171,-0.22,1.050354,No,0.00,0.00
id#85,191.0411,7959.09,5173.41,180.5524,7780.23,7792.67,-0.001597,-0.16,1.052721,No,0.00,0.00
id#86,191.0411,6785.60,4410.64,180.5524,6600.03,6621.69,-0.003272,-0.33,1.047472,No,0.00,0.00
id#87,191.0411,6969.25,4530.01,180.5524,6796.35,6811.44,-0.002215,-0.22,1.050206,No,0.00,0.00
id#88,191.0411,4895.99,3182.39,180.5524,4783.29,4791.52,-0.001718,-0.17,1.052133,No,0.00,0.00
id#89,191.0411,5201.06,3380.69,180.5524,5076.19,5086.22,-0.001972,-0.20,1.051067,No,0.00,0.00
id#90,191.0411,7793.13,5065.54,180.5524,7584.25,7607.11,-0.003006,-0.30,1.048057,No,0.00,0.00
id#91,191.0411,4706.74,3059.38,180.5524,4603.51,4610.38,-0.001489,-0.15,1.053303,No,0.00,0.00
id#92,191.0411,5450.70,3542.96,180.5524,5303.84,5320.18,-0.003072,-0.31,1.047906,No,0.00,0.00
id#93,191.0411,7395.15,4806.85,180.5524,7217.48,7231.77,-0.001976,-0.20,1.051050,No,0.00,0.00
id#94,191.0411,4743.94,3083.56,180.5524,4639.46,4646.46,-0.001506,-0.15,1.053205,No,0.00,0.00
id#95,191.0411,4217.37,2741.29,180.5524,4112.88,4121.97,-0.002205,-0.22,1.050239,No,0.00,0.00
id#96,191.0411,9239.55,6005.71,180.5524,9037.62,9050.96,-0.001474,-0.15,1.053387,No,0.00,0.00
id#97,191.0411,5341.99,3472.29,180.5524,5221.13,5229.65,-0.001629,-0.16,1.052559,No,0.00,0.00
id#98,191.0411,5283.25,3434.11,180.5524,5118.95,5148.30,-0.005700,-0.57,1.043433,No,0.00,0.00
id#99,191.0411,6474.75,4208.59,180.5524,6329.86,6339.86,-0.001577,-0.16,1.052825,No,0.00,0.00
id#100,191.0411,6087.40,3956.81,180.5524,5891.65,5930.43,-0.006538,-0.65,1.042294,No,0.00,0.00
id#101,191.0411,6766.89,4398.48,180.5524,6618.87,6628.67,-0.001478,-0.15,1.053367,No,0.00,0.00
id#102,191.0411,4746.16,3085.01,180.5524,4607.56,4627.70,-0.004353,-0.44,1.045472,No,0.00,0.00
id#103,191.0411,4349.87,2827.42,180.5524,4244.18,4252.92,-0.002055,-0.21,1.050757,No,0.00,0.00
id#104,191.0411,7734.03,5027.12,180.5524,7567.52,7578.24,-0.001415,-0.14,1.053736,No,0.00,0.00
id#105,191.0411,7761.59,5045.03,180.5524,7532.98,7567.16,-0.004518,-0.45,1.045203,No,0.00,0.00
id#106,191.0411,6507.52,4229.89,180.5524,6360.29,6370.67,-0.001629,-0.16,1.052559,No,0.00,0.00
id#107,191.0411,6941.67,4512.09,180.5524,6792.11,6801.75,-0.001418,-0.14,1.053720,No,0.00,0.00
id#108,191.0411,6698.87,4354.26,180.5524,6536.50,6549.84,-0.002038,-0.20,1.050820,No,0.00,0.00
id#109,191.0411,4104.87,2668.16,180.5524,4015.61,4021.45,-0.001454,-0.15,1.053506,No,0.00,0.00
id#110,191.0411,5039.12,3275.43,180.5524,4907.04,4920.52,-0.002741,-0.27,1.048696,No,0.00,0.00
id#111,191.0411,4680.06,3042.04,180.5524,4525.63,4558.63,-0.007239,-0.72,1.041388,No,0.00,0.00
id#112,191.0411,5667.31,3683.75,180.5524,5532.35,5542.98,-0.001917,-0.19,1.051279,No,0.00,0.00
id#113,191.0411,7483.65,4864.37,180.5524,7252.88,7293.01,-0.005503,-0.55,1.043714,No,0.00,0.00
id#114,191.0411,6644.22,4318.74,180.5524,6456.97,6481.12,-0.003726,-0.37,1.046572,No,0.00,0.00
id#115,191.0411,7736.52,5028.74,180.5524,7527.80,7551.12,-0.003089,-0.31,1.047869,No,0.00,0.00
id#116,191.0411,7392.96,4805.42,180.5524,7209.24,7225.34,-0.002229,-0.22,1.050161,No,0.00,0.00
id#117,191.0411,5436.72,3533.86,180.5524,5296.11,5309.90,-0.002598,-0.26,1.049071,No,0.00,0.00
id#118,191.0411,5038.31,3274.90,180.5524,4915.38,4925.65,-0.002086,-0.21,1.050646,No,0.00,0.00
id#119,191.0411,8699.51,5654.68,180.5524,8449.15,8483.78,-0.004082,-0.41,1.045931,No,0.00,0.00
id#120,191.0411,7832.27,5090.98,180.5524,7592.87,7633.33,-0.005300,-0.53,1.044006,No,0.00,0.00
id#121,191.0411,5199.90,3379.94,180.5524,5065.18,5078.47,-0.002616,-0.26,1.049021,No,0.00,0.00
id#122,191.0411,8596.85,5587.95,180.5524,8350.69,8384.17,-0.003993,-0.40,1.046087,No,0.00,0.00
id#123,191.0411,7291.26,4739.32,180.5524,7079.67,7109.78,-0.004234,-0.42,1.045671,No,0.00,0.00
id#124,191.0411,4752.25,3088.96,180.5524,4626.04,4639.46,-0.002893,-0.29,1.048321,No,0.00,0.00
id#125,191.0411,9651.22,6273.29,180.5524,9438.07,9452.42,-0.001518,-0.15,1.053139,No,0.00,0.00
id#126,191.0411,4942.68,3212.74,180.5524,4835.79,4842.73,-0.001432,-0.14,1.053633,No,0.00,0.00
id#127,191.0411,5442.91,3537.89,180.5524,5309.92,5321.08,-0.002097,-0.21,1.050609,No,0.00,0.00
id#128,191.0411,6884.59,4474.98,180.5524,6724.62,6736.53,-0.001769,-0.18,1.051899,No,0.00,0.00
id#129,191.0411,5654.53,3675.44,180.5524,5499.75,5517.88,-0.003285,-0.33,1.047446,No,0.00,0.00
id#130,191.0411,4900.33,3185.22,180.5524,4743.53,4774.14,-0.006412,-0.64,1.042462,No,0.00,0.00
id#131,191.0411,5737.39,3729.31,180.5524,5613.74,5621.72,-0.001419,-0.14,1.053714,No,0.00,0.00
id#132,191.0411,7014.60,4559.49,180.5524,6807.87,6838.84,-0.004529,-0.45,1.045184,No,0.00,0.00
id#133,191.0411,6879.66,4471.78,180.5524,6692.42,6713.94,-0.003206,-0.32,1.047614,No,0.00,0.00
id#134,191.0411,5229.87,3399.41,180.5524,5086.85,5103.55,-0.003271,-0.33,1.047473,No,0.00,0.00
id#135,191.0411,5210.22,3386.64,180.5524,5069.19,5085.11,-0.003132,-0.31,1.047773,No,0.00,0.00
id#136,191.0411,5779.52,3756.69,180.5524,5621.52,5639.95,-0.003267,-0.33,1.047484,No,0.00,0.00
id#137,191.0411,4776.11,3104.47,180.5524,4630.44,4654.88,-0.005251,-0.53,1.044077,No,0.00,0.00
id#138,191.0411,5275.31,3428.95,180.5524,5159.38,5167.12,-0.001497,-0.15,1.053257,No,0.00,0.00
id#139,191.0411,7639.81,4965.87,180.5524,7407.51,7446.10,-0.005183,-0.52,1.044179,No,0.00,0.00
id#140,191.0411,7378.08,4795.75,180.5524,7188.65,7206.84,-0.002524,-0.25,1.049274,No,0.00,0.00
id#141,191.0411,6425.29,4176.44,180.5524,6262.98,6277.86,-0.002370,-0.24,1.049720,No,0.00,0.00
id#142,191.0411,7103.87,4617.52,180.5524,6912.29,6933.67,-0.003084,-0.31,1.047879,No,0.00,0.00
id#143,191.0411,7249.27,4712.02,180.5524,7009.66,7061.11,-0.007286,-0.73,1.041328,No,0.00,0.00
id#144,191.0411,6210.71,4036.96,180.5524,6041.81,6061.18,-0.003195,-0.32,1.047636,No,0.00,0.00
id#145,191.0411,6992.53,4545.15,180.5524,6823.98,6837.64,-0.001999,-0.20,1.050964,No,0.00,0.00
id#146,191.0411,6724.11,4370.67,180.5524,6577.36,6587.03,-0.001468,-0.15,1.053420,No,0.00,0.00
id#147,191.0411,9613.74,6248.93,180.5524,9388.69,9405.73,-0.001812,-0.18,1.051714,No,0.00,0.00
id#148,191.0411,5648.41,3671.47,180.5524,5522.81,5531.37,-0.001548,-0.15,1.052976,No,0.00,0.00
id#149,191.0411,6721.86,4369.21,180.5524,6571.65,6581.98,-0.001570,-0.16,1.052858,No,0.00,0.00
id#150,191.0411,3701.48,2405.96,180.5524,3601.24,3612.58,-0.003139,-0.31,1.047759,No,0.00,0.00
id#151,191.0411,5317.28,3456.23,180.5524,5177.87,5192.12,-0.002744,-0.27,1.048689,No,0.00,0.00
id#152,191.0411,5688.28,3697.38,180.5524,5548.16,5560.16,-0.002158,-0.22,1.050395,No,0.00,0.00
id#153,191.0411,6809.28,4426.03,180.5524,6634.54,6651.29,-0.002519,-0.25,1.049287,No,0.00,0.00
id#154,191.0411,5041.74,3277.13,180.5524,4922.15,4931.48,-0.001893,-0.19,1.051377,No,0.00,0.00
id#155,191.0411,5436.37,3533.64,180.5524,5311.70,5320.73,-0.001698,-0.17,1.052225,No,0.00,0.00
id#156,191.0411,5137.17,3339.16,180.5524,4996.22,5012.85,-0.003318,-0.33,1.047376,No,0.00,0.00
id#157,191.0411,9183.69,5969.40,180.5524,8985.84,8998.59,-0.001418,-0.14,1.053721,No,0.00,0.00
id#158,191.0411,9189.44,5973.14,180.5524,8975.67,8991.63,-0.001776,-0.18,1.051871,No,0.00,0.00
id#159,191.0411,3935.31,2557.95,180.5524,3820.09,3836.98,-0.004401,-0.44,1.045393,No,0.00,0.00
id#160,191.0411,5759.08,3743.40,180.5524,5624.49,5634.64,-0.001802,-0.18,1.051756,No,0.00,0.00
id#161,191.0411,6879.52,4471.69,180.5524,6731.77,6741.24,-0.001406,-0.14,1.053794,No,0.00,0.00
id#162,191.0411,7274.80,4728.62,180.5524,7057.69,7091.61,-0.004783,-0.48,1.044784,No,0.00,0.00
id#163,191.0411,5773.54,3752.80,180.5524,5631.39,5643.55,-0.002155,-0.22,1.050407,No,0.00,0.00
id#164,191.0411,5933.34,3856.67,180.5524,5781.29,5795.81,-0.002505,-0.25,1.049325,No,0.00,0.00
id#165,191.0411,6748.08,4386.25,180.5524,6563.83,6585.23,-0.003250,-0.32,1.047519,No,0.00,0.00
id#166,191.0411,4931.33,3205.36,180.5524,4765.43,4802.86,-0.007793,-0.78,1.040692,No,0.00,0.00
id#167,191.0411,4322.04,2809.32,180.5524,4224.11,4231.03,-0.001636,-0.16,1.052522,No,0.00,0.00
id#168,191.0411,9669.57,6285.22,180.5524,9412.55,9439.95,-0.002903,-0.29,1.048297,No,0.00,0.00
id#169,191.0411,3898.77,2534.20,180.5524,3801.21,3809.92,-0.002287,-0.23,1.049975,No,0.00,0.00
id#170,191.0411,5459.32,3548.56,180.5524,5313.64,5329.36,-0.002950,-0.30,1.048186,No,0.00,0.00
id#171,191.0411,5550.62,3607.90,180.5524,5415.48,5426.71,-0.002070,-0.21,1.050703,No,0.00,0.00
id#172,191.0411,6276.97,4080.03,180.5524,6133.40,6143.75,-0.001684,-0.17,1.052291,No,0.00,0.00
id#173,191.0411,6893.82,4480.98,180.5524,6706.86,6728.10,-0.003158,-0.32,1.047716,No,0.00,0.00
id#174,191.0411,6193.22,4025.59,180.5524,6050.64,6061.05,-0.001718,-0.17,1.052129,No,0.00,0.00
id#175,191.0411,4142.17,2692.41,180.5524,4043.74,4051.45,-0.001904,-0.19,1.051332,No,0.00,0.00
id#176,191.0411,6843.99,4448.60,180.5524,6622.62,6667.25,-0.006694,-0.67,1.042089,No,0.00,0.00
id#177,191.0411,4424.47,2875.90,180.5524,4317.60,4326.31,-0.002013,-0.20,1.050912,No,0.00,0.00
id#178,191.0411,5065.78,3292.76,180.5524,4910.31,4936.93,-0.005392,-0.54,1.043873,No,0.00,0.00
id#179,191.0411,4912.63,3193.21,180.5524,4805.43,4812.50,-0.001468,-0.15,1.053425,No,0.00,0.00
id#180,191.0411,7312.47,4753.11,180.5524,7114.84,7137.05,-0.003112,-0.31,1.047818,No,0.00,0.00
id#181,191.0411,5007.90,3255.13,180.5524,4878.37,4891.08,-0.002598,-0.26,1.049070,No,0.00,0.00
id#182,191.0411,6185.80,4020.77,180.5524,6020.62,6038.49,-0.002959,-0.30,1.048165,No,0.00,0.00
id#183,191.0411,4437.87,2884.61,180.5524,4337.07,4344.23,-0.001648,-0.16,1.052464,No,0.00,0.00
id#184,191.0411,5243.73,3408.42,180.5524,5108.44,5121.62,-0.002573,-0.26,1.049138,No,0.00,0.00
id#185,191.0411,6753.23,4389.60,180.5524,6603.59,6613.72,-0.001532,-0.15,1.053061,No,0.00,0.00
id#186,191.0411,5081.61,3303.04,180.5524,4949.48,4962.65,-0.002653,-0.27,1.048923,No,0.00,0.00
id#187,191.0411,9492.05,6169.83,180.5524,9259.20,9278.93,-0.002126,-0.21,1.050505,No,0.00,0.00
id#188,191.0411,5981.26,3887.82,180.5524,5832.23,5845.39,-0.002251,-0.23,1.050089,No,0.00,0.00
id#189,191.0411,6899.07,4484.40,180.5524,6736.55,6749.03,-0.001850,-0.18,1.051554,No,0.00,0.00
id#190,191.0411,5502.77,3576.80,180.5524,5368.11,5379.45,-0.002108,-0.21,1.050569,No,0.00,0.00
id#191,191.0411,6483.04,4213.97,180.5524,6295.11,6321.75,-0.004213,-0.42,1.045707,No,0.00,0.00
id#192,191.0411,5238.34,3404.92,180.5524,5112.36,5122.51,-0.001983,-0.20,1.051023,No,0.00,0.00
id#193,191.0411,5172.14,3361.89,180.5524,5033.68,5048.78,-0.002990,-0.30,1.048094,No,0.00,0.00
id#194,191.0411,4160.43,2704.28,180.5524,4059.81,4068.03,-0.002023,-0.20,1.050876,No,0.00,0.00
id#195,191.0411,5648.96,3671.83,180.5524,5501.23,5516.21,-0.002716,-0.27,1.048759,No,0.00,0.00
id#196,191.0411,4014.81,2609.63,180.5524,3912.06,3921.83,-0.002493,-0.25,1.049360,No,0.00,0.00
id#197,191.0411,3165.50,2057.58,180.5524,3093.74,3098.82,-0.001639,-0.16,1.052508,No,0.00,0.00
id#198,191.0411,8931.90,5805.73,180.5524,8639.09,8700.50,-0.007057,-0.71,1.041619,No,0.00,0.00
id#199,191.0411,7602.75,4941.79,180.5524,7421.39,7435.73,-0.001929,-0.19,1.051234,No,0.00,0.00
id#200,191.0411,5548.43,3606.48,180.5524,5365.72,5404.54,-0.007182,-0.72,1.041460,No,0.00,0.00
id#201,191.0411,7581.10,4927.71,180.5524,7386.25,7405.02,-0.002534,-0.25,1.049244,No,0.00,0.00
id#202,191.0411,5597.26,3638.22,180.5524,5444.80,5462.38,-0.003217,-0.32,1.047589,No,0.00,0.00
id#203,191.0411,5412.30,3518.00,180.5524,5265.19,5282.03,-0.003188,-0.32,1.047651,No,0.00,0.00
id#204,191.0411,5255.44,3416.03,180.5524,5135.83,5144.36,-0.001658,-0.17,1.052414,No,0.00,0.00
id#205,191.0411,3429.75,2229.34,180.5524,3354.12,3359.20,-0.001511,-0.15,1.053176,No,0.00,0.00
id#206,191.0411,7678.14,4990.79,180.5524,7434.28,7480.80,-0.006219,-0.62,1.042720,No,0.00,0.00
id#207,191.0411,5428.94,3528.81,180.5524,5303.75,5312.93,-0.001727,-0.17,1.052089,No,0.00,0.00
id#208,191.0411,7624.53,4955.94,180.5524,7457.31,7468.43,-0.001488,-0.15,1.053305,No,0.00,0.00
id#209,191.0411,6209.07,4035.90,180.5524,6070.43,6079.95,-0.001567,-0.16,1.052875,No,0.00,0.00
id#210,191.0411,6553.77,4259.95,180.5524,6352.31,6386.99,-0.005429,-0.54,1.043819,No,0.00,0.00
id#211,191.0411,5422.58,3524.68,180.5524,5283.90,5297.07,-0.002485,-0.25,1.049382,No,0.00,0.00
id#212,191.0411,4382.56,2848.66,180.5524,4260.00,4275.40,-0.003603,-0.36,1.046806,No,0.00,0.00
id#213,191.0411,6251.38,4063.40,180.5524,6112.28,6121.77,-0.001551,-0.16,1.052959,No,0.00,0.00
id#214,191.0411,9501.49,6175.97,180.5524,9251.52,9277.34,-0.002783,-0.28,1.048591,No,0.00,0.00
id#215,191.0411,6730.20,4374.63,180.5524,6550.46,6569.91,-0.002960,-0.30,1.048162,No,0.00,0.00
id#216,191.0411,4800.99,3120.65,180.5524,4695.13,4702.23,-0.001512,-0.15,1.053175,No,0.00,0.00
id#217,191.0411,6099.01,3964.35,180.5524,5910.97,5943.65,-0.005498,-0.55,1.043721,No,0.00,0.00
id#218,191.0411,4777.23,3105.20,180.5524,4620.61,4653.46,-0.007059,-0.71,1.041617,No,0.00,0.00
id#219,191.0411,6124.92,3981.20,180.5524,5951.08,5974.03,-0.003842,-0.38,1.046359,No,0.00,0.00
id#220,191.0411,7844.21,5098.73,180.5524,7674.37,7685.41,-0.001437,-0.14,1.053607,No,0.00,0.00
id#221,191.0411,4944.25,3213.76,180.5524,4826.51,4835.78,-0.001917,-0.19,1.051278,No,0.00,0.00
id#222,191.0411,4413.97,2869.08,180.5524,4317.63,4323.98,-0.001469,-0.15,1.053418,No,0.00,0.00
id#223,191.0411,7137.04,4639.07,180.5524,6977.41,6988.41,-0.001575,-0.16,1.052836,No,0.00,0.00
id#224,191.0411,5321.34,3458.87,180.5524,5181.49,5195.89,-0.002771,-0.28,1.048620,No,0.00,0.00
id#225,191.0411,4250.24,2762.66,180.5524,4153.98,4160.78,-0.001634,-0.16,1.052532,No,0.00,0.00
id#226,191.0411,4964.94,3227.21,180.5524,4819.62,4840.90,-0.004396,-0.44,1.045401,No,0.00,0.00
id#227,191.0411,7935.63,5158.16,180.5524,7756.27,7768.88,-0.001624,-0.16,1.052582,No,0.00,0.00
id#228,191.0411,6521.75,4239.14,180.5524,6376.74,6386.63,-0.001548,-0.15,1.052979,No,0.00,0.00
id#229,191.0411,5277.32,3430.26,180.5524,5161.34,5169.08,-0.001497,-0.15,1.053254,No,0.00,0.00
id#230,191.0411,6384.83,4150.14,180.5524,6193.60,6223.83,-0.004858,-0.49,1.044668,No,0.00,0.00
id#231,191.0411,5714.71,3714.56,180.5524,5584.73,5593.99,-0.001655,-0.17,1.052428,No,0.00,0.00
id#232,191.0411,5228.71,3398.66,180.5524,5104.94,5114.55,-0.001879,-0.19,1.051432,No,0.00,0.00
id#233,191.0411,5112.43,3323.08,180.5524,4991.96,5001.22,-0.001851,-0.19,1.051546,No,0.00,0.00
id#234,191.0411,4860.35,3159.23,180.5524,4746.18,4754.89,-0.001833,-0.18,1.051625,No,0.00,0.00
id#235,191.0411,6107.21,3969.69,180.5524,5974.67,5983.32,-0.001446,-0.14,1.053551,No,0.00,0.00
id#236,191.0411,3826.99,2487.54,180.5524,3739.91,3746.12,-0.001657,-0.17,1.052420,No,0.00,0.00
id#237,191.0411,6384.63,4150.01,180.5524,6231.00,6243.40,-0.001987,-0.20,1.051009,No,0.00,0.00
id#238,191.0411,5832.09,3790.86,180.5524,5688.57,5700.83,-0.002151,-0.22,1.050422,No,0.00,0.00
id#239,191.0411,8944.69,5814.05,180.5524,8742.37,8756.62,-0.001628,-0.16,1.052564,No,0.00,0.00
id#240,191.0411,5403.26,3512.12,180.5524,5281.17,5289.76,-0.001623,-0.16,1.052590,No,0.00,0.00
id#241,191.0411,7386.04,4800.92,180.5524,7225.79,7236.25,-0.001445,-0.14,1.053559,No,0.00,0.00
id#242,191.0411,7389.67,4803.29,180.5524,7189.32,7212.07,-0.003154,-0.32,1.047726,No,0.00,0.00
id#243,191.0411,4912.04,3192.83,180.5524,4749.93,4784.59,-0.007245,-0.72,1.041380,No,0.00,0.00
id#244,191.0411,6118.92,3977.30,180.5524,5953.16,5971.93,-0.003143,-0.31,1.047749,No,0.00,0.00
id#245,191.0411,5998.45,3898.99,180.5524,5815.27,5846.13,-0.005279,-0.53,1.044038,No,0.00,0.00
id#246,191.0411,6241.11,4056.72,180.5524,6064.13,6087.43,-0.003828,-0.38,1.046384,No,0.00,0.00
id#247,191.0411,5938.93,3860.30,180.5524,5768.95,5792.04,-0.003985,-0.40,1.046101,No,0.00,0.00
id#248,191.0411,5799.08,3769.40,180.5524,5669.22,5678.19,-0.001580,-0.16,1.052808,No,0.00,0.00
id#249,191.0411,3891.29,2529.34,180.5524,3799.43,3806.52,-0.001863,-0.19,1.051500,No,0.00,0.00
id#250,191.0411,7663.47,4981.25,180.5524,7456.70,7479.81,-0.003090,-0.31,1.047866,No,0.00,0.00
id#251,191.0411,5983.59,3889.33,180.5524,5829.20,5844.24,-0.002573,-0.26,1.049137,No,0.00,0.00
id#252,191.0411,7743.27,5033.13,180.5524,7559.15,7573.60,-0.001908,-0.19,1.051315,No,0.00,0.00
id#253,191.0411,7732.16,5025.90,180.5524,7510.95,7540.95,-0.003978,-0.40,1.046114,No,0.00,0.00
id#254,191.0411,8882.68,5773.74,180.5524,8662.99,8682.00,-0.002190,-0.22,1.050289,No,0.00,0.00
id#255,191.0411,5378.61,3496.10,180.5524,5240.53,5253.78,-0.002523,-0.25,1.049275,No,0.00,0.00
id#256,191.0411,9311.09,6052.21,180.5524,9077.07,9098.22,-0.002325,-0.23,1.049856,No,0.00,0.00
id#257,191.0411,6194.42,4026.37,180.5524,6033.85,6049.71,-0.002621,-0.26,1.049008,No,0.00,0.00
id#258,191.0411,5599.76,3639.85,180.5524,5469.92,5479.55,-0.001758,-0.18,1.051951,No,0.00,0.00
id#259,191.0411,5036.30,3273.59,180.5524,4928.68,4935.53,-0.001387,-0.14,1.053912,No,0.00,0.00
id#260,191.0411,8443.31,5488.15,180.5524,8247.04,8261.68,-0.001772,-0.18,1.051889,No,0.00,0.00
id#261,191.0411,7020.67,4563.43,180.5524,6866.93,6877.13,-0.001482,-0.15,1.053341,No,0.00,0.00
id#262,191.0411,8281.05,5382.68,180.5524,8093.71,8106.91,-0.001628,-0.16,1.052561,No,0.00,0.00
id#263,191.0411,5654.94,3675.71,180.5524,5485.71,5512.39,-0.004841,-0.48,1.044693,No,0.00,0.00
id#264,191.0411,6762.18,4395.41,180.5524,6599.70,6612.77,-0.001977,-0.20,1.051048,No,0.00,0.00
id#265,191.0411,9537.41,6199.32,180.5524,9286.32,9312.31,-0.002791,-0.28,1.048571,No,0.00,0.00
id#266,191.0411,4801.27,3120.83,180.5524,4659.70,4680.95,-0.004539,-0.45,1.045169,No,0.00,0.00
id#267,191.0411,5816.69,3780.85,180.5524,5691.08,5699.21,-0.001427,-0.14,1.053666,No,0.00,0.00
id#268,191.0411,5532.27,3595.97,180.5524,5413.62,5421.22,-0.001400,-0.14,1.053828,No,0.00,0.00
id#269,191.0411,5881.53,3823.00,180.5524,5750.04,5759.10,-0.001573,-0.16,1.052846,No,0.00,0.00
id#270,191.0411,7135.71,4638.21,180.5524,6947.51,6967.10,-0.002811,-0.28,1.048520,No,0.00,0.00
id#271,191.0411,7379.67,4796.79,180.5524,7196.49,7212.50,-0.002220,-0.22,1.050191,No,0.00,0.00
id#272,191.0411,5586.37,3631.14,180.5524,5460.91,5469.63,-0.001593,-0.16,1.052738,No,0.00,0.00
id#273,191.0411,4740.18,3081.12,180.5524,4623.74,4633.64,-0.002137,-0.21,1.050468,No,0.00,0.00
id#274,191.0411,5241.77,3407.15,180.5524,5098.75,5115.33,-0.003241,-0.32,1.047539,No,0.00,0.00
id#275,191.0411,6725.19,4371.37,180.5524,6560.85,6574.64,-0.002097,-0.21,1.050607,No,0.00,0.00
id#276,191.0411,5965.48,3877.56,180.5524,5767.82,5810.55,-0.007355,-0.74,1.041241,No,0.00,0.00
id#277,191.0411,5503.50,3577.28,180.5524,5328.26,5361.96,-0.006285,-0.63,1.042631,No,0.00,0.00
id#278,191.0411,6446.73,4190.37,180.5524,6295.99,6307.37,-0.001805,-0.18,1.051741,No,0.00,0.00
id#279,191.0411,5593.51,3635.78,180.5524,5437.46,5456.91,-0.003566,-0.36,1.046878,No,0.00,0.00
id#280,191.0411,4975.48,3234.06,180.5524,4848.54,4860.51,-0.002463,-0.25,1.049447,No,0.00,0.00
id#281,191.0411,6058.95,3938.32,180.5524,5903.50,5918.40,-0.002517,-0.25,1.049292,No,0.00,0.00
id#282,191.0411,7503.10,4877.01,180.5524,7330.50,7343.08,-0.001714,-0.17,1.052150,No,0.00,0.00
id#283,191.0411,7983.56,5189.32,180.5524,7759.22,7787.87,-0.003679,-0.37,1.046660,No,0.00,0.00
id#284,191.0411,9112.27,5922.98,180.5524,8833.92,8880.87,-0.005286,-0.53,1.044026,No,0.00,0.00
id#285,191.0411,5524.33,3590.81,180.5524,5393.32,5403.54,-0.001891,-0.19,1.051383,No,0.00,0.00
id#286,191.0411,8177.99,5315.69,180.5524,7983.55,7998.81,-0.001907,-0.19,1.051319,No,0.00,0.00
id#287,191.0411,6103.47,3967.26,180.5524,5944.04,5960.15,-0.002703,-0.27,1.048793,No,0.00,0.00
id#288,191.0411,5376.39,3494.65,180.5524,5237.06,5250.81,-0.002619,-0.26,1.049015,No,0.00,0.00
id#289,191.0411,6620.18,4303.12,180.5524,6477.86,6487.01,-0.001409,-0.14,1.053771,No,0.00,0.00
id#290,191.0411,5717.75,3716.54,180.5524,5544.51,5572.96,-0.005105,-0.51,1.044293,No,0.00,0.00
id#291,191.0411,6088.00,3957.20,180.5524,5944.50,5955.53,-0.001853,-0.19,1.051539,No,0.00,0.00
id#292,191.0411,5829.27,3789.02,180.5524,5700.25,5708.97,-0.001527,-0.15,1.053088,No,0.00,0.00
id#293,191.0411,5415.29,3519.94,180.5524,5267.38,5284.58,-0.003255,-0.33,1.047508,No,0.00,0.00
id#294,191.0411,6377.71,4145.51,180.5524,6241.17,6249.88,-0.001394,-0.14,1.053867,No,0.00,0.00
id#295,191.0411,8469.59,5505.23,180.5524,8264.43,8281.26,-0.002033,-0.20,1.050836,No,0.00,0.00
id#296,191.0411,3667.03,2383.57,180.5524,3575.48,3583.60,-0.002268,-0.23,1.050035,No,0.00,0.00
id#297,191.0411,6552.18,4258.92,180.5524,6350.51,6385.37,-0.005459,-0.55,1.043776,No,0.00,0.00
id#298,191.0411,8578.71,5576.16,180.5524,8389.02,8401.82,-0.001523,-0.15,1.053110,No,0.00,0.00
id#299,191.0411,7648.42,4971.47,180.5524,7472.16,7485.06,-0.001724,-0.17,1.052104,No,0.00,0.00
id#300,191.0411,8756.00,5691.40,180.5524,8498.73,8536.89,-0.004470,-0.45,1.045280,No,0.00,0.00
id#301,191.0411,6230.14,4049.59,180.5524,6072.22,6086.83,-0.002402,-0.24,1.049625,No,0.00,0.00
id#302,191.0411,9277.69,6030.50,180.5524,9078.67,9091.41,-0.001401,-0.14,1.053822,No,0.00,0.00
id#303,191.0411,7618.25,4951.86,180.5524,7393.08,7427.15,-0.004587,-0.46,1.045092,No,0.00,0.00
id#304,191.0411,4930.25,3204.66,180.5524,4806.18,4817.43,-0.002336,-0.23,1.049823,No,0.00,0.00
id#305,191.0411,5660.51,3679.33,180.5524,5520.27,5532.46,-0.002204,-0.22,1.050242,No,0.00,0.00
id#306,191.0411,7988.71,5192.66,180.5524,7814.99,7826.37,-0.001454,-0.15,1.053505,No,0.00,0.00
id#307,191.0411,7757.88,5042.62,180.5524,7585.80,7597.48,-0.001537,-0.15,1.053035,No,0.00,0.00
id#308,191.0411,6499.14,4224.44,180.5524,6280.59,6329.84,-0.007780,-0.78,1.040709,No,0.00,0.00
id#309,191.0411,4479.98,2911.99,180.5524,4373.31,4381.71,-0.001917,-0.19,1.051281,No,0.00,0.00
id#310,191.0411,6935.89,4508.33,180.5524,6748.58,6769.58,-0.003102,-0.31,1.047840,No,0.00,0.00
id#311,191.0411,6549.05,4256.88,180.5524,6396.12,6407.63,-0.001798,-0.18,1.051775,No,0.00,0.00
id#312,191.0411,4122.27,2679.47,180.5524,4012.81,4024.44,-0.002890,-0.29,1.048328,No,0.00,0.00
id#313,191.0411,4058.02,2637.72,180.5524,3957.67,3966.35,-0.002189,-0.22,1.050291,No,0.00,0.00
id#314,191.0411,3887.96,2527.17,180.5524,3787.32,3797.22,-0.002606,-0.26,1.049047,No,0.00,0.00
id#315,191.0411,5500.00,3575.00,180.5524,5325.87,5358.77,-0.006138,-0.61,1.042829,No,0.00,0.00
id#316,191.0411,5764.93,3747.21,180.5524,5588.74,5618.51,-0.005298,-0.53,1.044009,No,0.00,0.00
id#317,191.0411,5330.49,3464.82,180.5524,5208.28,5217.13,-0.001696,-0.17,1.052234,No,0.00,0.00
id#318,191.0411,6630.43,4309.78,180.5524,6464.37,6479.24,-0.002295,-0.23,1.049951,No,0.00,0.00
id#319,191.0411,5962.28,3875.48,180.5524,5820.24,5831.44,-0.001920,-0.19,1.051269,No,0.00,0.00
id#320,191.0411,5948.26,3866.37,180.5524,5814.51,5823.83,-0.001599,-0.16,1.052709,No,0.00,0.00
id#321,191.0411,6372.88,4142.37,180.5524,6195.20,6217.31,-0.003556,-0.36,1.046897,No,0.00,0.00
id#322,191.0411,8327.34,5412.77,180.5524,8138.44,8151.83,-0.001642,-0.16,1.052494,No,0.00,0.00
id#323,191.0411,5513.41,3583.72,180.5524,5369.97,5384.30,-0.002660,-0.27,1.048905,No,0.00,0.00
id#324,191.0411,5438.20,3534.83,180.5524,5290.13,5307.17,-0.003211,-0.32,1.047602,No,0.00,0.00
id#325,191.0411,3548.40,2306.46,180.5524,3439.67,3458.19,-0.005357,-0.54,1.043923,No,0.00,0.00
id#326,191.0411,8917.43,5796.33,180.5524,8720.27,8733.57,-0.001523,-0.15,1.053112,No,0.00,0.00
id#327,191.0411,4565.68,2967.69,180.5524,4437.97,4454.03,-0.003606,-0.36,1.046801,No,0.00,0.00
id#328,191.0411,7562.80,4915.82,180.5524,7376.88,7392.72,-0.002143,-0.21,1.050447,No,0.00,0.00
id#329,191.0411,9837.80,6394.57,180.5524,9550.00,9592.07,-0.004386,-0.44,1.045418,No,0.00,0.00
id#330,191.0411,6891.90,4479.74,180.5524,6732.90,6744.57,-0.001730,-0.17,1.052078,No,0.00,0.00
id#331,191.0411,5609.90,3646.43,180.5524,5476.76,5487.16,-0.001896,-0.19,1.051365,No,0.00,0.00
id#332,191.0411,3861.93,2510.25,180.5524,3762.05,3771.84,-0.002598,-0.26,1.049071,No,0.00,0.00
id#333,191.0411,5454.30,3545.30,180.5524,5311.53,5326.05,-0.002727,-0.27,1.048733,No,0.00,0.00
id#334,191.0411,6799.11,4419.42,180.5524,6620.86,6639.07,-0.002744,-0.27,1.048689,No,0.00,0.00
id#335,191.0411,6076.71,3949.86,180.5524,5941.74,5950.92,-0.001543,-0.15,1.053003,No,0.00,0.00
id#336,191.0411,4274.92,2778.70,180.5524,4173.68,4181.55,-0.001883,-0.19,1.051419,No,0.00,0.00
id#337,191.0411,6356.35,4131.63,180.5524,6216.06,6225.50,-0.001515,-0.15,1.053155,No,0.00,0.00
id#338,191.0411,6673.67,4337.89,180.5524,6491.28,6512.53,-0.003263,-0.33,1.047491,No,0.00,0.00
id#339,191.0411,6711.23,4362.30,180.5524,6549.38,6562.52,-0.002002,-0.20,1.050952,No,0.00,0.00
id#340,191.0411,5656.53,3676.75,180.5524,5530.25,5538.92,-0.001566,-0.16,1.052881,No,0.00,0.00
id#341,191.0411,4166.02,2707.92,180.5524,4070.58,4077.48,-0.001693,-0.17,1.052250,No,0.00,0.00
id#342,191.0411,7037.69,4574.50,180.5524,6838.06,6864.37,-0.003833,-0.38,1.046375,No,0.00,0.00
id#343,191.0411,4441.33,2886.86,180.5524,4339.98,4347.25,-0.001672,-0.17,1.052350,No,0.00,0.00
id#344,191.0411,9074.04,5898.12,180.5524,8830.58,8857.31,-0.003018,-0.30,1.048029,No,0.00,0.00
id#345,191.0411,9549.58,6207.23,180.5524,9303.34,9327.29,-0.002567,-0.26,1.049155,No,0.00,0.00
id#346,191.0411,5250.78,3413.01,180.5524,5109.17,5124.98,-0.003084,-0.31,1.047879,No,0.00,0.00
id#347,191.0411,5247.91,3411.14,180.5524,5111.74,5125.23,-0.002632,-0.26,1.048979,No,0.00,0.00
id#348,191.0411,8643.77,5618.45,180.5524,8453.59,8466.30,-0.001502,-0.15,1.053228,No,0.00,0.00
id#349,191.0411,8448.09,5491.26,180.5524,8252.91,8267.27,-0.001738,-0.17,1.052042,No,0.00,0.00
id#350,191.0411,5026.93,3267.50,180.5524,4890.04,4905.80,-0.003214,-0.32,1.047596,No,0.00,0.00
id#351,191.0411,8132.75,5286.29,180.5524,7892.30,7928.71,-0.004592,-0.46,1.045084,No,0.00,0.00
id#352,191.0411,4843.50,3148.28,180.5524,4735.73,4743.09,-0.001551,-0.16,1.052960,No,0.00,0.00
id#353,191.0411,5935.94,3858.36,180.5524,5800.47,5810.19,-0.001673,-0.17,1.052345,No,0.00,0.00
id#354,191.0411,5259.71,3418.81,180.5524,5109.50,5129.75,-0.003948,-0.39,1.046167,No,0.00,0.00
id#355,191.0411,5044.93,3279.20,180.5524,4874.19,4913.34,-0.007969,-0.80,1.040476,No,0.00,0.00
id#356,191.0411,8427.88,5478.12,180.5524,8228.48,8243.95,-0.001876,-0.19,1.051444,No,0.00,0.00
id#357,191.0411,6093.35,3960.68,180.5524,5918.35,5942.39,-0.004046,-0.40,1.045994,No,0.00,0.00
id#358,191.0411,4722.55,3069.66,180.5524,4586.67,4605.46,-0.004079,-0.41,1.045937,No,0.00,0.00
id#359,191.0411,6927.38,4502.80,180.5524,6742.75,6762.60,-0.002936,-0.29,1.048220,No,0.00,0.00
id#360,191.0411,5253.66,3414.88,180.5524,5118.02,5131.26,-0.002580,-0.26,1.049119,No,0.00,0.00
id#361,191.0411,7952.52,5169.14,180.5524,7754.81,7772.16,-0.002233,-0.22,1.050148,No,0.00,0.00
id#362,191.0411,7841.88,5097.22,180.5524,7669.51,7681.01,-0.001498,-0.15,1.053251,No,0.00,0.00
id#363,191.0411,5292.89,3440.38,180.5524,5129.56,5158.02,-0.005519,-0.55,1.043691,No,0.00,0.00
id#364,191.0411,6276.65,4079.82,180.5524,6117.29,6132.11,-0.002417,-0.24,1.049581,No,0.00,0.00
id#365,191.0411,3577.62,2325.45,180.5524,3474.61,3488.88,-0.004092,-0.41,1.045915,No,0.00,0.00
id#366,191.0411,6399.11,4159.42,180.5524,6211.27,6239.04,-0.004451,-0.45,1.045311,No,0.00,0.00
id#367,191.0411,7106.01,4618.91,180.5524,6931.67,6946.44,-0.002128,-0.21,1.050501,No,0.00,0.00
id#368,191.0411,5715.32,3714.96,180.5524,5588.09,5596.78,-0.001553,-0.16,1.052949,No,0.00,0.00
id#369,191.0411,5615.56,3650.12,180.5524,5470.04,5484.40,-0.002618,-0.26,1.049015,No,0.00,0.00
id#370,191.0411,7394.19,4806.22,180.5524,7184.51,7212.11,-0.003828,-0.38,1.046384,No,0.00,0.00
id#371,191.0411,7615.44,4950.04,180.5524,7411.43,7433.73,-0.002999,-0.30,1.048073,No,0.00,0.00
id#372,191.0411,7143.51,4643.28,180.5524,6960.87,6978.19,-0.002483,-0.25,1.049390,No,0.00,0.00
id#373,191.0411,4999.70,3249.81,180.5524,4885.96,4894.06,-0.001657,-0.17,1.052422,No,0.00,0.00
id#374,191.0411,8082.48,5253.61,180.5524,7889.08,7904.49,-0.001949,-0.19,1.051155,No,0.00,0.00
id#375,191.0411,6695.85,4352.30,180.5524,6541.83,6553.06,-0.001713,-0.17,1.052153,No,0.00,0.00
id#376,191.0411,3446.63,2240.31,180.5524,3365.55,3371.76,-0.001841,-0.18,1.051591,No,0.00,0.00
id#377,191.0411,6829.76,4439.34,180.5524,6640.81,6663.72,-0.003438,-0.34,1.047130,No,0.00,0.00
id#378,191.0411,6354.41,4130.37,180.5524,6204.43,6216.00,-0.001861,-0.19,1.051506,No,0.00,0.00
id#379,191.0411,8861.07,5759.70,180.5524,8597.02,8638.07,-0.004752,-0.48,1.044831,No,0.00,0.00
id#380,191.0411,5304.87,3448.16,180.5524,5160.05,5176.86,-0.003247,-0.32,1.047525,No,0.00,0.00
id#381,191.0411,6119.59,3977.74,180.5524,5987.30,5995.88,-0.001431,-0.14,1.053643,No,0.00,0.00
id#382,191.0411,8047.45,5230.84,180.5524,7833.34,7856.24,-0.002914,-0.29,1.048271,No,0.00,0.00
id#383,191.0411,6155.92,4001.35,180.5524,5987.05,6006.97,-0.003316,-0.33,1.047380,No,0.00,0.00
id#384,191.0411,5158.21,3352.84,180.5524,5020.38,5035.32,-0.002967,-0.30,1.048147,No,0.00,0.00
id#385,191.0411,7876.25,5119.56,180.5524,7628.43,7674.36,-0.005984,-0.60,1.043039,No,0.00,0.00
id#386,191.0411,4647.67,3020.98,180.5524,4516.30,4533.41,-0.003774,-0.38,1.046484,No,0.00,0.00
id#387,191.0411,6016.89,3910.98,180.5524,5881.02,5890.56,-0.001620,-0.16,1.052605,No,0.00,0.00
id#388,191.0411,7101.65,4616.07,180.5524,6941.85,6952.99,-0.001603,-0.16,1.052691,No,0.00,0.00
id#389,191.0411,8509.39,5531.10,180.5524,8291.46,8312.24,-0.002499,-0.25,1.049342,No,0.00,0.00
id#390,191.0411,5356.23,3481.55,180.5524,5212.21,5228.14,-0.003045,-0.30,1.047967,No,0.00,0.00
id#391,191.0411,5752.62,3739.20,180.5524,5616.00,5626.69,-0.001900,-0.19,1.051347,No,0.00,0.00
id#392,191.0411,5560.97,3614.63,180.5524,5421.21,5433.84,-0.002325,-0.23,1.049858,No,0.00,0.00
id#393,191.0411,5400.24,3510.16,180.5524,5265.10,5277.17,-0.002287,-0.23,1.049974,No,0.00,0.00
id#394,191.0411,7301.04,4745.67,180.5524,7078.99,7115.91,-0.005188,-0.52,1.044171,No,0.00,0.00
id#395,191.0411,6228.22,4048.34,180.5524,6073.07,6086.76,-0.002249,-0.22,1.050097,No,0.00,0.00
id#396,191.0411,6472.40,4207.06,180.5524,6254.12,6303.70,-0.007864,-0.79,1.040604,No,0.00,0.00
id#397,191.0411,4696.03,3052.42,180.5524,4569.73,4583.71,-0.003048,-0.30,1.047960,No,0.00,0.00
id#398,191.0411,5880.49,3822.32,180.5524,5702.62,5731.67,-0.005068,-0.51,1.044350,No,0.00,0.00
id#399,191.0411,6658.48,4328.01,180.5524,6508.53,6519.00,-0.001607,-0.16,1.052670,No,0.00,0.00
id#400,191.0411,9313.05,6053.48,180.5524,9111.29,9124.42,-0.001439,-0.14,1.053592,No,0.00,0.00
id#401,191.0411,5836.19,3793.53,180.5524,5686.07,5700.56,-0.002543,-0.25,1.049222,No,0.00,0.00
id#402,191.0411,4338.86,2820.26,180.5524,4228.69,4238.94,-0.002417,-0.24,1.049579,No,0.00,0.00
id#403,191.0411,5365.16,3487.35,180.5524,5240.95,5250.13,-0.001749,-0.17,1.051992,No,0.00,0.00
id#404,191.0411,6634.51,4312.43,180.5524,6420.25,6463.25,-0.006653,-0.67,1.042143,No,0.00,0.00
id#405,191.0411,7531.43,4895.43,180.5524,7367.94,7378.61,-0.001447,-0.14,1.053545,No,0.00,0.00
id#406,191.0411,6545.09,4254.31,180.5524,6397.64,6407.94,-0.001609,-0.16,1.052661,No,0.00,0.00
id#407,191.0411,5717.62,3716.45,180.5524,5557.07,5577.52,-0.003667,-0.37,1.046684,No,0.00,0.00
id#408,191.0411,6741.53,4382.00,180.5524,6581.82,6594.25,-0.001885,-0.19,1.051410,No,0.00,0.00
id#409,191.0411,7232.35,4701.02,180.5524,7036.30,7058.54,-0.003151,-0.32,1.047731,No,0.00,0.00
id#410,191.0411,5282.94,3433.91,180.5524,5158.99,5168.42,-0.001826,-0.18,1.051655,No,0.00,0.00
id#411,191.0411,7143.18,4643.06,180.5524,6940.37,6967.18,-0.003848,-0.38,1.046347,No,0.00,0.00
id#412,191.0411,7825.52,5086.59,180.5524,7654.65,7665.92,-0.001470,-0.15,1.053409,No,0.00,0.00
id#413,191.0411,7091.51,4609.48,180.5524,6900.52,6921.75,-0.003067,-0.31,1.047919,No,0.00,0.00
id#414,191.0411,3764.22,2446.74,180.5524,3659.91,3672.63,-0.003463,-0.35,1.047081,No,0.00,0.00
id#415,191.0411,7784.85,5060.15,180.5524,7544.17,7586.36,-0.005561,-0.56,1.043629,No,0.00,0.00
id#416,191.0411,4569.56,2970.22,180.5524,4451.97,4463.34,-0.002547,-0.25,1.049209,No,0.00,0.00
id#417,191.0411,5702.60,3706.69,180.5524,5569.69,5579.66,-0.001787,-0.18,1.051823,No,0.00,0.00
id#418,191.0411,4955.69,3221.20,180.5524,4839.08,4848.01,-0.001843,-0.18,1.051581,No,0.00,0.00
id#419,191.0411,6308.40,4100.46,180.5524,6165.61,6175.68,-0.001631,-0.16,1.052548,No,0.00,0.00
id#420,191.0411,7703.76,5007.44,180.5524,7533.70,7545.14,-0.001516,-0.15,1.053150,No,0.00,0.00
id#421,191.0411,7819.27,5082.52,180.5524,7622.68,7640.47,-0.002328,-0.23,1.049847,No,0.00,0.00
id#422,191.0411,9339.24,6070.51,180.5524,9125.95,9141.27,-0.001676,-0.17,1.052328,No,0.00,0.00
id#423,191.0411,6694.66,4351.53,180.5524,6516.95,6535.82,-0.002887,-0.29,1.048336,No,0.00,0.00
id#424,191.0411,6940.61,4511.39,180.5524,6771.13,6785.32,-0.002092,-0.21,1.050627,No,0.00,0.00
id#425,191.0411,6566.57,4268.27,180.5524,6346.51,6395.63,-0.007680,-0.77,1.040833,No,0.00,0.00
id#426,191.0411,4609.82,2996.38,180.5524,4500.09,4508.73,-0.001914,-0.19,1.051291,No,0.00,0.00
id#427,191.0411,7348.08,4776.25,180.5524,7144.04,7169.08,-0.003494,-0.35,1.047019,No,0.00,0.00
id#428,191.0411,4070.76,2645.99,180.5524,3980.54,3986.65,-0.001534,-0.15,1.053054,No,0.00,0.00
id#429,191.0411,6623.91,4305.54,180.5524,6460.19,6474.34,-0.002185,-0.22,1.050306,No,0.00,0.00
id#430,191.0411,6984.12,4539.68,180.5524,6800.46,6819.40,-0.002778,-0.28,1.048603,No,0.00,0.00
id#431,191.0411,7269.76,4725.34,180.5524,7083.93,7101.54,-0.002481,-0.25,1.049395,No,0.00,0.00
id#432,191.0411,9385.69,6100.70,180.5524,9118.68,9154.21,-0.003882,-0.39,1.046285,No,0.00,0.00
id#433,191.0411,4144.61,2694.00,180.5524,4051.28,4057.80,-0.001606,-0.16,1.052673,No,0.00,0.00
id#434,191.0411,7422.04,4824.32,180.5524,7245.66,7259.49,-0.001904,-0.19,1.051332,No,0.00,0.00
id#435,191.0411,4941.74,3212.13,180.5524,4831.19,4838.81,-0.001575,-0.16,1.052832,No,0.00,0.00
id#436,191.0411,7117.82,4626.58,180.5524,6877.53,6932.26,-0.007894,-0.79,1.040568,No,0.00,0.00
id#437,191.0411,7972.14,5181.89,180.5524,7767.26,7786.99,-0.002534,-0.25,1.049246,No,0.00,0.00
id#438,191.0411,6913.20,4493.58,180.5524,6735.19,6752.43,-0.002553,-0.26,1.049193,No,0.00,0.00
id#439,191.0411,9359.67,6083.79,180.5524,9148.56,9163.35,-0.001614,-0.16,1.052632,No,0.00,0.00
id#440,191.0411,7983.14,5189.04,180.5524,7790.88,7806.43,-0.001993,-0.20,1.050987,No,0.00,0.00
id#441,191.0411,7322.91,4759.89,180.5524,7147.60,7161.58,-0.001952,-0.20,1.051141,No,0.00,0.00
id#442,191.0411,7811.04,5077.17,180.5524,7634.79,7647.15,-0.001616,-0.16,1.052624,No,0.00,0.00
id#443,191.0411,6157.21,4002.19,180.5524,6005.83,6018.73,-0.002144,-0.21,1.050445,No,0.00,0.00
id#444,191.0411,8168.51,5309.53,180.5524,7909.66,7958.70,-0.006162,-0.62,1.042797,No,0.00,0.00
id#445,191.0411,6485.79,4215.77,180.5524,6339.43,6349.70,-0.001616,-0.16,1.052621,No,0.00,0.00
id#446,191.0411,7796.38,5067.65,180.5524,7588.88,7611.09,-0.002919,-0.29,1.048260,No,0.00,0.00
id#447,191.0411,6154.96,4000.73,180.5524,5996.78,6012.01,-0.002534,-0.25,1.049246,No,0.00,0.00
id#448,191.0411,6508.46,4230.50,180.5524,6299.90,6340.79,-0.006448,-0.64,1.042413,No,0.00,0.00
id#449,191.0411,6739.61,4380.75,180.5524,6572.52,6587.07,-0.002210,-0.22,1.050223,No,0.00,0.00
id#450,191.0411,5957.48,3872.36,180.5524,5771.92,5805.23,-0.005738,-0.57,1.043381,No,0.00,0.00
id#451,191.0411,4349.04,2826.87,180.5524,4236.53,4247.58,-0.002600,-0.26,1.049064,No,0.00,0.00
id#452,191.0411,7859.15,5108.45,180.5524,7682.96,7695.16,-0.001585,-0.16,1.052780,No,0.00,0.00
id#453,191.0411,6091.86,3959.71,180.5524,5924.77,5944.47,-0.003314,-0.33,1.047384,No,0.00,0.00
id#454,191.0411,9551.83,6208.69,180.5524,9287.32,9319.50,-0.003453,-0.35,1.047101,No,0.00,0.00
id#455,191.0411,7700.03,5005.02,180.5524,7467.96,7505.42,-0.004990,-0.50,1.044466,No,0.00,0.00
id#456,191.0411,4724.32,3070.81,180.5524,4605.09,4615.99,-0.002362,-0.24,1.049745,No,0.00,0.00
id#457,191.0411,4268.57,2774.57,180.5524,4171.53,4178.43,-0.001653,-0.17,1.052439,No,0.00,0.00
id#458,191.0411,4650.29,3022.69,180.5524,4536.33,4545.96,-0.002119,-0.21,1.050532,No,0.00,0.00
id#459,191.0411,5926.93,3852.51,180.5524,5789.77,5799.90,-0.001746,-0.17,1.052001,No,0.00,0.00
id#460,191.0411,5012.52,3258.14,180.5524,4874.64,4891.05,-0.003354,-0.34,1.047301,No,0.00,0.00
id#461,191.0411,7611.31,4947.35,180.5524,7426.13,7441.49,-0.002065,-0.21,1.050722,No,0.00,0.00
id#462,191.0411,6539.43,4250.63,180.5524,6380.52,6393.67,-0.002056,-0.21,1.050754,No,0.00,0.00
id#463,191.0411,8411.85,5467.70,180.5524,8147.26,8196.25,-0.005977,-0.60,1.043050,No,0.00,0.00
id#464,191.0411,7262.15,4720.40,180.5524,7086.06,7100.55,-0.002040,-0.20,1.050811,No,0.00,0.00
id#465,191.0411,6285.63,4085.66,180.5524,6109.08,6131.59,-0.003672,-0.37,1.046675,No,0.00,0.00
id#466,191.0411,4857.39,3157.30,180.5524,4740.44,4749.89,-0.001991,-0.20,1.050994,No,0.00,0.00
id#467,191.0411,5212.29,3387.99,180.5524,5054.85,5080.45,-0.005039,-0.50,1.044393,No,0.00,0.00
id#468,191.0411,5854.96,3805.73,180.5524,5722.64,5731.95,-0.001624,-0.16,1.052584,No,0.00,0.00
id#469,191.0411,6056.37,3936.64,180.5524,5915.96,5926.37,-0.001757,-0.18,1.051956,No,0.00,0.00
id#470,191.0411,5283.96,3434.58,180.5524,5148.10,5161.20,-0.002539,-0.25,1.049233,No,0.00,0.00
id#471,191.0411,7423.18,4825.07,180.5524,7252.42,7264.87,-0.001714,-0.17,1.052149,No,0.00,0.00
id#472,191.0411,6898.18,4483.82,180.5524,6737.47,6749.51,-0.001784,-0.18,1.051832,No,0.00,0.00
id#473,191.0411,9272.25,6026.96,180.5524,8980.73,9034.63,-0.005966,-0.60,1.043065,No,0.00,0.00
id#474,191.0411,8258.98,5368.34,180.5524,8027.07,8056.61,-0.003667,-0.37,1.046683,No,0.00,0.00
id#475,191.0411,7226.98,4697.54,180.5524,7043.45,7060.53,-0.002419,-0.24,1.049575,No,0.00,0.00
id#476,191.0411,4167.56,2708.92,180.5524,4074.11,4080.59,-0.001586,-0.16,1.052775,No,0.00,0.00
id#477,191.0411,7320.39,4758.25,180.5524,7162.93,7173.05,-0.001411,-0.14,1.053759,No,0.00,0.00
id#478,191.0411,6326.46,4112.20,180.5524,6125.27,6163.80,-0.006251,-0.63,1.042676,No,0.00,0.00
id#479,191.0411,6485.84,4215.79,180.5524,6322.35,6337.25,-0.002351,-0.24,1.049778,No,0.00,0.00
id#480,191.0411,8006.58,5204.28,180.5524,7829.12,7841.14,-0.001534,-0.15,1.053054,No,0.00,0.00
id#481,191.0411,4661.09,3029.71,180.5524,4557.03,4564.17,-0.001566,-0.16,1.052881,No,0.00,0.00
id#482,191.0411,7338.49,4770.02,180.5524,7108.03,7150.49,-0.005938,-0.59,1.043102,No,0.00,0.00
id#483,191.0411,6026.56,3917.27,180.5524,5878.88,5891.36,-0.002118,-0.21,1.050533,No,0.00,0.00
id#484,191.0411,5502.11,3576.37,180.5524,5370.06,5380.65,-0.001969,-0.20,1.051077,No,0.00,0.00
id#485,191.0411,5689.15,3697.95,180.5524,5560.89,5569.87,-0.001612,-0.16,1.052644,No,0.00,0.00
id#486,191.0411,6494.77,4221.60,180.5524,6285.87,6327.28,-0.006545,-0.65,1.042285,No,0.00,0.00
id#487,191.0411,5975.74,3884.23,180.5524,5780.11,5820.97,-0.007019,-0.70,1.041668,No,0.00,0.00
id#488,191.0411,8171.61,5311.54,180.5524,7946.91,7973.62,-0.003350,-0.33,1.047310,No,0.00,0.00
id#489,191.0411,4480.45,2912.29,180.5524,4372.84,4381.49,-0.001974,-0.20,1.051060,No,0.00,0.00
id#490,191.0411,3987.63,2591.96,180.5524,3880.45,3892.29,-0.003041,-0.30,1.047976,No,0.00,0.00
id#491,191.0411,5942.28,3862.48,180.5524,5805.29,5815.33,-0.001725,-0.17,1.052097,No,0.00,0.00
id#492,191.0411,6595.84,4287.29,180.5524,6445.34,6456.13,-0.001671,-0.17,1.052350,No,0.00,0.00
id#493,191.0411,4812.98,3128.44,180.5524,4699.43,4708.18,-0.001859,-0.19,1.051516,No,0.00,0.00
id#494,191.0411,8509.79,5531.36,180.5524,8291.45,8312.37,-0.002517,-0.25,1.049291,No,0.00,0.00
id#495,191.0411,6028.69,3918.65,180.5524,5875.96,5890.07,-0.002397,-0.24,1.049640,No,0.00,0.00
id#496,191.0411,3940.85,2561.55,180.5524,3849.68,3856.41,-0.001745,-0.17,1.052007,No,0.00,0.00
id#497,191.0411,5422.48,3524.61,180.5524,5279.23,5294.22,-0.002830,-0.28,1.048474,No,0.00,0.00
id#498,191.0411,5772.47,3752.11,180.5524,5579.58,5622.29,-0.007597,-0.76,1.040937,No,0.00,0.00
id#499,191.0411,5809.62,3776.25,180.5524,5681.47,5690.08,-0.001513,-0.15,1.053168,No,0.00,0.00
