position_id,seed_price,position_value_at_seed,loan_amount,close_price,position_value_at_close,hold_value,impermanent_loss,impermanent_loss_pct,health_factor,should_liquidate,repay_amount,collateral_to_take
id#0,213.6867,6254.84,4065.65,209.9208,6254.84,6657.08,-0.060422,-6.04,1.076923,No,0.00,0.00
id#1,213.6867,3806.51,2474.23,209.9208,3739.42,5583.79,-0.330307,-33.03,1.057944,No,0.00,0.00
id#2,213.6867,4193.85,2726.00,209.9208,4119.94,6382.17,-0.354461,-35.45,1.057944,No,0.00,0.00
id#3,213.6867,4428.86,2878.76,209.9208,4428.86,5121.95,-0.135319,-13.53,1.076923,No,0.00,0.00
id#4,213.6867,5262.80,3420.82,209.9208,5260.36,5646.54,-0.068392,-6.84,1.076424,No,0.00,0.00
id#5,213.6867,4858.71,3158.16,209.9208,4773.08,6280.80,-0.240051,-24.01,1.057944,No,0.00,0.00
id#6,213.6867,6865.00,4462.25,209.9208,6784.72,7446.59,-0.088882,-8.89,1.064329,No,0.00,0.00
id#7,213.6867,6029.50,3919.18,209.9208,5923.24,6927.69,-0.144991,-14.50,1.057944,No,0.00,0.00
id#8,213.6867,4460.58,2899.38,209.9208,4460.58,5289.95,-0.156781,-15.68,1.076923,No,0.00,0.00
id#9,213.6867,4987.67,3241.98,209.9208,4942.85,4996.08,-0.010655,-1.07,1.067246,No,0.00,0.00
id#10,213.6867,4369.66,2840.28,209.9208,4292.66,7031.91,-0.389546,-38.95,1.057944,No,0.00,0.00
id#11,213.6867,6527.62,4242.96,209.9208,6527.62,7932.79,-0.177134,-17.71,1.076923,No,0.00,0.00
id#12,213.6867,7065.92,4592.85,209.9208,6968.88,7792.51,-0.105695,-10.57,1.062133,No,0.00,0.00
id#13,213.6867,7415.80,4820.27,209.9208,7317.17,7952.07,-0.079841,-7.98,1.062600,No,0.00,0.00
id#14,213.6867,5784.13,3759.68,209.9208,5784.13,7046.95,-0.179202,-17.92,1.076923,No,0.00,0.00
id#15,213.6867,6953.41,4519.71,209.9208,6843.64,7009.14,-0.023611,-2.36,1.059923,No,0.00,0.00
id#16,213.6867,4444.85,2889.15,209.9208,4444.85,5856.89,-0.241091,-24.11,1.076923,No,0.00,0.00
id#17,213.6867,3867.28,2513.73,209.9208,3867.28,5089.18,-0.240098,-24.01,1.076923,No,0.00,0.00
id#18,213.6867,4762.37,3095.54,209.9208,4678.44,6623.92,-0.293705,-29.37,1.057944,No,0.00,0.00
id#19,213.6867,4852.33,3154.01,209.9208,4848.45,5143.88,-0.057433,-5.74,1.076063,No,0.00,0.00
id#20,213.6867,4479.79,2911.87,209.9208,4479.79,5723.40,-0.217285,-21.73,1.076923,No,0.00,0.00
id#21,213.6867,6783.01,4408.96,209.9208,6763.92,6996.46,-0.033236,-3.32,1.073891,No,0.00,0.00
id#22,213.6867,5983.81,3889.47,209.9208,5906.59,6296.35,-0.061902,-6.19,1.063026,No,0.00,0.00
id#23,213.6867,6259.07,4068.40,209.9208,6259.07,8069.46,-0.224351,-22.44,1.076923,No,0.00,0.00
id#24,213.6867,4863.54,3161.30,209.9208,4863.54,5545.05,-0.122903,-12.29,1.076923,No,0.00,0.00
id#25,213.6867,8347.26,5425.72,209.9208,8292.87,8300.86,-0.000963,-0.10,1.069906,No,0.00,0.00
id#26,213.6867,4496.43,2922.68,209.9208,4437.30,5107.34,-0.131191,-13.12,1.062762,No,0.00,0.00
id#27,213.6867,4617.13,3001.14,209.9208,4617.13,5868.10,-0.213181,-21.32,1.076923,No,0.00,0.00
id#28,213.6867,6220.99,4043.64,209.9208,6220.99,8397.71,-0.259204,-25.92,1.076923,No,0.00,0.00
id#29,213.6867,8825.13,5736.34,209.9208,8732.59,8820.05,-0.009916,-0.99,1.065630,No,0.00,0.00
id#30,213.6867,7468.36,4854.43,209.9208,7342.23,8222.90,-0.107100,-10.71,1.058735,No,0.00,0.00
id#31,213.6867,5250.99,3413.14,209.9208,5250.99,7848.40,-0.330948,-33.09,1.076923,No,0.00,0.00
id#32,213.6867,6081.15,3952.75,209.9208,5973.98,9313.73,-0.358584,-35.86,1.057944,No,0.00,0.00
id#33,213.6867,5690.59,3698.88,209.9208,5657.88,5676.11,-0.003211,-0.32,1.070734,No,0.00,0.00
id#34,213.6867,5741.24,3731.80,209.9208,5741.24,6623.27,-0.133172,-13.32,1.076923,No,0.00,0.00
id#35,213.6867,6906.78,4489.41,209.9208,6819.01,7040.11,-0.031406,-3.14,1.063237,No,0.00,0.00
id#36,213.6867,4253.33,2764.66,209.9208,4253.33,5370.56,-0.208029,-20.80,1.076923,No,0.00,0.00
id#37,213.6867,6113.98,3974.09,209.9208,6060.50,6152.13,-0.014894,-1.49,1.067503,No,0.00,0.00
id#38,213.6867,8335.71,5418.21,209.9208,8188.81,9172.21,-0.107215,-10.72,1.057944,No,0.00,0.00
id#39,213.6867,7476.13,4859.48,209.9208,7344.37,8908.12,-0.175542,-17.55,1.057944,No,0.00,0.00
id#40,213.6867,6550.70,4257.96,209.9208,6530.91,6700.20,-0.025267,-2.53,1.073668,No,0.00,0.00
id#41,213.6867,4915.11,3194.82,209.9208,4828.48,7017.10,-0.311898,-31.19,1.057944,No,0.00,0.00
id#42,213.6867,6729.32,4374.06,209.9208,6729.32,8139.66,-0.173268,-17.33,1.076923,No,0.00,0.00
id#43,213.6867,5709.35,3711.08,209.9208,5684.03,5747.72,-0.011080,-1.11,1.072147,No,0.00,0.00
id#44,213.6867,8257.05,5367.08,209.9208,8229.41,8392.24,-0.019402,-1.94,1.073319,No,0.00,0.00
id#45,213.6867,6133.71,3986.91,209.9208,6025.61,7850.33,-0.232439,-23.24,1.057944,No,0.00,0.00
id#46,213.6867,7300.09,4745.06,209.9208,7224.88,7295.47,-0.009676,-0.97,1.065828,No,0.00,0.00
id#47,213.6867,4977.48,3235.36,209.9208,4889.76,7478.32,-0.346142,-34.61,1.057944,No,0.00,0.00
id#48,213.6867,8757.62,5692.45,209.9208,8739.84,8928.44,-0.021123,-2.11,1.074737,No,0.00,0.00
id#49,213.6867,5277.01,3430.05,209.9208,5277.01,6012.82,-0.122374,-12.24,1.076923,No,0.00,0.00
id#50,213.6867,7241.05,4706.69,209.9208,7241.05,8455.38,-0.143615,-14.36,1.076923,No,0.00,0.00
id#51,213.6867,5361.55,3485.01,209.9208,5361.55,7445.30,-0.279875,-27.99,1.076923,No,0.00,0.00
id#52,213.6867,4932.91,3206.39,209.9208,4932.91,6140.12,-0.196610,-19.66,1.076923,No,0.00,0.00
id#53,213.6867,6365.50,4137.58,209.9208,6277.66,6583.63,-0.046475,-4.65,1.062061,No,0.00,0.00
id#54,213.6867,4840.76,3146.49,209.9208,4773.99,5604.83,-0.148237,-14.82,1.062069,No,0.00,0.00
id#55,213.6867,5114.43,3324.38,209.9208,5055.02,5274.79,-0.041666,-4.17,1.064412,No,0.00,0.00
id#56,213.6867,5789.41,3763.12,209.9208,5687.38,6161.41,-0.076936,-7.69,1.057944,No,0.00,0.00
id#57,213.6867,6612.61,4298.19,209.9208,6612.61,8226.24,-0.196157,-19.62,1.076923,No,0.00,0.00
id#58,213.6867,6576.18,4274.52,209.9208,6576.18,7659.49,-0.141434,-14.14,1.076923,No,0.00,0.00
id#59,213.6867,5185.46,3370.55,209.9208,5101.86,5768.29,-0.115532,-11.55,1.059561,No,0.00,0.00
id#60,213.6867,4455.38,2896.00,209.9208,4455.38,6502.21,-0.314790,-31.48,1.076923,No,0.00,0.00
id#61,213.6867,6669.29,4335.04,209.9208,6609.21,6762.45,-0.022662,-2.27,1.067220,No,0.00,0.00
id#62,213.6867,5590.67,3633.93,209.9208,5534.65,5658.28,-0.021850,-2.19,1.066132,No,0.00,0.00
id#63,213.6867,6390.51,4153.83,209.9208,6282.48,7742.36,-0.188558,-18.86,1.058717,No,0.00,0.00
id#64,213.6867,4005.74,2603.73,209.9208,4005.74,5039.43,-0.205120,-20.51,1.076923,No,0.00,0.00
id#65,213.6867,4748.80,3086.72,209.9208,4732.52,4850.28,-0.024281,-2.43,1.073229,No,0.00,0.00
id#66,213.6867,4787.24,3111.71,209.9208,4787.24,6150.42,-0.221640,-22.16,1.076923,No,0.00,0.00
id#67,213.6867,5584.40,3629.86,209.9208,5551.36,5556.97,-0.001010,-0.10,1.070552,No,0.00,0.00
id#68,213.6867,5758.97,3743.33,209.9208,5657.48,8596.36,-0.341875,-34.19,1.057944,No,0.00,0.00
id#69,213.6867,4073.53,2647.80,209.9208,4073.53,4866.85,-0.163005,-16.30,1.076923,No,0.00,0.00
id#70,213.6867,6879.51,4471.68,209.9208,6865.62,7154.74,-0.040411,-4.04,1.074748,No,0.00,0.00
id#71,213.6867,5949.19,3866.98,209.9208,5886.78,5905.30,-0.003137,-0.31,1.065624,No,0.00,0.00
id#72,213.6867,5314.33,3454.31,209.9208,5220.67,6757.02,-0.227371,-22.74,1.057944,No,0.00,0.00
id#73,213.6867,8182.65,5318.72,209.9208,8038.45,9135.85,-0.120121,-12.01,1.057944,No,0.00,0.00
id#74,213.6867,5323.03,3459.97,209.9208,5229.22,7258.31,-0.279554,-27.96,1.057944,No,0.00,0.00
id#75,213.6867,6343.91,4123.54,209.9208,6343.91,7487.21,-0.152701,-15.27,1.076923,No,0.00,0.00
id#76,213.6867,5171.83,3361.69,209.9208,5083.20,6644.08,-0.234928,-23.49,1.058468,No,0.00,0.00
id#77,213.6867,4177.96,2715.68,209.9208,4177.96,5400.31,-0.226347,-22.63,1.076923,No,0.00,0.00
id#78,213.6867,6451.03,4193.17,209.9208,6350.95,7199.38,-0.117848,-11.78,1.060215,No,0.00,0.00
id#79,213.6867,5532.37,3596.04,209.9208,5528.62,5868.29,-0.057883,-5.79,1.076192,No,0.00,0.00
id#80,213.6867,6381.57,4148.02,209.9208,6381.57,7103.73,-0.101659,-10.17,1.076923,No,0.00,0.00
id#81,213.6867,5290.65,3438.92,209.9208,5276.85,5459.78,-0.033505,-3.35,1.074115,No,0.00,0.00
id#82,213.6867,6991.88,4544.72,209.9208,6991.88,7747.57,-0.097540,-9.75,1.076923,No,0.00,0.00
id#83,213.6867,5782.03,3758.32,209.9208,5680.13,8265.52,-0.312793,-31.28,1.057944,No,0.00,0.00
id#84,213.6867,5185.68,3370.69,209.9208,5185.68,5872.93,-0.117020,-11.70,1.076923,No,0.00,0.00
id#85,213.6867,6953.38,4519.70,209.9208,6840.67,8097.84,-0.155247,-15.52,1.059467,No,0.00,0.00
id#86,213.6867,7199.53,4679.69,209.9208,7111.54,7419.74,-0.041538,-4.15,1.063761,No,0.00,0.00
id#87,213.6867,5199.33,3379.56,209.9208,5107.70,6362.60,-0.197231,-19.72,1.057944,No,0.00,0.00
id#88,213.6867,5643.51,3668.28,209.9208,5643.51,7282.03,-0.225009,-22.50,1.076923,No,0.00,0.00
id#89,213.6867,5771.65,3751.57,209.9208,5771.65,6881.32,-0.161259,-16.13,1.076923,No,0.00,0.00
id#90,213.6867,6988.72,4542.67,209.9208,6909.37,7034.50,-0.017788,-1.78,1.064696,No,0.00,0.00
id#91,213.6867,5047.96,3281.17,209.9208,4958.99,6677.62,-0.257371,-25.74,1.057944,No,0.00,0.00
id#92,213.6867,5334.03,3467.12,209.9208,5334.03,6237.59,-0.144857,-14.49,1.076923,No,0.00,0.00
id#93,213.6867,4589.36,2983.09,209.9208,4508.48,5603.08,-0.195356,-19.54,1.057944,No,0.00,0.00
id#94,213.6867,4231.99,2750.79,209.9208,4231.99,5085.99,-0.167913,-16.79,1.076923,No,0.00,0.00
id#95,213.6867,6292.20,4089.93,209.9208,6198.79,7512.95,-0.174919,-17.49,1.060935,No,0.00,0.00
id#96,213.6867,7174.31,4663.30,209.9208,7082.10,7673.61,-0.077085,-7.71,1.063081,No,0.00,0.00
id#97,213.6867,4495.50,2922.08,209.9208,4495.50,5806.77,-0.225817,-22.58,1.076923,No,0.00,0.00
id#98,213.6867,6880.76,4472.49,209.9208,6880.76,8674.38,-0.206773,-20.68,1.076923,No,0.00,0.00
id#99,213.6867,6729.93,4374.45,209.9208,6710.58,6950.26,-0.034485,-3.45,1.073827,No,0.00,0.00
id#100,213.6867,7314.52,4754.44,209.9208,7314.52,8430.34,-0.132357,-13.24,1.076923,No,0.00,0.00
id#101,213.6867,4379.95,2846.97,209.9208,4379.95,5275.37,-0.169736,-16.97,1.076923,No,0.00,0.00
id#102,213.6867,4921.32,3198.86,209.9208,4921.32,6703.06,-0.265810,-26.58,1.076923,No,0.00,0.00
id#103,213.6867,5299.33,3444.56,209.9208,5299.33,8191.06,-0.353035,-35.30,1.076923,No,0.00,0.00
id#104,213.6867,4085.81,2655.78,209.9208,4085.81,5465.00,-0.252369,-25.24,1.076923,No,0.00,0.00
id#105,213.6867,4796.33,3117.62,209.9208,4796.33,6046.17,-0.206715,-20.67,1.076923,No,0.00,0.00
id#106,213.6867,6383.11,4149.02,209.9208,6281.97,6730.89,-0.066695,-6.67,1.059860,No,0.00,0.00
id#107,213.6867,6373.45,4142.74,209.9208,6328.80,6328.95,-0.000025,-0.00,1.069379,No,0.00,0.00
id#108,213.6867,5075.11,3298.82,209.9208,4985.67,6704.06,-0.256320,-25.63,1.057944,No,0.00,0.00
id#109,213.6867,6000.09,3900.06,209.9208,6000.09,7748.85,-0.225679,-22.57,1.076923,No,0.00,0.00
id#110,213.6867,7549.76,4907.34,209.9208,7416.71,8705.19,-0.148013,-14.80,1.057944,No,0.00,0.00
id#111,213.6867,5742.38,3732.54,209.9208,5742.38,6652.10,-0.136757,-13.68,1.076923,No,0.00,0.00
id#112,213.6867,4414.80,2869.62,209.9208,4414.80,5091.43,-0.132897,-13.29,1.076923,No,0.00,0.00
id#113,213.6867,6052.00,3933.80,209.9208,6007.98,6008.05,-0.000011,-0.00,1.069089,No,0.00,0.00
id#114,213.6867,4234.23,2752.25,209.9208,4234.23,5335.33,-0.206379,-20.64,1.076923,No,0.00,0.00
id#115,213.6867,8198.12,5328.78,209.9208,8108.88,8233.73,-0.015163,-1.52,1.065200,No,0.00,0.00
id#116,213.6867,4083.36,2654.18,209.9208,4083.36,4731.75,-0.137030,-13.70,1.076923,No,0.00,0.00
id#117,213.6867,4871.26,3166.32,209.9208,4871.26,6062.00,-0.196427,-19.64,1.076923,No,0.00,0.00
id#118,213.6867,4353.80,2829.97,209.9208,4277.07,6589.57,-0.350934,-35.09,1.057944,No,0.00,0.00
id#119,213.6867,5045.72,3279.72,209.9208,5004.11,5023.30,-0.003819,-0.38,1.068043,No,0.00,0.00
id#120,213.6867,6403.34,4162.17,209.9208,6403.34,7917.34,-0.191225,-19.12,1.076923,No,0.00,0.00
id#121,213.6867,5806.82,3774.44,209.9208,5786.09,5897.71,-0.018927,-1.89,1.073078,No,0.00,0.00
id#122,213.6867,3896.74,2532.88,209.9208,3896.74,4632.82,-0.158884,-15.89,1.076923,No,0.00,0.00
id#123,213.6867,5281.45,3432.94,209.9208,5210.47,5690.55,-0.084366,-8.44,1.062449,No,0.00,0.00
id#124,213.6867,6154.63,4000.51,209.9208,6154.63,7317.18,-0.158880,-15.89,1.076923,No,0.00,0.00
id#125,213.6867,6515.90,4235.34,209.9208,6401.07,7252.38,-0.117384,-11.74,1.057944,No,0.00,0.00
id#126,213.6867,7161.42,4654.92,209.9208,7143.05,7280.59,-0.018890,-1.89,1.074161,No,0.00,0.00
id#127,213.6867,4871.97,3166.78,209.9208,4786.11,6748.13,-0.290750,-29.08,1.057944,No,0.00,0.00
id#128,213.6867,4730.69,3074.95,209.9208,4664.37,5579.05,-0.163948,-16.39,1.061825,No,0.00,0.00
id#129,213.6867,5832.89,3791.38,209.9208,5832.89,7984.42,-0.269467,-26.95,1.076923,No,0.00,0.00
id#130,213.6867,5486.80,3566.42,209.9208,5486.80,6084.63,-0.098252,-9.83,1.076923,No,0.00,0.00
id#131,213.6867,7527.91,4893.14,209.9208,7494.55,7581.83,-0.011511,-1.15,1.072151,No,0.00,0.00
id#132,213.6867,4538.58,2950.08,209.9208,4538.58,6924.88,-0.344598,-34.46,1.076923,No,0.00,0.00
id#133,213.6867,5873.21,3817.59,209.9208,5834.96,5838.04,-0.000528,-0.05,1.069908,No,0.00,0.00
id#134,213.6867,5744.53,3733.94,209.9208,5679.09,6026.66,-0.057672,-5.77,1.064655,No,0.00,0.00
id#135,213.6867,5218.23,3391.85,209.9208,5218.23,7888.93,-0.338538,-33.85,1.076923,No,0.00,0.00
id#136,213.6867,3822.59,2484.69,209.9208,3755.23,5875.76,-0.360896,-36.09,1.057944,No,0.00,0.00
id#137,213.6867,6051.01,3933.16,209.9208,6051.01,6641.55,-0.088916,-8.89,1.076923,No,0.00,0.00
id#138,213.6867,4692.41,3050.07,209.9208,4678.48,4830.35,-0.031442,-3.14,1.073724,No,0.00,0.00
id#139,213.6867,8343.71,5423.41,209.9208,8274.09,8279.98,-0.000712,-0.07,1.067937,No,0.00,0.00
id#140,213.6867,5840.88,3796.57,209.9208,5737.94,6548.64,-0.123797,-12.38,1.057944,No,0.00,0.00
id#141,213.6867,5346.84,3475.44,209.9208,5346.84,7366.34,-0.274153,-27.42,1.076923,No,0.00,0.00
id#142,213.6867,7215.08,4689.80,209.9208,7148.24,7163.89,-0.002184,-0.22,1.066946,No,0.00,0.00
id#143,213.6867,6178.03,4015.72,209.9208,6178.03,7531.46,-0.179703,-17.97,1.076923,No,0.00,0.00
id#144,213.6867,7931.70,5155.60,209.9208,7931.70,8315.36,-0.046139,-4.61,1.076923,No,0.00,0.00
id#145,213.6867,6277.25,4080.21,209.9208,6166.62,7966.09,-0.225891,-22.59,1.057944,No,0.00,0.00
id#146,213.6867,4207.27,2734.72,209.9208,4207.27,5959.55,-0.294029,-29.40,1.076923,No,0.00,0.00
id#147,213.6867,3980.50,2587.32,209.9208,3980.50,4592.50,-0.133262,-13.33,1.076923,No,0.00,0.00
id#148,213.6867,4861.62,3160.06,209.9208,4780.19,6445.74,-0.258395,-25.84,1.058885,No,0.00,0.00
id#149,213.6867,6952.74,4519.28,209.9208,6944.26,7227.36,-0.039170,-3.92,1.075610,No,0.00,0.00
id#150,213.6867,6527.27,4242.73,209.9208,6424.02,7933.81,-0.190298,-19.03,1.059888,No,0.00,0.00
id#151,213.6867,3861.74,2510.13,209.9208,3861.74,5378.67,-0.282028,-28.20,1.076923,No,0.00,0.00
id#152,213.6867,7242.17,4707.41,209.9208,7242.17,7980.53,-0.092520,-9.25,1.076923,No,0.00,0.00
id#153,213.6867,6691.16,4349.26,209.9208,6573.24,8801.24,-0.253146,-25.31,1.057944,No,0.00,0.00
id#154,213.6867,6398.03,4158.72,209.9208,6376.58,6452.57,-0.011777,-1.18,1.073313,No,0.00,0.00
id#155,213.6867,5423.85,3525.50,209.9208,5379.29,5435.62,-0.010362,-1.04,1.068077,No,0.00,0.00
id#156,213.6867,6998.19,4548.83,209.9208,6998.19,8376.63,-0.164557,-16.46,1.076923,No,0.00,0.00
id#157,213.6867,5464.15,3551.70,209.9208,5464.15,6627.12,-0.175487,-17.55,1.076923,No,0.00,0.00
id#158,213.6867,7905.96,5138.87,209.9208,7864.43,7905.33,-0.005173,-0.52,1.071266,No,0.00,0.00
id#159,213.6867,5810.75,3776.99,209.9208,5810.75,6449.88,-0.099091,-9.91,1.076923,No,0.00,0.00
id#160,213.6867,5375.87,3494.32,209.9208,5375.87,7399.91,-0.273522,-27.35,1.076923,No,0.00,0.00
id#161,213.6867,7592.05,4934.83,209.9208,7592.05,8407.99,-0.097043,-9.70,1.076923,No,0.00,0.00
id#162,213.6867,5151.90,3348.73,209.9208,5061.10,6979.46,-0.274857,-27.49,1.057944,No,0.00,0.00
id#163,213.6867,6455.43,4196.03,209.9208,6341.66,7997.86,-0.207080,-20.71,1.057944,No,0.00,0.00
id#164,213.6867,5317.57,3456.42,209.9208,5301.55,5466.73,-0.030217,-3.02,1.073677,No,0.00,0.00
id#165,213.6867,6379.13,4146.43,209.9208,6266.71,7836.30,-0.200298,-20.03,1.057944,No,0.00,0.00
id#166,213.6867,5973.79,3882.96,209.9208,5973.79,6607.46,-0.095903,-9.59,1.076923,No,0.00,0.00
id#167,213.6867,5479.57,3561.72,209.9208,5479.57,8121.11,-0.325269,-32.53,1.076923,No,0.00,0.00
id#168,213.6867,5035.44,3273.04,209.9208,5035.44,5808.96,-0.133159,-13.32,1.076923,No,0.00,0.00
id#169,213.6867,6429.91,4179.44,209.9208,6429.91,7642.05,-0.158614,-15.86,1.076923,No,0.00,0.00
id#170,213.6867,6311.66,4102.58,209.9208,6200.42,8996.88,-0.310825,-31.08,1.057944,No,0.00,0.00
id#171,213.6867,5256.02,3416.41,209.9208,5222.70,5224.84,-0.000409,-0.04,1.070098,No,0.00,0.00
id#172,213.6867,5234.20,3402.23,209.9208,5234.20,6936.47,-0.245408,-24.54,1.076923,No,0.00,0.00
id#173,213.6867,6127.55,3982.91,209.9208,6127.55,8185.94,-0.251455,-25.15,1.076923,No,0.00,0.00
id#174,213.6867,5622.53,3654.65,209.9208,5523.44,7241.51,-0.237253,-23.73,1.057944,No,0.00,0.00
id#175,213.6867,5422.29,3524.49,209.9208,5383.53,5395.46,-0.002213,-0.22,1.069224,No,0.00,0.00
id#176,213.6867,7001.40,4550.91,209.9208,6904.79,8005.12,-0.137454,-13.75,1.062063,No,0.00,0.00
id#177,213.6867,4026.90,2617.48,209.9208,4026.90,6048.90,-0.334275,-33.43,1.076923,No,0.00,0.00
id#178,213.6867,5472.48,3557.11,209.9208,5405.44,5761.55,-0.061808,-6.18,1.063729,No,0.00,0.00
id#179,213.6867,5291.64,3439.57,209.9208,5198.38,6813.91,-0.237093,-23.71,1.057944,No,0.00,0.00
id#180,213.6867,3992.73,2595.28,209.9208,3992.73,5245.71,-0.238857,-23.89,1.076923,No,0.00,0.00
id#181,213.6867,6054.17,3935.21,209.9208,5947.48,7506.74,-0.207715,-20.77,1.057944,No,0.00,0.00
id#182,213.6867,5414.65,3519.52,209.9208,5381.32,5385.25,-0.000730,-0.07,1.070293,No,0.00,0.00
id#183,213.6867,8965.89,5827.83,209.9208,8880.12,8897.15,-0.001915,-0.19,1.066621,No,0.00,0.00
id#184,213.6867,4943.63,3213.36,209.9208,4943.63,7332.37,-0.325781,-32.58,1.076923,No,0.00,0.00
id#185,213.6867,4549.93,2957.45,209.9208,4549.93,5720.13,-0.204575,-20.46,1.076923,No,0.00,0.00
id#186,213.6867,5944.19,3863.73,209.9208,5944.19,7308.52,-0.186677,-18.67,1.076923,No,0.00,0.00
id#187,213.6867,6772.44,4402.09,209.9208,6723.37,6735.46,-0.001795,-0.18,1.069121,No,0.00,0.00
id#188,213.6867,7541.13,4901.73,209.9208,7497.55,7509.00,-0.001525,-0.15,1.070700,No,0.00,0.00
id#189,213.6867,8037.09,5224.11,209.9208,7951.46,7997.13,-0.005711,-0.57,1.065449,No,0.00,0.00
id#190,213.6867,4181.77,2718.15,209.9208,4108.07,5528.35,-0.256909,-25.69,1.057944,No,0.00,0.00
id#191,213.6867,6726.11,4371.97,209.9208,6726.11,7700.62,-0.126550,-12.65,1.076923,No,0.00,0.00
id#192,213.6867,4255.60,2766.14,209.9208,4255.60,5356.87,-0.205582,-20.56,1.076923,No,0.00,0.00
id#193,213.6867,4973.61,3232.85,209.9208,4943.96,4951.83,-0.001590,-0.16,1.070504,No,0.00,0.00
id#194,213.6867,6927.02,4502.57,209.9208,6836.65,7739.50,-0.116654,-11.67,1.062874,No,0.00,0.00
id#195,213.6867,4649.56,3022.22,209.9208,4574.09,6023.37,-0.240610,-24.06,1.059442,No,0.00,0.00
id#196,213.6867,4025.14,2616.34,209.9208,4025.14,5358.14,-0.248779,-24.88,1.076923,No,0.00,0.00
id#197,213.6867,3958.40,2572.96,209.9208,3958.40,5274.27,-0.249489,-24.95,1.076923,No,0.00,0.00
id#198,213.6867,7355.43,4781.03,209.9208,7226.98,7703.04,-0.061802,-6.18,1.058116,No,0.00,0.00
id#199,213.6867,5211.06,3387.19,209.9208,5173.54,5174.70,-0.000224,-0.02,1.069169,No,0.00,0.00
id#200,213.6867,5192.89,3375.38,209.9208,5192.89,6729.57,-0.228347,-22.83,1.076923,No,0.00,0.00
id#201,213.6867,7569.19,4919.97,209.9208,7435.79,9031.43,-0.176676,-17.67,1.057944,No,0.00,0.00
id#202,213.6867,5941.43,3861.93,209.9208,5869.22,6523.13,-0.100246,-10.02,1.063833,No,0.00,0.00
id#203,213.6867,3886.81,2526.43,209.9208,3886.81,4683.64,-0.170131,-17.01,1.076923,No,0.00,0.00
id#204,213.6867,6042.96,3927.92,209.9208,6042.96,6262.96,-0.035127,-3.51,1.076923,No,0.00,0.00
id#205,213.6867,5977.74,3885.53,209.9208,5977.74,8334.66,-0.282786,-28.28,1.076923,No,0.00,0.00
id#206,213.6867,4684.71,3045.06,209.9208,4684.71,5640.97,-0.169521,-16.95,1.076923,No,0.00,0.00
id#207,213.6867,5455.99,3546.39,209.9208,5359.84,7517.61,-0.287029,-28.70,1.057944,No,0.00,0.00
id#208,213.6867,8195.84,5327.29,209.9208,8107.03,8297.94,-0.023006,-2.30,1.065254,No,0.00,0.00
id#209,213.6867,4210.96,2737.13,209.9208,4210.96,5497.47,-0.234018,-23.40,1.076923,No,0.00,0.00
id#210,213.6867,6214.94,4039.71,209.9208,6214.94,7643.54,-0.186903,-18.69,1.076923,No,0.00,0.00
id#211,213.6867,6311.52,4102.49,209.9208,6311.52,6952.18,-0.092152,-9.22,1.076923,No,0.00,0.00
id#212,213.6867,6555.82,4261.28,209.9208,6499.56,6556.46,-0.008679,-0.87,1.067682,No,0.00,0.00
id#213,213.6867,7210.59,4686.88,209.9208,7172.86,7213.57,-0.005644,-0.56,1.071288,No,0.00,0.00
id#214,213.6867,5343.98,3473.59,209.9208,5305.79,5305.92,-0.000023,-0.00,1.069227,No,0.00,0.00
id#215,213.6867,5572.90,3622.39,209.9208,5474.69,7365.10,-0.256672,-25.67,1.057944,No,0.00,0.00
id#216,213.6867,4531.30,2945.34,209.9208,4531.30,5467.12,-0.171174,-17.12,1.076923,No,0.00,0.00
id#217,213.6867,5853.28,3804.63,209.9208,5750.13,6481.14,-0.112790,-11.28,1.057944,No,0.00,0.00
id#218,213.6867,7578.33,4925.91,209.9208,7444.77,7991.76,-0.068445,-6.84,1.057944,No,0.00,0.00
id#219,213.6867,7090.42,4608.77,209.9208,7056.39,7088.13,-0.004478,-0.45,1.071755,No,0.00,0.00
id#220,213.6867,5578.53,3626.04,209.9208,5484.54,6513.05,-0.157916,-15.79,1.058778,No,0.00,0.00
id#221,213.6867,3929.21,2553.99,209.9208,3929.21,5809.42,-0.323648,-32.36,1.076923,No,0.00,0.00
id#222,213.6867,6051.86,3933.71,209.9208,5950.96,6875.78,-0.134504,-13.45,1.058968,No,0.00,0.00
id#223,213.6867,7290.18,4738.62,209.9208,7260.06,7373.46,-0.015379,-1.54,1.072474,No,0.00,0.00
id#224,213.6867,4985.54,3240.60,209.9208,4985.54,5644.31,-0.116713,-11.67,1.076923,No,0.00,0.00
id#225,213.6867,5258.68,3418.14,209.9208,5166.00,5904.42,-0.125062,-12.51,1.057944,No,0.00,0.00
id#226,213.6867,7281.60,4733.04,209.9208,7195.61,7439.73,-0.032813,-3.28,1.064205,No,0.00,0.00
id#227,213.6867,7869.47,5115.16,209.9208,7765.43,7943.93,-0.022469,-2.25,1.062686,No,0.00,0.00
id#228,213.6867,6636.46,4313.70,209.9208,6590.42,6592.49,-0.000314,-0.03,1.069454,No,0.00,0.00
id#229,213.6867,6503.19,4227.08,209.9208,6448.79,6486.09,-0.005749,-0.57,1.067915,No,0.00,0.00
id#230,213.6867,5016.13,3260.48,209.9208,5001.39,5134.63,-0.025949,-2.59,1.073759,No,0.00,0.00
id#231,213.6867,7096.62,4612.80,209.9208,6992.80,7950.98,-0.120511,-12.05,1.061169,No,0.00,0.00
id#232,213.6867,7634.68,4962.54,209.9208,7500.13,9237.46,-0.188075,-18.81,1.057944,No,0.00,0.00
id#233,213.6867,6293.27,4090.62,209.9208,6293.27,7207.50,-0.126845,-12.68,1.076923,No,0.00,0.00
id#234,213.6867,4492.36,2920.03,209.9208,4420.62,5717.43,-0.226816,-22.68,1.059726,No,0.00,0.00
id#235,213.6867,6952.68,4519.24,209.9208,6830.15,7932.67,-0.138985,-13.90,1.057944,No,0.00,0.00
id#236,213.6867,7481.97,4863.28,209.9208,7436.07,7446.43,-0.001391,-0.14,1.070317,No,0.00,0.00
id#237,213.6867,7251.75,4713.64,209.9208,7223.81,7304.59,-0.011060,-1.11,1.072773,No,0.00,0.00
id#238,213.6867,6532.37,4246.04,209.9208,6470.59,6586.73,-0.017632,-1.76,1.066738,No,0.00,0.00
id#239,213.6867,5989.03,3892.87,209.9208,5943.51,5966.32,-0.003825,-0.38,1.068737,No,0.00,0.00
id#240,213.6867,5944.81,3864.13,209.9208,5840.04,9551.01,-0.388542,-38.85,1.057944,No,0.00,0.00
id#241,213.6867,5392.23,3504.95,209.9208,5392.23,5700.67,-0.054106,-5.41,1.076923,No,0.00,0.00
id#242,213.6867,6392.98,4155.44,209.9208,6392.98,7135.14,-0.104014,-10.40,1.076923,No,0.00,0.00
id#243,213.6867,5004.84,3253.15,209.9208,5004.84,5962.97,-0.160680,-16.07,1.076923,No,0.00,0.00
id#244,213.6867,5026.43,3267.18,209.9208,4982.59,5016.80,-0.006818,-0.68,1.067530,No,0.00,0.00
id#245,213.6867,3651.34,2373.37,209.9208,3651.34,5213.41,-0.299626,-29.96,1.076923,No,0.00,0.00
id#246,213.6867,5728.70,3723.65,209.9208,5728.70,6909.99,-0.170954,-17.10,1.076923,No,0.00,0.00
id#247,213.6867,4196.60,2727.79,209.9208,4196.60,5553.17,-0.244288,-24.43,1.076923,No,0.00,0.00
id#248,213.6867,6002.41,3901.57,209.9208,6002.41,6389.89,-0.060640,-6.06,1.076923,No,0.00,0.00
id#249,213.6867,7272.15,4726.90,209.9208,7236.28,7286.51,-0.006893,-0.69,1.071612,No,0.00,0.00
id#250,213.6867,7108.08,4620.25,209.9208,7038.02,7220.44,-0.025265,-2.53,1.066307,No,0.00,0.00
id#251,213.6867,5949.71,3867.31,209.9208,5949.71,6214.56,-0.042618,-4.26,1.076923,No,0.00,0.00
id#252,213.6867,3944.38,2563.85,209.9208,3944.38,5672.31,-0.304626,-30.46,1.076923,No,0.00,0.00
id#253,213.6867,5246.88,3410.47,209.9208,5246.88,5874.58,-0.106849,-10.68,1.076923,No,0.00,0.00
id#254,213.6867,5462.79,3550.81,209.9208,5416.32,5433.19,-0.003104,-0.31,1.067762,No,0.00,0.00
id#255,213.6867,5302.20,3446.43,209.9208,5291.00,5428.48,-0.025326,-2.53,1.074648,No,0.00,0.00
id#256,213.6867,6425.47,4176.56,209.9208,6312.23,7342.17,-0.140277,-14.03,1.057944,No,0.00,0.00
id#257,213.6867,5402.83,3511.84,209.9208,5307.61,5940.25,-0.106500,-10.65,1.057944,No,0.00,0.00
id#258,213.6867,4474.39,2908.36,209.9208,4474.39,6173.25,-0.275197,-27.52,1.076923,No,0.00,0.00
id#259,213.6867,4524.61,2940.99,209.9208,4524.61,6305.44,-0.282428,-28.24,1.076923,No,0.00,0.00
id#260,213.6867,4067.24,2643.71,209.9208,3995.56,6211.84,-0.356783,-35.68,1.057944,No,0.00,0.00
id#261,213.6867,4114.04,2674.13,209.9208,4114.04,5359.53,-0.232388,-23.24,1.076923,No,0.00,0.00
id#262,213.6867,5937.87,3859.61,209.9208,5890.36,5922.20,-0.005375,-0.54,1.068308,No,0.00,0.00
id#263,213.6867,5142.97,3342.93,209.9208,5093.00,5276.26,-0.034733,-3.47,1.066459,No,0.00,0.00
id#264,213.6867,4335.67,2818.18,209.9208,4259.26,6643.17,-0.358852,-35.89,1.057944,No,0.00,0.00
id#265,213.6867,5814.66,3779.53,209.9208,5794.77,5934.13,-0.023486,-2.35,1.073239,No,0.00,0.00
id#266,213.6867,6964.52,4526.94,209.9208,6960.76,7230.16,-0.037262,-3.73,1.076340,No,0.00,0.00
id#267,213.6867,6700.43,4355.28,209.9208,6700.43,7502.28,-0.106881,-10.69,1.076923,No,0.00,0.00
id#268,213.6867,6625.77,4306.75,209.9208,6509.00,8728.59,-0.254290,-25.43,1.057944,No,0.00,0.00
id#269,213.6867,4932.26,3205.97,209.9208,4918.22,5065.07,-0.028993,-2.90,1.073858,No,0.00,0.00
id#270,213.6867,4635.84,3013.29,209.9208,4635.84,6776.49,-0.315894,-31.59,1.076923,No,0.00,0.00
id#271,213.6867,7728.44,5023.48,209.9208,7592.23,8665.11,-0.123816,-12.38,1.057944,No,0.00,0.00
id#272,213.6867,6963.01,4525.96,209.9208,6963.01,7723.79,-0.098499,-9.85,1.076923,No,0.00,0.00
id#273,213.6867,5917.29,3846.24,209.9208,5867.83,5913.78,-0.007769,-0.78,1.067922,No,0.00,0.00
id#274,213.6867,6716.79,4365.92,209.9208,6681.85,6720.47,-0.005746,-0.57,1.071320,No,0.00,0.00
id#275,213.6867,7875.80,5119.27,209.9208,7802.90,7945.71,-0.017974,-1.80,1.066954,No,0.00,0.00
id#276,213.6867,6280.98,4082.64,209.9208,6280.98,7383.32,-0.149301,-14.93,1.076923,No,0.00,0.00
id#277,213.6867,5241.40,3406.91,209.9208,5241.40,6338.58,-0.173096,-17.31,1.076923,No,0.00,0.00
id#278,213.6867,3680.41,2392.27,209.9208,3615.55,5465.80,-0.338514,-33.85,1.057944,No,0.00,0.00
id#279,213.6867,6292.85,4090.35,209.9208,6192.32,7060.91,-0.123013,-12.30,1.059720,No,0.00,0.00
id#280,213.6867,4880.35,3172.23,209.9208,4880.35,6137.95,-0.204889,-20.49,1.076923,No,0.00,0.00
id#281,213.6867,5962.65,3875.72,209.9208,5962.65,8656.13,-0.311164,-31.12,1.076923,No,0.00,0.00
id#282,213.6867,6558.40,4262.96,209.9208,6558.40,7659.46,-0.143751,-14.38,1.076923,No,0.00,0.00
id#283,213.6867,6655.11,4325.82,209.9208,6655.11,7718.36,-0.137756,-13.78,1.076923,No,0.00,0.00
id#284,213.6867,6963.37,4526.19,209.9208,6867.47,8145.89,-0.156941,-15.69,1.062091,No,0.00,0.00
id#285,213.6867,7049.30,4582.05,209.9208,7015.00,7069.97,-0.007775,-0.78,1.071682,No,0.00,0.00
id#286,213.6867,6755.94,4391.36,209.9208,6755.94,7874.79,-0.142080,-14.21,1.076923,No,0.00,0.00
id#287,213.6867,4758.33,3092.91,209.9208,4755.98,5064.72,-0.060960,-6.10,1.076391,No,0.00,0.00
id#288,213.6867,4488.45,2917.49,209.9208,4488.45,5654.26,-0.206182,-20.62,1.076923,No,0.00,0.00
id#289,213.6867,6142.34,3992.52,209.9208,6142.34,7000.89,-0.122635,-12.26,1.076923,No,0.00,0.00
id#290,213.6867,8138.62,5290.11,209.9208,8086.28,8090.53,-0.000526,-0.05,1.069997,No,0.00,0.00
id#291,213.6867,5320.89,3458.58,209.9208,5227.11,6961.97,-0.249190,-24.92,1.057944,No,0.00,0.00
id#292,213.6867,7179.71,4666.81,209.9208,7179.71,8089.48,-0.112463,-11.25,1.076923,No,0.00,0.00
id#293,213.6867,6355.30,4130.94,209.9208,6355.30,7385.74,-0.139518,-13.95,1.076923,No,0.00,0.00
id#294,213.6867,5118.75,3327.19,209.9208,5036.14,6069.11,-0.170202,-17.02,1.059543,No,0.00,0.00
id#295,213.6867,5633.93,3662.06,209.9208,5534.64,6729.66,-0.177574,-17.76,1.057944,No,0.00,0.00
id#296,213.6867,7260.18,4719.12,209.9208,7132.23,8429.62,-0.153909,-15.39,1.057944,No,0.00,0.00
id#297,213.6867,6608.55,4295.56,209.9208,6492.09,7313.85,-0.112358,-11.24,1.057944,No,0.00,0.00
id#298,213.6867,6296.06,4092.44,209.9208,6185.10,8597.99,-0.280634,-28.06,1.057944,No,0.00,0.00
id#299,213.6867,5392.59,3505.19,209.9208,5392.59,5887.08,-0.083996,-8.40,1.076923,No,0.00,0.00
id#300,213.6867,6240.74,4056.48,209.9208,6130.76,8745.11,-0.298951,-29.90,1.057944,No,0.00,0.00
id#301,213.6867,4844.67,3149.03,209.9208,4844.67,6555.23,-0.260945,-26.09,1.076923,No,0.00,0.00
id#302,213.6867,7310.21,4751.63,209.9208,7218.51,7893.07,-0.085462,-8.55,1.063414,No,0.00,0.00
id#303,213.6867,5335.63,3468.16,209.9208,5276.41,5603.96,-0.058450,-5.84,1.064970,No,0.00,0.00
id#304,213.6867,5706.47,3709.21,209.9208,5660.95,5703.91,-0.007531,-0.75,1.068332,No,0.00,0.00
id#305,213.6867,4044.83,2629.14,209.9208,4044.83,5487.52,-0.262903,-26.29,1.076923,No,0.00,0.00
id#306,213.6867,5607.92,3645.15,209.9208,5547.54,5794.01,-0.042539,-4.25,1.065327,No,0.00,0.00
id#307,213.6867,5187.23,3371.70,209.9208,5101.96,6246.79,-0.183267,-18.33,1.059219,No,0.00,0.00
id#308,213.6867,4826.33,3137.12,209.9208,4826.33,5823.16,-0.171184,-17.12,1.076923,No,0.00,0.00
id#309,213.6867,6127.72,3983.02,209.9208,6127.72,6497.15,-0.056861,-5.69,1.076923,No,0.00,0.00
id#310,213.6867,5360.80,3484.52,209.9208,5360.80,7649.15,-0.299164,-29.92,1.076923,No,0.00,0.00
id#311,213.6867,5397.29,3508.24,209.9208,5366.38,5383.84,-0.003242,-0.32,1.070757,No,0.00,0.00
id#312,213.6867,6465.33,4202.46,209.9208,6465.33,8414.81,-0.231672,-23.17,1.076923,No,0.00,0.00
id#313,213.6867,4566.38,2968.15,209.9208,4486.80,5388.95,-0.167408,-16.74,1.058155,No,0.00,0.00
id#314,213.6867,6674.49,4338.42,209.9208,6639.83,6679.93,-0.006004,-0.60,1.071331,No,0.00,0.00
id#315,213.6867,5816.50,3780.72,209.9208,5816.50,7162.74,-0.187951,-18.80,1.076923,No,0.00,0.00
id#316,213.6867,5295.27,3441.93,209.9208,5201.95,8072.33,-0.355583,-35.56,1.057944,No,0.00,0.00
id#317,213.6867,6997.61,4548.45,209.9208,6874.29,8682.91,-0.208297,-20.83,1.057944,No,0.00,0.00
id#318,213.6867,4932.62,3206.20,209.9208,4845.69,7293.50,-0.335615,-33.56,1.057944,No,0.00,0.00
id#319,213.6867,5301.14,3445.74,209.9208,5284.93,5455.96,-0.031348,-3.13,1.073630,No,0.00,0.00
id#320,213.6867,5815.77,3780.25,209.9208,5780.26,5789.74,-0.001637,-0.16,1.070348,No,0.00,0.00
id#321,213.6867,3574.84,2323.65,209.9208,3574.84,4783.76,-0.252714,-25.27,1.076923,No,0.00,0.00
id#322,213.6867,7440.47,4836.30,209.9208,7374.26,7434.78,-0.008141,-0.81,1.067340,No,0.00,0.00
id#323,213.6867,7260.95,4719.62,209.9208,7132.99,8761.21,-0.185845,-18.58,1.057944,No,0.00,0.00
id#324,213.6867,8087.80,5257.07,209.9208,8014.86,8123.47,-0.013371,-1.34,1.067210,No,0.00,0.00
id#325,213.6867,6158.03,4002.72,209.9208,6139.32,6324.11,-0.029221,-2.92,1.073651,No,0.00,0.00
id#326,213.6867,5653.55,3674.81,209.9208,5553.91,7302.94,-0.239496,-23.95,1.057944,No,0.00,0.00
id#327,213.6867,5289.36,3438.08,209.9208,5212.53,5507.87,-0.053621,-5.36,1.061281,No,0.00,0.00
id#328,213.6867,5276.73,3429.88,209.9208,5276.73,5931.43,-0.110377,-11.04,1.076923,No,0.00,0.00
id#329,213.6867,5433.21,3531.59,209.9208,5373.46,5668.70,-0.052082,-5.21,1.065080,No,0.00,0.00
id#330,213.6867,8475.74,5509.23,209.9208,8353.57,8628.18,-0.031827,-3.18,1.061400,No,0.00,0.00
id#331,213.6867,5358.01,3482.71,209.9208,5358.01,7271.86,-0.263186,-26.32,1.076923,No,0.00,0.00
id#332,213.6867,6442.96,4187.93,209.9208,6442.96,7130.17,-0.096380,-9.64,1.076923,No,0.00,0.00
id#333,213.6867,6594.33,4286.31,209.9208,6545.28,6566.00,-0.003156,-0.32,1.068913,No,0.00,0.00
id#334,213.6867,6745.12,4384.33,209.9208,6654.44,7838.63,-0.151071,-15.11,1.062444,No,0.00,0.00
id#335,213.6867,7375.50,4794.07,209.9208,7267.94,8107.51,-0.103554,-10.36,1.061219,No,0.00,0.00
id#336,213.6867,6501.44,4225.93,209.9208,6437.85,6475.99,-0.005890,-0.59,1.066390,No,0.00,0.00
id#337,213.6867,3847.94,2501.16,209.9208,3847.94,4882.32,-0.211863,-21.19,1.076923,No,0.00,0.00
id#338,213.6867,4972.48,3232.11,209.9208,4884.85,6384.76,-0.234920,-23.49,1.057944,No,0.00,0.00
id#339,213.6867,4924.42,3200.87,209.9208,4924.42,5457.12,-0.097615,-9.76,1.076923,No,0.00,0.00
id#340,213.6867,5395.52,3507.09,209.9208,5300.43,7532.63,-0.296337,-29.63,1.057944,No,0.00,0.00
id#341,213.6867,6025.65,3916.67,209.9208,6010.61,6207.81,-0.031767,-3.18,1.074234,No,0.00,0.00
id#342,213.6867,5039.32,3275.56,209.9208,4950.51,7844.33,-0.368906,-36.89,1.057944,No,0.00,0.00
id#343,213.6867,7745.24,5034.40,209.9208,7655.47,8234.17,-0.070280,-7.03,1.064442,No,0.00,0.00
id#344,213.6867,6752.90,4389.38,209.9208,6715.66,6742.92,-0.004043,-0.40,1.070985,No,0.00,0.00
id#345,213.6867,8150.53,5297.84,209.9208,8096.38,8101.47,-0.000628,-0.06,1.069769,No,0.00,0.00
id#346,213.6867,7956.81,5171.93,209.9208,7913.77,7947.61,-0.004259,-0.43,1.071098,No,0.00,0.00
id#347,213.6867,4841.54,3147.00,209.9208,4756.21,7471.67,-0.363434,-36.34,1.057944,No,0.00,0.00
id#348,213.6867,4254.61,2765.50,209.9208,4254.61,5392.91,-0.211072,-21.11,1.076923,No,0.00,0.00
id#349,213.6867,5467.94,3554.16,209.9208,5467.94,5900.10,-0.073245,-7.32,1.076923,No,0.00,0.00
id#350,213.6867,8663.68,5631.39,209.9208,8661.26,8898.04,-0.026611,-2.66,1.076622,No,0.00,0.00
id#351,213.6867,7434.90,4832.69,209.9208,7409.85,7475.81,-0.008822,-0.88,1.073294,No,0.00,0.00
id#352,213.6867,6071.49,3946.47,209.9208,6037.84,6062.80,-0.004117,-0.41,1.070955,No,0.00,0.00
id#353,213.6867,5724.96,3721.23,209.9208,5624.07,6716.97,-0.162708,-16.27,1.057944,No,0.00,0.00
id#354,213.6867,5486.40,3566.16,209.9208,5486.40,6275.62,-0.125759,-12.58,1.076923,No,0.00,0.00
id#355,213.6867,6380.13,4147.08,209.9208,6379.89,6529.36,-0.022892,-2.29,1.076883,No,0.00,0.00
id#356,213.6867,5529.32,3594.06,209.9208,5529.32,7813.79,-0.292363,-29.24,1.076923,No,0.00,0.00
id#357,213.6867,7131.01,4635.16,209.9208,7092.22,7125.11,-0.004616,-0.46,1.071064,No,0.00,0.00
id#358,213.6867,8001.39,5200.90,209.9208,8001.39,9154.46,-0.125958,-12.60,1.076923,No,0.00,0.00
id#359,213.6867,7428.46,4828.50,209.9208,7369.11,7369.54,-0.000057,-0.01,1.068320,No,0.00,0.00
id#360,213.6867,5383.00,3498.95,209.9208,5328.63,5389.31,-0.011259,-1.13,1.066047,No,0.00,0.00
id#361,213.6867,5979.77,3886.85,209.9208,5874.39,8322.91,-0.294190,-29.42,1.057944,No,0.00,0.00
id#362,213.6867,4252.46,2764.10,209.9208,4252.46,5240.36,-0.188517,-18.85,1.076923,No,0.00,0.00
id#363,213.6867,8041.96,5227.27,209.9208,7976.31,8011.75,-0.004424,-0.44,1.068132,No,0.00,0.00
id#364,213.6867,6448.74,4191.68,209.9208,6448.74,7403.69,-0.128983,-12.90,1.076923,No,0.00,0.00
id#365,213.6867,6143.49,3993.27,209.9208,6068.98,6800.82,-0.107610,-10.76,1.063862,No,0.00,0.00
id#366,213.6867,4419.49,2872.67,209.9208,4419.49,5009.40,-0.117760,-11.78,1.076923,No,0.00,0.00
id#367,213.6867,5428.09,3528.26,209.9208,5332.42,7832.38,-0.319182,-31.92,1.057944,No,0.00,0.00
id#368,213.6867,6941.76,4512.14,209.9208,6882.61,6941.79,-0.008526,-0.85,1.067747,No,0.00,0.00
id#369,213.6867,5927.06,3852.59,209.9208,5879.36,5890.96,-0.001969,-0.20,1.068256,No,0.00,0.00
id#370,213.6867,6111.29,3972.34,209.9208,6094.48,6233.08,-0.022236,-2.22,1.073961,No,0.00,0.00
id#371,213.6867,7534.69,4897.55,209.9208,7401.91,8779.54,-0.156914,-15.69,1.057944,No,0.00,0.00
id#372,213.6867,5903.92,3837.55,209.9208,5799.88,6437.61,-0.099063,-9.91,1.057944,No,0.00,0.00
id#373,213.6867,3896.03,2532.42,209.9208,3896.03,5494.76,-0.290954,-29.10,1.076923,No,0.00,0.00
id#374,213.6867,7636.37,4963.64,209.9208,7604.30,7704.74,-0.013036,-1.30,1.072400,No,0.00,0.00
id#375,213.6867,7660.52,4979.34,209.9208,7577.95,8046.52,-0.058232,-5.82,1.065315,No,0.00,0.00
id#376,213.6867,7030.79,4570.01,209.9208,6985.85,6986.48,-0.000091,-0.01,1.070039,No,0.00,0.00
id#377,213.6867,5999.99,3899.99,209.9208,5894.25,8258.58,-0.286288,-28.63,1.057944,No,0.00,0.00
id#378,213.6867,6427.75,4178.03,209.9208,6314.47,8329.79,-0.241941,-24.19,1.057944,No,0.00,0.00
id#379,213.6867,6315.77,4105.25,209.9208,6315.77,8359.46,-0.244477,-24.45,1.076923,No,0.00,0.00
id#380,213.6867,5114.87,3324.67,209.9208,5024.73,6521.24,-0.229483,-22.95,1.057944,No,0.00,0.00
id#381,213.6867,5861.02,3809.67,209.9208,5757.73,7251.30,-0.205972,-20.60,1.057944,No,0.00,0.00
id#382,213.6867,6416.83,4170.94,209.9208,6416.83,8385.33,-0.234754,-23.48,1.076923,No,0.00,0.00
id#383,213.6867,6631.95,4310.76,209.9208,6515.07,9373.57,-0.304953,-30.50,1.057944,No,0.00,0.00
id#384,213.6867,6624.17,4305.71,209.9208,6579.44,6579.84,-0.000061,-0.01,1.069651,No,0.00,0.00
id#385,213.6867,7826.53,5087.24,209.9208,7788.51,7854.03,-0.008341,-0.83,1.071692,No,0.00,0.00
id#386,213.6867,5441.82,3537.18,209.9208,5436.90,5729.96,-0.051145,-5.11,1.075950,No,0.00,0.00
id#387,213.6867,7178.63,4666.11,209.9208,7090.15,7623.71,-0.069986,-7.00,1.063649,No,0.00,0.00
id#388,213.6867,7752.82,5039.33,209.9208,7727.39,7906.22,-0.022620,-2.26,1.073390,No,0.00,0.00
id#389,213.6867,5990.62,3893.90,209.9208,5885.04,6850.45,-0.140926,-14.09,1.057944,No,0.00,0.00
id#390,213.6867,6491.02,4219.16,209.9208,6377.47,8292.32,-0.230918,-23.09,1.058085,No,0.00,0.00
id#391,213.6867,6733.29,4376.64,209.9208,6614.63,9300.80,-0.288811,-28.88,1.057944,No,0.00,0.00
id#392,213.6867,5913.08,3843.50,209.9208,5913.08,7353.77,-0.195912,-19.59,1.076923,No,0.00,0.00
id#393,213.6867,6405.80,4163.77,209.9208,6405.80,7627.76,-0.160199,-16.02,1.076923,No,0.00,0.00
id#394,213.6867,5014.62,3259.50,209.9208,5014.62,6834.78,-0.266308,-26.63,1.076923,No,0.00,0.00
id#395,213.6867,6771.34,4401.37,209.9208,6652.01,9425.73,-0.294271,-29.43,1.057944,No,0.00,0.00
id#396,213.6867,7870.20,5115.63,209.9208,7787.15,7920.38,-0.016821,-1.68,1.065559,No,0.00,0.00
id#397,213.6867,6154.93,4000.70,209.9208,6154.93,7293.79,-0.156141,-15.61,1.076923,No,0.00,0.00
id#398,213.6867,7617.73,4951.52,209.9208,7483.96,8312.29,-0.099651,-9.97,1.058013,No,0.00,0.00
id#399,213.6867,6812.29,4427.99,209.9208,6692.24,8769.01,-0.236831,-23.68,1.057944,No,0.00,0.00
id#400,213.6867,5195.42,3377.02,209.9208,5195.42,7100.12,-0.268263,-26.83,1.076923,No,0.00,0.00
id#401,213.6867,6931.60,4505.54,209.9208,6897.04,6918.59,-0.003115,-0.31,1.071554,No,0.00,0.00
id#402,213.6867,4936.41,3208.67,209.9208,4849.41,5786.52,-0.161947,-16.19,1.057944,No,0.00,0.00
id#403,213.6867,4794.32,3116.31,209.9208,4732.68,5269.87,-0.101936,-10.19,1.063076,No,0.00,0.00
id#404,213.6867,5901.63,3836.06,209.9208,5901.63,8076.48,-0.269281,-26.93,1.076923,No,0.00,0.00
id#405,213.6867,6664.94,4332.21,209.9208,6547.48,8083.46,-0.190014,-19.00,1.057944,No,0.00,0.00
id#406,213.6867,5952.70,3869.26,209.9208,5847.79,8682.41,-0.326478,-32.65,1.057944,No,0.00,0.00
id#407,213.6867,4106.01,2668.91,209.9208,4033.65,6264.07,-0.356066,-35.61,1.057944,No,0.00,0.00
id#408,213.6867,5443.63,3538.36,209.9208,5413.77,5432.42,-0.003433,-0.34,1.071015,No,0.00,0.00
id#409,213.6867,5347.04,3475.58,209.9208,5294.69,5390.60,-0.017792,-1.78,1.066379,No,0.00,0.00
id#410,213.6867,6592.94,4285.41,209.9208,6476.75,9031.47,-0.282869,-28.29,1.057944,No,0.00,0.00
id#411,213.6867,5867.96,3814.17,209.9208,5802.98,6178.01,-0.060703,-6.07,1.064998,No,0.00,0.00
id#412,213.6867,7050.85,4583.05,209.9208,6926.59,8521.16,-0.187131,-18.71,1.057944,No,0.00,0.00
id#413,213.6867,5016.66,3260.83,209.9208,4942.12,5676.72,-0.129405,-12.94,1.060922,No,0.00,0.00
id#414,213.6867,8272.31,5377.00,209.9208,8203.38,8231.47,-0.003413,-0.34,1.067949,No,0.00,0.00
id#415,213.6867,5618.55,3652.06,209.9208,5618.55,6326.39,-0.111887,-11.19,1.076923,No,0.00,0.00
id#416,213.6867,5520.29,3588.19,209.9208,5467.20,5650.52,-0.032444,-3.24,1.066567,No,0.00,0.00
id#417,213.6867,6317.79,4106.56,209.9208,6245.24,6613.60,-0.055697,-5.57,1.064556,No,0.00,0.00
id#418,213.6867,5334.34,3467.32,209.9208,5281.89,5332.69,-0.009526,-0.95,1.066335,No,0.00,0.00
id#419,213.6867,7294.63,4741.51,209.9208,7188.42,8154.72,-0.118495,-11.85,1.061244,No,0.00,0.00
id#420,213.6867,6056.25,3936.56,209.9208,5963.89,7579.43,-0.213148,-21.31,1.060500,No,0.00,0.00
id#421,213.6867,6480.77,4212.50,209.9208,6480.77,7517.25,-0.137880,-13.79,1.076923,No,0.00,0.00
id#422,213.6867,5272.78,3427.31,209.9208,5179.86,7383.36,-0.298442,-29.84,1.057944,No,0.00,0.00
id#423,213.6867,5367.31,3488.75,209.9208,5272.72,5829.35,-0.095488,-9.55,1.057944,No,0.00,0.00
id#424,213.6867,6981.01,4537.66,209.9208,6857.98,7973.61,-0.139915,-13.99,1.057944,No,0.00,0.00
id#425,213.6867,5136.42,3338.67,209.9208,5086.74,5232.37,-0.027831,-2.78,1.066507,No,0.00,0.00
id#426,213.6867,4384.15,2849.70,209.9208,4306.89,5527.58,-0.220838,-22.08,1.057944,No,0.00,0.00
id#427,213.6867,5897.30,3833.24,209.9208,5897.30,6290.27,-0.062473,-6.25,1.076923,No,0.00,0.00
id#428,213.6867,3913.36,2543.68,209.9208,3913.36,5328.63,-0.265597,-26.56,1.076923,No,0.00,0.00
id#429,213.6867,5586.88,3631.47,209.9208,5548.94,5551.74,-0.000505,-0.05,1.069610,No,0.00,0.00
id#430,213.6867,8483.65,5514.37,209.9208,8429.49,8439.93,-0.001237,-0.12,1.070048,No,0.00,0.00
id#431,213.6867,7015.86,4560.31,209.9208,6924.49,7932.99,-0.127127,-12.71,1.062898,No,0.00,0.00
id#432,213.6867,4917.93,3196.65,209.9208,4836.63,5918.05,-0.182732,-18.27,1.059120,No,0.00,0.00
id#433,213.6867,5782.34,3758.52,209.9208,5767.74,5978.11,-0.035190,-3.52,1.074203,No,0.00,0.00
id#434,213.6867,4860.55,3159.36,209.9208,4860.55,6966.10,-0.302257,-30.23,1.076923,No,0.00,0.00
id#435,213.6867,5293.54,3440.80,209.9208,5204.26,6043.75,-0.138902,-13.89,1.058758,No,0.00,0.00
id#436,213.6867,6751.94,4388.76,209.9208,6694.86,6780.92,-0.012691,-1.27,1.067819,No,0.00,0.00
id#437,213.6867,7806.19,5074.02,209.9208,7734.37,7790.56,-0.007213,-0.72,1.067014,No,0.00,0.00
id#438,213.6867,6164.61,4007.00,209.9208,6153.55,6318.68,-0.026134,-2.61,1.074991,No,0.00,0.00
id#439,213.6867,4681.35,3042.88,209.9208,4603.22,5391.95,-0.146280,-14.63,1.058948,No,0.00,0.00
id#440,213.6867,5065.76,3292.74,209.9208,5065.76,7559.12,-0.329848,-32.98,1.076923,No,0.00,0.00
id#441,213.6867,6138.10,3989.76,209.9208,6104.40,6117.50,-0.002141,-0.21,1.071012,No,0.00,0.00
id#442,213.6867,5475.49,3559.07,209.9208,5475.49,7369.72,-0.257028,-25.70,1.076923,No,0.00,0.00
id#443,213.6867,6615.65,4300.17,209.9208,6576.92,6595.17,-0.002766,-0.28,1.070619,No,0.00,0.00
id#444,213.6867,4262.38,2770.55,209.9208,4262.38,6568.33,-0.351071,-35.11,1.076923,No,0.00,0.00
id#445,213.6867,5569.27,3620.03,209.9208,5471.12,6014.46,-0.090339,-9.03,1.057944,No,0.00,0.00
id#446,213.6867,5100.14,3315.09,209.9208,5100.14,7165.19,-0.288205,-28.82,1.076923,No,0.00,0.00
id#447,213.6867,6852.82,4454.34,209.9208,6785.40,6812.20,-0.003935,-0.39,1.066327,No,0.00,0.00
id#448,213.6867,7212.01,4687.80,209.9208,7122.14,7386.31,-0.035765,-3.58,1.063505,No,0.00,0.00
id#449,213.6867,6014.01,3909.11,209.9208,5918.15,6544.77,-0.095743,-9.57,1.059758,No,0.00,0.00
id#450,213.6867,6315.57,4105.12,209.9208,6315.57,7968.05,-0.207389,-20.74,1.076923,No,0.00,0.00
id#451,213.6867,6281.65,4083.08,209.9208,6270.68,6616.17,-0.052219,-5.22,1.075041,No,0.00,0.00
id#452,213.6867,4823.14,3135.04,209.9208,4738.14,6942.74,-0.317540,-31.75,1.057944,No,0.00,0.00
id#453,213.6867,6057.35,3937.28,209.9208,5950.60,8069.43,-0.262575,-26.26,1.057944,No,0.00,0.00
id#454,213.6867,4462.08,2900.35,209.9208,4383.44,5705.38,-0.231700,-23.17,1.057944,No,0.00,0.00
id#455,213.6867,4948.40,3216.46,209.9208,4929.36,5024.25,-0.018885,-1.89,1.072779,No,0.00,0.00
id#456,213.6867,8275.73,5379.22,209.9208,8157.91,8441.92,-0.033643,-3.36,1.061591,No,0.00,0.00
id#457,213.6867,3684.84,2395.15,209.9208,3619.90,5781.70,-0.373903,-37.39,1.057944,No,0.00,0.00
id#458,213.6867,5364.83,3487.14,209.9208,5270.43,6169.67,-0.145751,-14.58,1.057973,No,0.00,0.00
id#459,213.6867,4406.25,2864.06,209.9208,4406.25,5552.04,-0.206372,-20.64,1.076923,No,0.00,0.00
id#460,213.6867,3922.76,2549.79,209.9208,3853.62,6274.43,-0.385821,-38.58,1.057944,No,0.00,0.00
id#461,213.6867,8144.89,5294.18,209.9208,8043.26,8278.95,-0.028469,-2.85,1.063485,No,0.00,0.00
id#462,213.6867,6387.02,4151.56,209.9208,6334.15,6395.96,-0.009665,-0.97,1.068008,No,0.00,0.00
id#463,213.6867,5351.56,3478.52,209.9208,5351.56,7252.61,-0.262119,-26.21,1.076923,No,0.00,0.00
id#464,213.6867,4889.01,3177.86,209.9208,4889.01,7229.66,-0.323757,-32.38,1.076923,No,0.00,0.00
id#465,213.6867,5604.45,3642.89,209.9208,5587.39,5762.70,-0.030422,-3.04,1.073644,No,0.00,0.00
id#466,213.6867,6625.32,4306.45,209.9208,6625.32,7732.62,-0.143200,-14.32,1.076923,No,0.00,0.00
id#467,213.6867,4934.13,3207.18,209.9208,4847.17,6450.48,-0.248557,-24.86,1.057944,No,0.00,0.00
id#468,213.6867,6161.95,4005.27,209.9208,6130.53,6168.71,-0.006190,-0.62,1.071431,No,0.00,0.00
id#469,213.6867,8383.08,5449.00,209.9208,8262.95,8461.68,-0.023486,-2.35,1.061491,No,0.00,0.00
id#470,213.6867,6127.75,3983.04,209.9208,6082.13,6083.58,-0.000239,-0.02,1.068904,No,0.00,0.00
id#471,213.6867,7589.94,4933.46,209.9208,7456.17,8596.08,-0.132607,-13.26,1.057944,No,0.00,0.00
id#472,213.6867,4615.38,3000.00,209.9208,4615.38,6469.37,-0.286580,-28.66,1.076923,No,0.00,0.00
id#473,213.6867,9187.96,5972.18,209.9208,9133.40,9149.29,-0.001736,-0.17,1.070528,No,0.00,0.00
id#474,213.6867,5395.78,3507.26,209.9208,5357.19,5361.07,-0.000724,-0.07,1.069220,No,0.00,0.00
id#475,213.6867,4974.13,3233.18,209.9208,4974.13,5755.98,-0.135832,-13.58,1.076923,No,0.00,0.00
id#476,213.6867,6881.44,4472.94,209.9208,6881.44,7668.84,-0.102674,-10.27,1.076923,No,0.00,0.00
id#477,213.6867,4994.30,3246.29,209.9208,4994.30,5794.08,-0.138034,-13.80,1.076923,No,0.00,0.00
id#478,213.6867,5333.81,3466.97,209.9208,5253.84,6182.84,-0.150255,-15.03,1.060777,No,0.00,0.00
id#479,213.6867,5503.13,3577.03,209.9208,5406.14,6405.64,-0.156033,-15.60,1.057944,No,0.00,0.00
id#480,213.6867,8302.02,5396.31,209.9208,8300.20,8581.03,-0.032726,-3.27,1.076688,No,0.00,0.00
id#481,213.6867,7534.21,4897.23,209.9208,7483.66,7484.65,-0.000132,-0.01,1.069698,No,0.00,0.00
id#482,213.6867,7456.31,4846.60,209.9208,7418.51,7469.54,-0.006832,-0.68,1.071463,No,0.00,0.00
id#483,213.6867,5969.87,3880.42,209.9208,5969.87,8941.41,-0.332334,-33.23,1.076923,No,0.00,0.00
id#484,213.6867,4536.17,2948.51,209.9208,4458.07,5554.32,-0.197368,-19.74,1.058382,No,0.00,0.00
id#485,213.6867,6275.50,4079.08,209.9208,6275.50,7930.50,-0.208688,-20.87,1.076923,No,0.00,0.00
id#486,213.6867,6250.42,4062.77,209.9208,6250.42,7839.53,-0.202705,-20.27,1.076923,No,0.00,0.00
id#487,213.6867,7785.23,5060.40,209.9208,7739.73,7758.35,-0.002400,-0.24,1.070629,No,0.00,0.00
id#488,213.6867,8364.93,5437.20,209.9208,8291.96,8327.84,-0.004309,-0.43,1.067529,No,0.00,0.00
id#489,213.6867,5895.65,3832.17,209.9208,5791.75,9485.56,-0.389414,-38.94,1.057944,No,0.00,0.00
id#490,213.6867,6183.59,4019.33,209.9208,6100.25,6503.85,-0.062056,-6.21,1.062409,No,0.00,0.00
id#491,213.6867,6228.63,4048.61,209.9208,6147.78,6247.29,-0.015929,-1.59,1.062945,No,0.00,0.00
id#492,213.6867,4588.80,2982.72,209.9208,4588.80,5631.99,-0.185226,-18.52,1.076923,No,0.00,0.00
id#493,213.6867,4447.50,2890.87,209.9208,4376.41,5369.50,-0.184950,-18.50,1.059710,No,0.00,0.00
id#494,213.6867,6628.72,4308.67,209.9208,6532.72,8102.93,-0.193783,-19.38,1.061328,No,0.00,0.00
id#495,213.6867,6931.60,4505.54,209.9208,6850.88,7157.32,-0.042816,-4.28,1.064382,No,0.00,0.00
id#496,213.6867,6084.66,3955.03,209.9208,5988.76,7370.94,-0.187516,-18.75,1.059951,No,0.00,0.00
id#497,213.6867,5224.56,3395.97,209.9208,5132.49,6271.83,-0.181661,-18.17,1.057944,No,0.00,0.00
id#498,213.6867,6066.01,3942.90,209.9208,6023.78,6025.61,-0.000304,-0.03,1.069426,No,0.00,0.00
id#499,213.6867,5760.24,3744.16,209.9208,5658.73,8032.81,-0.295548,-29.55,1.057944,No,0.00,0.00
