position_id,seed_price,position_value_at_seed,loan_amount,close_price,position_value_at_close,hold_value,impermanent_loss,impermanent_loss_pct,health_factor,should_liquidate,repay_amount,collateral_to_take
id#0,10.8901,5105.42,3318.52,10.6649,5105.42,6793.03,-0.248433,-24.84,1.076923,No,0.00,0.00
id#1,10.8901,5939.17,3860.46,10.6649,5851.67,6238.69,-0.062036,-6.20,1.061056,No,0.00,0.00
id#2,10.8901,4150.96,2698.13,10.6649,4150.96,5784.47,-0.282395,-28.24,1.076923,No,0.00,0.00
id#3,10.8901,6821.68,4434.09,10.6649,6680.62,7572.38,-0.117765,-11.78,1.054654,No,0.00,0.00
id#4,10.8901,4360.41,2834.27,10.6649,4270.25,6062.91,-0.295677,-29.57,1.054654,No,0.00,0.00
id#5,10.8901,7854.59,5105.48,10.6649,7692.17,9389.26,-0.180748,-18.07,1.054654,No,0.00,0.00
id#6,10.8901,6938.69,4510.15,10.6649,6795.21,8312.20,-0.182501,-18.25,1.054654,No,0.00,0.00
id#7,10.8901,6598.42,4288.97,10.6649,6461.98,8685.10,-0.255969,-25.60,1.054654,No,0.00,0.00
id#8,10.8901,5450.51,3542.83,10.6649,5450.51,5808.81,-0.061681,-6.17,1.076923,No,0.00,0.00
id#9,10.8901,6284.51,4084.93,10.6649,6154.56,8215.16,-0.250829,-25.08,1.054654,No,0.00,0.00
id#10,10.8901,5021.37,3263.89,10.6649,4917.53,7430.74,-0.338218,-33.82,1.054654,No,0.00,0.00
id#11,10.8901,5370.69,3490.95,10.6649,5335.97,5350.28,-0.002673,-0.27,1.069961,No,0.00,0.00
id#12,10.8901,6851.13,4453.23,10.6649,6851.13,8275.47,-0.172117,-17.21,1.076923,No,0.00,0.00
id#13,10.8901,4819.36,3132.58,10.6649,4819.36,7435.86,-0.351876,-35.19,1.076923,No,0.00,0.00
id#14,10.8901,5449.70,3542.30,10.6649,5449.70,7593.58,-0.282328,-28.23,1.076923,No,0.00,0.00
id#15,10.8901,5653.42,3674.73,10.6649,5637.58,5693.86,-0.009885,-0.99,1.073905,No,0.00,0.00
id#16,10.8901,6958.06,4522.74,10.6649,6869.58,7148.97,-0.039080,-3.91,1.063229,No,0.00,0.00
id#17,10.8901,5100.91,3315.59,10.6649,5013.99,6229.70,-0.195147,-19.51,1.058573,No,0.00,0.00
id#18,10.8901,6060.40,3939.26,10.6649,6033.81,6158.40,-0.020231,-2.02,1.072198,No,0.00,0.00
id#19,10.8901,5290.32,3438.71,10.6649,5266.54,5348.88,-0.015395,-1.54,1.072081,No,0.00,0.00
id#20,10.8901,7681.13,4992.74,10.6649,7522.30,8667.58,-0.132134,-13.21,1.054654,No,0.00,0.00
id#21,10.8901,6853.37,4454.69,10.6649,6805.90,6822.27,-0.002399,-0.24,1.069464,No,0.00,0.00
id#22,10.8901,5850.81,3803.02,10.6649,5729.82,9374.52,-0.388788,-38.88,1.054654,No,0.00,0.00
id#23,10.8901,5439.99,3535.99,10.6649,5362.15,5776.14,-0.071673,-7.17,1.061514,No,0.00,0.00
id#24,10.8901,6866.42,4463.17,10.6649,6809.69,6812.11,-0.000356,-0.04,1.068025,No,0.00,0.00
id#25,10.8901,6196.98,4028.04,10.6649,6068.84,8101.90,-0.250935,-25.09,1.054654,No,0.00,0.00
id#26,10.8901,4474.72,2908.57,10.6649,4474.72,5761.34,-0.223320,-22.33,1.076923,No,0.00,0.00
id#27,10.8901,7397.79,4808.56,10.6649,7281.30,7793.58,-0.065731,-6.57,1.059965,No,0.00,0.00
id#28,10.8901,5996.90,3897.98,10.6649,5959.21,5983.90,-0.004125,-0.41,1.070156,No,0.00,0.00
id#29,10.8901,5788.06,3762.24,10.6649,5699.84,5865.43,-0.028231,-2.82,1.060509,No,0.00,0.00
id#30,10.8901,6906.12,4488.98,10.6649,6765.53,7501.71,-0.098135,-9.81,1.054999,No,0.00,0.00
id#31,10.8901,6566.43,4268.18,10.6649,6533.42,6560.40,-0.004113,-0.41,1.071510,No,0.00,0.00
id#32,10.8901,5174.64,3363.52,10.6649,5174.64,6584.69,-0.214140,-21.41,1.076923,No,0.00,0.00
id#33,10.8901,7981.06,5187.69,10.6649,7839.33,8667.22,-0.095519,-9.55,1.057799,No,0.00,0.00
id#34,10.8901,6095.10,3961.81,10.6649,6007.54,6216.28,-0.033580,-3.36,1.061453,No,0.00,0.00
id#35,10.8901,5864.71,3812.06,10.6649,5782.28,6066.61,-0.046868,-4.69,1.061786,No,0.00,0.00
id#36,10.8901,6528.99,4243.84,10.6649,6444.54,6886.22,-0.064141,-6.41,1.062993,No,0.00,0.00
id#37,10.8901,5562.06,3615.34,10.6649,5562.06,7220.56,-0.229692,-22.97,1.076923,No,0.00,0.00
id#38,10.8901,6900.60,4485.39,10.6649,6795.00,7640.00,-0.110602,-11.06,1.060443,No,0.00,0.00
id#39,10.8901,3746.39,2435.16,10.6649,3668.93,5961.78,-0.384592,-38.46,1.054654,No,0.00,0.00
id#40,10.8901,6803.03,4421.97,10.6649,6755.74,6771.01,-0.002256,-0.23,1.069438,No,0.00,0.00
id#41,10.8901,4649.84,3022.39,10.6649,4553.69,7223.02,-0.369559,-36.96,1.054654,No,0.00,0.00
id#42,10.8901,5283.51,3434.28,10.6649,5261.18,5381.06,-0.022278,-2.23,1.072373,No,0.00,0.00
id#43,10.8901,6227.43,4047.83,10.6649,6098.66,8922.90,-0.316516,-31.65,1.054654,No,0.00,0.00
id#44,10.8901,6780.09,4407.06,10.6649,6662.22,6870.11,-0.030260,-3.03,1.058201,No,0.00,0.00
id#45,10.8901,6586.46,4281.20,10.6649,6547.45,6587.39,-0.006063,-0.61,1.070544,No,0.00,0.00
id#46,10.8901,5608.08,3645.25,10.6649,5608.08,6635.38,-0.154823,-15.48,1.076923,No,0.00,0.00
id#47,10.8901,5815.70,3780.20,10.6649,5740.86,5889.40,-0.025222,-2.52,1.063064,No,0.00,0.00
id#48,10.8901,6303.56,4097.31,10.6649,6234.32,6385.64,-0.023698,-2.37,1.065094,No,0.00,0.00
id#49,10.8901,4835.33,3142.96,10.6649,4735.34,6818.02,-0.305467,-30.55,1.054654,No,0.00,0.00
id#50,10.8901,5731.27,3725.33,10.6649,5731.27,6280.33,-0.087425,-8.74,1.076923,No,0.00,0.00
id#51,10.8901,8498.81,5524.23,10.6649,8420.61,8423.17,-0.000304,-0.03,1.067014,No,0.00,0.00
id#52,10.8901,8453.65,5494.88,10.6649,8389.45,8397.52,-0.000961,-0.10,1.068744,No,0.00,0.00
id#53,10.8901,6706.03,4358.92,10.6649,6697.21,7116.47,-0.058914,-5.89,1.075507,No,0.00,0.00
id#54,10.8901,4828.29,3138.39,10.6649,4824.88,5207.01,-0.073388,-7.34,1.076161,No,0.00,0.00
id#55,10.8901,5695.34,3701.97,10.6649,5675.21,5849.93,-0.029868,-2.99,1.073116,No,0.00,0.00
id#56,10.8901,5264.63,3422.01,10.6649,5264.63,7377.89,-0.286432,-28.64,1.076923,No,0.00,0.00
id#57,10.8901,5279.18,3431.46,10.6649,5170.01,5872.55,-0.119631,-11.96,1.054654,No,0.00,0.00
id#58,10.8901,7464.17,4851.71,10.6649,7381.71,7525.52,-0.019110,-1.91,1.065026,No,0.00,0.00
id#59,10.8901,7631.07,4960.19,10.6649,7584.71,7614.16,-0.003868,-0.39,1.070380,No,0.00,0.00
id#60,10.8901,7744.80,5034.12,10.6649,7644.10,7796.38,-0.019532,-1.95,1.062920,No,0.00,0.00
id#61,10.8901,4527.03,2942.57,10.6649,4527.03,5319.69,-0.149004,-14.90,1.076923,No,0.00,0.00
id#62,10.8901,5585.40,3630.51,10.6649,5522.66,5622.49,-0.017754,-1.78,1.064827,No,0.00,0.00
id#63,10.8901,4952.61,3219.19,10.6649,4853.29,6163.18,-0.212536,-21.25,1.055326,No,0.00,0.00
id#64,10.8901,7514.36,4884.33,10.6649,7489.61,7744.96,-0.032969,-3.30,1.073376,No,0.00,0.00
id#65,10.8901,5083.58,3304.33,10.6649,4978.46,7461.49,-0.332779,-33.28,1.054654,No,0.00,0.00
id#66,10.8901,7474.45,4858.39,10.6649,7319.90,9195.63,-0.203981,-20.40,1.054654,No,0.00,0.00
id#67,10.8901,8041.67,5227.09,10.6649,8041.61,8326.62,-0.034229,-3.42,1.076914,No,0.00,0.00
id#68,10.8901,7645.08,4969.30,10.6649,7596.66,7630.23,-0.004400,-0.44,1.070103,No,0.00,0.00
id#69,10.8901,3830.26,2489.67,10.6649,3751.06,5405.80,-0.306105,-30.61,1.054654,No,0.00,0.00
id#70,10.8901,5174.01,3363.11,10.6649,5067.02,7006.15,-0.276775,-27.68,1.054654,No,0.00,0.00
id#71,10.8901,6782.64,4408.71,10.6649,6721.96,6750.25,-0.004192,-0.42,1.067289,No,0.00,0.00
id#72,10.8901,6622.96,4304.92,10.6649,6513.88,7026.02,-0.072892,-7.29,1.059186,No,0.00,0.00
id#73,10.8901,6953.78,4519.96,10.6649,6809.99,8545.01,-0.203045,-20.30,1.054654,No,0.00,0.00
id#74,10.8901,5165.05,3357.28,10.6649,5101.72,5415.01,-0.057856,-5.79,1.063719,No,0.00,0.00
id#75,10.8901,8367.36,5438.78,10.6649,8194.40,8614.61,-0.048779,-4.88,1.054662,No,0.00,0.00
id#76,10.8901,4854.49,3155.42,10.6649,4841.96,5053.19,-0.041801,-4.18,1.074143,No,0.00,0.00
id#77,10.8901,4810.93,3127.10,10.6649,4810.93,6267.23,-0.232367,-23.24,1.076923,No,0.00,0.00
id#78,10.8901,5574.49,3623.42,10.6649,5501.12,5568.85,-0.012161,-1.22,1.062749,No,0.00,0.00
id#79,10.8901,6545.91,4254.84,10.6649,6536.77,6910.20,-0.054040,-5.40,1.075421,No,0.00,0.00
id#80,10.8901,5904.49,3837.92,10.6649,5904.49,7419.63,-0.204207,-20.42,1.076923,No,0.00,0.00
id#81,10.8901,6056.63,3936.81,10.6649,5931.39,8838.03,-0.328878,-32.89,1.054654,No,0.00,0.00
id#82,10.8901,5281.63,3433.06,10.6649,5281.63,7011.77,-0.246747,-24.67,1.076923,No,0.00,0.00
id#83,10.8901,7914.68,5144.54,10.6649,7914.68,8251.24,-0.040789,-4.08,1.076923,No,0.00,0.00
id#84,10.8901,6505.50,4228.57,10.6649,6378.76,7855.53,-0.187991,-18.80,1.055944,No,0.00,0.00
id#85,10.8901,5341.93,3472.25,10.6649,5258.85,5754.75,-0.086171,-8.62,1.060176,No,0.00,0.00
id#86,10.8901,3925.84,2551.79,10.6649,3925.84,4835.86,-0.188182,-18.82,1.076923,No,0.00,0.00
id#87,10.8901,7124.39,4630.86,10.6649,7042.13,7206.90,-0.022863,-2.29,1.064489,No,0.00,0.00
id#88,10.8901,7548.30,4906.39,10.6649,7453.92,7747.85,-0.037937,-3.79,1.063458,No,0.00,0.00
id#89,10.8901,4800.85,3120.55,10.6649,4799.42,5249.75,-0.085781,-8.58,1.076604,No,0.00,0.00
id#90,10.8901,5430.44,3529.78,10.6649,5318.15,7518.00,-0.292611,-29.26,1.054654,No,0.00,0.00
id#91,10.8901,5209.17,3385.96,10.6649,5191.90,5328.92,-0.025713,-2.57,1.073352,No,0.00,0.00
id#92,10.8901,5639.47,3665.66,10.6649,5639.47,7048.60,-0.199916,-19.99,1.076923,No,0.00,0.00
id#93,10.8901,9019.90,5862.93,10.6649,8949.05,8954.44,-0.000602,-0.06,1.068465,No,0.00,0.00
id#94,10.8901,4450.16,2892.60,10.6649,4379.24,5192.45,-0.156613,-15.66,1.059762,No,0.00,0.00
id#95,10.8901,4939.62,3210.76,10.6649,4923.54,5102.75,-0.035121,-3.51,1.073416,No,0.00,0.00
id#96,10.8901,6674.06,4338.14,10.6649,6674.06,7713.32,-0.134736,-13.47,1.076923,No,0.00,0.00
id#97,10.8901,4851.63,3153.56,10.6649,4851.63,6694.45,-0.275276,-27.53,1.076923,No,0.00,0.00
id#98,10.8901,6797.99,4418.69,10.6649,6704.43,6823.75,-0.017486,-1.75,1.062102,No,0.00,0.00
id#99,10.8901,8715.06,5664.79,10.6649,8611.47,8651.40,-0.004616,-0.46,1.064122,No,0.00,0.00
id#100,10.8901,6729.57,4374.22,10.6649,6590.52,7699.01,-0.143979,-14.40,1.054671,No,0.00,0.00
id#101,10.8901,6068.23,3944.35,10.6649,6011.53,6068.63,-0.009409,-0.94,1.066861,No,0.00,0.00
id#102,10.8901,6093.42,3960.73,10.6649,5967.42,9092.11,-0.343670,-34.37,1.054654,No,0.00,0.00
id#103,10.8901,6966.22,4528.04,10.6649,6935.57,7077.10,-0.019999,-2.00,1.072185,No,0.00,0.00
id#104,10.8901,5197.02,3378.07,10.6649,5089.56,5832.47,-0.127375,-12.74,1.054654,No,0.00,0.00
id#105,10.8901,7267.95,4724.17,10.6649,7117.66,8705.37,-0.182383,-18.24,1.054654,No,0.00,0.00
id#106,10.8901,6153.05,3999.48,10.6649,6025.82,8158.63,-0.261418,-26.14,1.054654,No,0.00,0.00
id#107,10.8901,4860.20,3159.13,10.6649,4759.70,6811.80,-0.301257,-30.13,1.054654,No,0.00,0.00
id#108,10.8901,4477.60,2910.44,10.6649,4477.60,6059.48,-0.261059,-26.11,1.076923,No,0.00,0.00
id#109,10.8901,5313.55,3453.81,10.6649,5241.19,5424.23,-0.033744,-3.37,1.062257,No,0.00,0.00
id#110,10.8901,6493.83,4220.99,10.6649,6422.65,6502.35,-0.012257,-1.23,1.065119,No,0.00,0.00
id#111,10.8901,5034.76,3272.60,10.6649,4958.41,5742.54,-0.136548,-13.65,1.060591,No,0.00,0.00
id#112,10.8901,6509.37,4231.09,10.6649,6426.73,6780.80,-0.052217,-5.22,1.063251,No,0.00,0.00
id#113,10.8901,4676.03,3039.42,10.6649,4579.34,6323.71,-0.275845,-27.58,1.054654,No,0.00,0.00
id#114,10.8901,4114.41,2674.37,10.6649,4029.33,5324.23,-0.243209,-24.32,1.054654,No,0.00,0.00
id#115,10.8901,6212.49,4038.12,10.6649,6123.66,6628.99,-0.076230,-7.62,1.061524,No,0.00,0.00
id#116,10.8901,4902.31,3186.50,10.6649,4902.31,6084.65,-0.194316,-19.43,1.076923,No,0.00,0.00
id#117,10.8901,6543.31,4253.15,10.6649,6408.01,7215.93,-0.111963,-11.20,1.054654,No,0.00,0.00
id#118,10.8901,6672.02,4336.81,10.6649,6590.07,6997.25,-0.058192,-5.82,1.063695,No,0.00,0.00
id#119,10.8901,6014.83,3909.64,10.6649,5995.66,6200.77,-0.033078,-3.31,1.073491,No,0.00,0.00
id#120,10.8901,8036.73,5223.87,10.6649,7937.61,8030.09,-0.011517,-1.15,1.063641,No,0.00,0.00
id#121,10.8901,6588.59,4282.58,10.6649,6492.04,6798.29,-0.045048,-4.50,1.061142,No,0.00,0.00
id#122,10.8901,5156.06,3351.44,10.6649,5049.44,7527.13,-0.329168,-32.92,1.054654,No,0.00,0.00
id#123,10.8901,6530.41,4244.77,10.6649,6395.37,9003.58,-0.289685,-28.97,1.054654,No,0.00,0.00
id#124,10.8901,6003.92,3902.55,10.6649,5991.43,6246.46,-0.040829,-4.08,1.074683,No,0.00,0.00
id#125,10.8901,5629.16,3658.96,10.6649,5629.16,6549.25,-0.140488,-14.05,1.076923,No,0.00,0.00
id#126,10.8901,7713.61,5013.85,10.6649,7554.16,8283.00,-0.087992,-8.80,1.054661,No,0.00,0.00
id#127,10.8901,5691.13,3699.24,10.6649,5611.43,5945.92,-0.056256,-5.63,1.061841,No,0.00,0.00
id#128,10.8901,6174.79,4013.61,10.6649,6047.11,7686.41,-0.213273,-21.33,1.054654,No,0.00,0.00
id#129,10.8901,3821.25,2483.81,10.6649,3742.24,5814.20,-0.356362,-35.64,1.054654,No,0.00,0.00
id#130,10.8901,5259.35,3418.58,10.6649,5259.35,6289.49,-0.163787,-16.38,1.076923,No,0.00,0.00
id#131,10.8901,5215.16,3389.85,10.6649,5145.27,5389.73,-0.045356,-4.54,1.062491,No,0.00,0.00
id#132,10.8901,7133.90,4637.03,10.6649,7132.99,7428.67,-0.039803,-3.98,1.076785,No,0.00,0.00
id#133,10.8901,4698.83,3054.24,10.6649,4698.83,5618.76,-0.163725,-16.37,1.076923,No,0.00,0.00
id#134,10.8901,6987.46,4541.85,10.6649,6987.46,7939.61,-0.119923,-11.99,1.076923,No,0.00,0.00
id#135,10.8901,5159.97,3353.98,10.6649,5159.97,5853.51,-0.118483,-11.85,1.076923,No,0.00,0.00
id#136,10.8901,7032.10,4570.87,10.6649,7032.10,7990.33,-0.119924,-11.99,1.076923,No,0.00,0.00
id#137,10.8901,5394.69,3506.55,10.6649,5394.69,5989.46,-0.099304,-9.93,1.076923,No,0.00,0.00
id#138,10.8901,4324.52,2810.94,10.6649,4235.10,6497.09,-0.348154,-34.82,1.054654,No,0.00,0.00
id#139,10.8901,5432.89,3531.38,10.6649,5432.89,7333.22,-0.259140,-25.91,1.076923,No,0.00,0.00
id#140,10.8901,5735.53,3728.09,10.6649,5616.93,7354.46,-0.236255,-23.63,1.054654,No,0.00,0.00
id#141,10.8901,5973.82,3882.98,10.6649,5911.39,5924.66,-0.002241,-0.22,1.065669,No,0.00,0.00
id#142,10.8901,7907.08,5139.60,10.6649,7896.40,8234.34,-0.041040,-4.10,1.075469,No,0.00,0.00
id#143,10.8901,5308.64,3450.61,10.6649,5198.86,6885.60,-0.244966,-24.50,1.054654,No,0.00,0.00
id#144,10.8901,5895.66,3832.18,10.6649,5773.74,7681.55,-0.248362,-24.84,1.054654,No,0.00,0.00
id#145,10.8901,6344.39,4123.85,10.6649,6289.80,6290.09,-0.000047,-0.00,1.067656,No,0.00,0.00
id#146,10.8901,6296.44,4092.69,10.6649,6166.24,6775.78,-0.089958,-9.00,1.054654,No,0.00,0.00
id#147,10.8901,4985.09,3240.31,10.6649,4882.01,7929.76,-0.384344,-38.43,1.054654,No,0.00,0.00
id#148,10.8901,6362.87,4135.87,10.6649,6292.86,6418.71,-0.019607,-1.96,1.065073,No,0.00,0.00
id#149,10.8901,6287.45,4086.84,10.6649,6287.45,7888.20,-0.202929,-20.29,1.076923,No,0.00,0.00
id#150,10.8901,4527.89,2943.13,10.6649,4527.89,5575.64,-0.187916,-18.79,1.076923,No,0.00,0.00
id#151,10.8901,5899.62,3834.75,10.6649,5795.49,6125.07,-0.053808,-5.38,1.057915,No,0.00,0.00
id#152,10.8901,3840.81,2496.52,10.6649,3840.81,5846.01,-0.343004,-34.30,1.076923,No,0.00,0.00
id#153,10.8901,5554.74,3610.58,10.6649,5439.88,6469.00,-0.159085,-15.91,1.054654,No,0.00,0.00
id#154,10.8901,5488.89,3567.78,10.6649,5391.34,6253.82,-0.137912,-13.79,1.057784,No,0.00,0.00
id#155,10.8901,8381.37,5447.89,10.6649,8374.70,8632.74,-0.029891,-2.99,1.076065,No,0.00,0.00
id#156,10.8901,9077.70,5900.50,10.6649,9034.97,9083.68,-0.005362,-0.54,1.071854,No,0.00,0.00
id#157,10.8901,4975.77,3234.25,10.6649,4975.77,6394.51,-0.221868,-22.19,1.076923,No,0.00,0.00
id#158,10.8901,6852.40,4454.06,10.6649,6810.13,6846.88,-0.005367,-0.54,1.070281,No,0.00,0.00
id#159,10.8901,6559.45,4263.64,10.6649,6444.83,8103.96,-0.204731,-20.47,1.058105,No,0.00,0.00
id#160,10.8901,5770.35,3750.72,10.6649,5770.35,7954.41,-0.274572,-27.46,1.076923,No,0.00,0.00
id#161,10.8901,5036.11,3273.47,10.6649,5036.11,5514.95,-0.086826,-8.68,1.076923,No,0.00,0.00
id#162,10.8901,8146.26,5295.07,10.6649,8068.04,8102.32,-0.004231,-0.42,1.066583,No,0.00,0.00
id#163,10.8901,6565.50,4267.58,10.6649,6504.32,6521.93,-0.002701,-0.27,1.066888,No,0.00,0.00
id#164,10.8901,4810.67,3126.94,10.6649,4711.20,7344.80,-0.358567,-35.86,1.054654,No,0.00,0.00
id#165,10.8901,5745.46,3734.55,10.6649,5741.06,5893.55,-0.025875,-2.59,1.076099,No,0.00,0.00
id#166,10.8901,4799.69,3119.80,10.6649,4702.29,5573.60,-0.156327,-15.63,1.055069,No,0.00,0.00
id#167,10.8901,7055.28,4585.93,10.6649,6911.11,7661.90,-0.097991,-9.80,1.054917,No,0.00,0.00
id#168,10.8901,5324.41,3460.86,10.6649,5324.41,7175.46,-0.257970,-25.80,1.076923,No,0.00,0.00
id#169,10.8901,5263.97,3421.58,10.6649,5176.17,5422.08,-0.045354,-4.54,1.058961,No,0.00,0.00
id#170,10.8901,5411.94,3517.76,10.6649,5389.83,5505.83,-0.021068,-2.11,1.072523,No,0.00,0.00
id#171,10.8901,7763.66,5046.38,10.6649,7763.66,8482.07,-0.084698,-8.47,1.076923,No,0.00,0.00
id#172,10.8901,5194.83,3376.64,10.6649,5087.41,6432.85,-0.209152,-20.92,1.054654,No,0.00,0.00
id#173,10.8901,6631.05,4310.18,10.6649,6493.93,8767.23,-0.259295,-25.93,1.054654,No,0.00,0.00
id#174,10.8901,4013.88,2609.02,10.6649,4013.88,5319.80,-0.245483,-24.55,1.076923,No,0.00,0.00
id#175,10.8901,4890.55,3178.86,10.6649,4789.43,7773.82,-0.383903,-38.39,1.054654,No,0.00,0.00
id#176,10.8901,5643.52,3668.29,10.6649,5539.27,6051.66,-0.084669,-8.47,1.057029,No,0.00,0.00
id#177,10.8901,5796.57,3767.77,10.6649,5706.83,6555.94,-0.129518,-12.95,1.060250,No,0.00,0.00
id#178,10.8901,6354.40,4130.36,10.6649,6354.40,6854.87,-0.073010,-7.30,1.076923,No,0.00,0.00
id#179,10.8901,6698.28,4353.88,10.6649,6626.88,6644.18,-0.002603,-0.26,1.065444,No,0.00,0.00
id#180,10.8901,5317.85,3456.60,10.6649,5207.89,7770.16,-0.329758,-32.98,1.054654,No,0.00,0.00
id#181,10.8901,6369.69,4140.30,10.6649,6237.98,7900.19,-0.210402,-21.04,1.054654,No,0.00,0.00
id#182,10.8901,7732.05,5025.83,10.6649,7645.53,7837.65,-0.024512,-2.45,1.064873,No,0.00,0.00
id#183,10.8901,5475.78,3559.26,10.6649,5475.78,6035.66,-0.092762,-9.28,1.076923,No,0.00,0.00
id#184,10.8901,8624.74,5606.08,10.6649,8522.71,8565.40,-0.004984,-0.50,1.064184,No,0.00,0.00
id#185,10.8901,6592.69,4285.25,10.6649,6495.39,7266.96,-0.106176,-10.62,1.061028,No,0.00,0.00
id#186,10.8901,5696.84,3702.95,10.6649,5579.04,8412.27,-0.336798,-33.68,1.054654,No,0.00,0.00
id#187,10.8901,6551.50,4258.47,10.6649,6510.12,6540.48,-0.004642,-0.46,1.070121,No,0.00,0.00
id#188,10.8901,5994.59,3896.48,10.6649,5870.63,8172.73,-0.281681,-28.17,1.054654,No,0.00,0.00
id#189,10.8901,7845.71,5099.71,10.6649,7762.78,7792.83,-0.003856,-0.39,1.065540,No,0.00,0.00
id#190,10.8901,5158.37,3352.94,10.6649,5051.71,6246.43,-0.191265,-19.13,1.054654,No,0.00,0.00
id#191,10.8901,6515.00,4234.75,10.6649,6463.28,6465.83,-0.000394,-0.04,1.068373,No,0.00,0.00
id#192,10.8901,7190.89,4674.08,10.6649,7190.89,8743.41,-0.177565,-17.76,1.076923,No,0.00,0.00
id#193,10.8901,7857.68,5107.49,10.6649,7752.53,7993.14,-0.030101,-3.01,1.062512,No,0.00,0.00
id#194,10.8901,5531.39,3595.41,10.6649,5531.39,8094.55,-0.316652,-31.67,1.076923,No,0.00,0.00
id#195,10.8901,4978.56,3236.07,10.6649,4924.00,5013.46,-0.017844,-1.78,1.065120,No,0.00,0.00
id#196,10.8901,6539.12,4250.43,10.6649,6498.40,6527.56,-0.004467,-0.45,1.070217,No,0.00,0.00
id#197,10.8901,5197.01,3378.05,10.6649,5150.38,5173.56,-0.004480,-0.45,1.067261,No,0.00,0.00
id#198,10.8901,5003.18,3252.07,10.6649,4899.72,7008.73,-0.300911,-30.09,1.054654,No,0.00,0.00
id#199,10.8901,4997.04,3248.07,10.6649,4957.40,4959.67,-0.000458,-0.05,1.068379,No,0.00,0.00
id#200,10.8901,6106.06,3968.94,10.6649,5979.80,8991.12,-0.334922,-33.49,1.054654,No,0.00,0.00
id#201,10.8901,4786.01,3110.91,10.6649,4687.05,6417.79,-0.269679,-26.97,1.054654,No,0.00,0.00
id#202,10.8901,4283.44,2784.23,10.6649,4283.44,5378.31,-0.203572,-20.36,1.076923,No,0.00,0.00
id#203,10.8901,5413.94,3519.06,10.6649,5301.99,7428.89,-0.286302,-28.63,1.054654,No,0.00,0.00
id#204,10.8901,4384.58,2849.98,10.6649,4384.58,6166.55,-0.288973,-28.90,1.076923,No,0.00,0.00
id#205,10.8901,4986.89,3241.48,10.6649,4883.77,7417.53,-0.341591,-34.16,1.054654,No,0.00,0.00
id#206,10.8901,6753.79,4389.96,10.6649,6715.99,6756.55,-0.006004,-0.60,1.070896,No,0.00,0.00
id#207,10.8901,7360.52,4784.34,10.6649,7208.32,8338.29,-0.135515,-13.55,1.054654,No,0.00,0.00
id#208,10.8901,7712.07,5012.85,10.6649,7627.75,7733.33,-0.013653,-1.37,1.065148,No,0.00,0.00
id#209,10.8901,7977.94,5185.66,10.6649,7871.17,8232.80,-0.043925,-4.39,1.062510,No,0.00,0.00
id#210,10.8901,4501.34,2925.87,10.6649,4408.26,6869.53,-0.358287,-35.83,1.054654,No,0.00,0.00
id#211,10.8901,8955.19,5820.87,10.6649,8878.52,8879.10,-0.000066,-0.01,1.067704,No,0.00,0.00
id#212,10.8901,5143.70,3343.40,10.6649,5143.70,6548.72,-0.214550,-21.45,1.076923,No,0.00,0.00
id#213,10.8901,6726.61,4372.29,10.6649,6587.51,7896.22,-0.165738,-16.57,1.054654,No,0.00,0.00
id#214,10.8901,7524.29,4890.79,10.6649,7368.70,9062.57,-0.186908,-18.69,1.054654,No,0.00,0.00
id#215,10.8901,6043.09,3928.01,10.6649,5984.51,5996.08,-0.001929,-0.19,1.066484,No,0.00,0.00
id#216,10.8901,6445.35,4189.48,10.6649,6419.17,6572.17,-0.023279,-2.33,1.072549,No,0.00,0.00
id#217,10.8901,3493.44,2270.74,10.6649,3493.44,4770.88,-0.267757,-26.78,1.076923,No,0.00,0.00
id#218,10.8901,4841.45,3146.94,10.6649,4741.34,6059.74,-0.217567,-21.76,1.054654,No,0.00,0.00
id#219,10.8901,8043.38,5228.20,10.6649,7998.83,8024.74,-0.003230,-0.32,1.070958,No,0.00,0.00
id#220,10.8901,5496.01,3572.41,10.6649,5382.37,6172.02,-0.127941,-12.79,1.054654,No,0.00,0.00
id#221,10.8901,6375.87,4144.31,10.6649,6349.61,6459.45,-0.017005,-1.70,1.072489,No,0.00,0.00
id#222,10.8901,5676.63,3689.81,10.6649,5572.29,6897.72,-0.192155,-19.22,1.057128,No,0.00,0.00
id#223,10.8901,5119.87,3327.92,10.6649,5014.00,7174.98,-0.301182,-30.12,1.054654,No,0.00,0.00
id#224,10.8901,6202.60,4031.69,10.6649,6074.35,7056.74,-0.139213,-13.92,1.054654,No,0.00,0.00
id#225,10.8901,3724.17,2420.71,10.6649,3724.17,5426.89,-0.313756,-31.38,1.076923,No,0.00,0.00
id#226,10.8901,5631.56,3660.51,10.6649,5614.68,5824.79,-0.036073,-3.61,1.073694,No,0.00,0.00
id#227,10.8901,8081.11,5252.72,10.6649,8033.80,8090.75,-0.007039,-0.70,1.070619,No,0.00,0.00
id#228,10.8901,4949.56,3217.21,10.6649,4847.21,6647.05,-0.270773,-27.08,1.054654,No,0.00,0.00
id#229,10.8901,5919.14,3847.44,10.6649,5796.74,6501.14,-0.108351,-10.84,1.054654,No,0.00,0.00
id#230,10.8901,5522.48,3589.61,10.6649,5522.48,7058.51,-0.217615,-21.76,1.076923,No,0.00,0.00
id#231,10.8901,5788.29,3762.39,10.6649,5788.29,6720.69,-0.138735,-13.87,1.076923,No,0.00,0.00
id#232,10.8901,6857.32,4457.26,10.6649,6739.25,7370.17,-0.085604,-8.56,1.058380,No,0.00,0.00
id#233,10.8901,7254.66,4715.53,10.6649,7153.90,7333.83,-0.024534,-2.45,1.061966,No,0.00,0.00
id#234,10.8901,8092.46,5260.10,10.6649,8010.09,8058.72,-0.006034,-0.60,1.065961,No,0.00,0.00
id#235,10.8901,5548.45,3606.49,10.6649,5459.61,5684.49,-0.039560,-3.96,1.059679,No,0.00,0.00
id#236,10.8901,7694.75,5001.59,10.6649,7553.09,8517.80,-0.113258,-11.33,1.057096,No,0.00,0.00
id#237,10.8901,5249.15,3411.95,10.6649,5249.15,5619.78,-0.065952,-6.60,1.076923,No,0.00,0.00
id#238,10.8901,5378.17,3495.81,10.6649,5266.96,5962.01,-0.116580,-11.66,1.054654,No,0.00,0.00
id#239,10.8901,5076.35,3299.63,10.6649,5023.46,5090.59,-0.013188,-1.32,1.065702,No,0.00,0.00
id#240,10.8901,7474.20,4858.23,10.6649,7422.51,7440.68,-0.002442,-0.24,1.069475,No,0.00,0.00
id#241,10.8901,5159.75,3353.84,10.6649,5053.05,7363.91,-0.313809,-31.38,1.054654,No,0.00,0.00
id#242,10.8901,5910.52,3841.84,10.6649,5788.30,7683.23,-0.246632,-24.66,1.054654,No,0.00,0.00
id#243,10.8901,7791.12,5064.23,10.6649,7762.46,7947.02,-0.023224,-2.32,1.072961,No,0.00,0.00
id#244,10.8901,5506.10,3578.97,10.6649,5461.53,5462.69,-0.000213,-0.02,1.068205,No,0.00,0.00
id#245,10.8901,6980.37,4537.24,10.6649,6842.30,7780.56,-0.120590,-12.06,1.055621,No,0.00,0.00
id#246,10.8901,5610.30,3646.70,10.6649,5494.29,7674.40,-0.284075,-28.41,1.054654,No,0.00,0.00
id#247,10.8901,6021.57,3914.02,10.6649,5903.76,7651.35,-0.228403,-22.84,1.055854,No,0.00,0.00
id#248,10.8901,8179.30,5316.54,10.6649,8086.28,8266.66,-0.021820,-2.18,1.064676,No,0.00,0.00
id#249,10.8901,5635.49,3663.07,10.6649,5635.49,7638.09,-0.262186,-26.22,1.076923,No,0.00,0.00
id#250,10.8901,5342.32,3472.51,10.6649,5279.29,5530.02,-0.045340,-4.53,1.064216,No,0.00,0.00
id#251,10.8901,5573.14,3622.54,10.6649,5469.22,5920.12,-0.076164,-7.62,1.056842,No,0.00,0.00
id#252,10.8901,4918.27,3196.87,10.6649,4901.56,5072.78,-0.033751,-3.38,1.073265,No,0.00,0.00
id#253,10.8901,7629.70,4959.30,10.6649,7501.32,7746.89,-0.031698,-3.17,1.058803,No,0.00,0.00
id#254,10.8901,5159.23,3353.50,10.6649,5055.14,5536.67,-0.086972,-8.70,1.055195,No,0.00,0.00
id#255,10.8901,6930.41,4504.76,10.6649,6930.41,7213.02,-0.039180,-3.92,1.076923,No,0.00,0.00
id#256,10.8901,5436.78,3533.91,10.6649,5436.78,6289.48,-0.135575,-13.56,1.076923,No,0.00,0.00
id#257,10.8901,5994.88,3896.67,10.6649,5880.78,6202.90,-0.051930,-5.19,1.056426,No,0.00,0.00
id#258,10.8901,4545.82,2954.78,10.6649,4545.82,5357.82,-0.151554,-15.16,1.076923,No,0.00,0.00
id#259,10.8901,6769.72,4400.32,10.6649,6629.74,8430.43,-0.213594,-21.36,1.054654,No,0.00,0.00
id#260,10.8901,6367.94,4139.16,10.6649,6367.94,6723.68,-0.052909,-5.29,1.076923,No,0.00,0.00
id#261,10.8901,7242.69,4707.75,10.6649,7129.09,7808.63,-0.087025,-8.70,1.060032,No,0.00,0.00
id#262,10.8901,5321.30,3458.85,10.6649,5211.27,7412.06,-0.296921,-29.69,1.054654,No,0.00,0.00
id#263,10.8901,7332.15,4765.90,10.6649,7328.65,7637.23,-0.040405,-4.04,1.076409,No,0.00,0.00
id#264,10.8901,4947.33,3215.77,10.6649,4845.03,7431.99,-0.348084,-34.81,1.054654,No,0.00,0.00
id#265,10.8901,6386.80,4151.42,10.6649,6386.80,7239.42,-0.117774,-11.78,1.076923,No,0.00,0.00
id#266,10.8901,8424.89,5476.18,10.6649,8359.22,8364.86,-0.000674,-0.07,1.068528,No,0.00,0.00
id#267,10.8901,4863.23,3161.10,10.6649,4863.23,5427.49,-0.103963,-10.40,1.076923,No,0.00,0.00
id#268,10.8901,5457.57,3547.42,10.6649,5344.71,7823.09,-0.316803,-31.68,1.054654,No,0.00,0.00
id#269,10.8901,5889.68,3828.29,10.6649,5889.68,6897.16,-0.146071,-14.61,1.076923,No,0.00,0.00
id#270,10.8901,6960.31,4524.20,10.6649,6816.39,8550.01,-0.202763,-20.28,1.054654,No,0.00,0.00
id#271,10.8901,6782.68,4408.74,10.6649,6672.24,8053.53,-0.171513,-17.15,1.059389,No,0.00,0.00
id#272,10.8901,7710.24,5011.65,10.6649,7668.02,7723.36,-0.007165,-0.72,1.071026,No,0.00,0.00
id#273,10.8901,4041.25,2626.81,10.6649,4041.25,5624.62,-0.281508,-28.15,1.076923,No,0.00,0.00
id#274,10.8901,7312.76,4753.29,10.6649,7161.54,9151.28,-0.217427,-21.74,1.054654,No,0.00,0.00
id#275,10.8901,7864.95,5112.22,10.6649,7864.95,8236.34,-0.045091,-4.51,1.076923,No,0.00,0.00
id#276,10.8901,5278.50,3431.02,10.6649,5197.16,5840.70,-0.110181,-11.02,1.060330,No,0.00,0.00
id#277,10.8901,4653.19,3024.57,10.6649,4556.97,6155.28,-0.259665,-25.97,1.054654,No,0.00,0.00
id#278,10.8901,6581.51,4277.98,10.6649,6445.42,8841.07,-0.270969,-27.10,1.054654,No,0.00,0.00
id#279,10.8901,8788.75,5712.69,10.6649,8695.29,8711.42,-0.001851,-0.19,1.065471,No,0.00,0.00
id#280,10.8901,5282.80,3433.82,10.6649,5173.56,6668.18,-0.224143,-22.41,1.054654,No,0.00,0.00
id#281,10.8901,4914.75,3194.59,10.6649,4914.75,5845.59,-0.159237,-15.92,1.076923,No,0.00,0.00
id#282,10.8901,7056.99,4587.05,10.6649,7013.45,7048.38,-0.004955,-0.50,1.070278,No,0.00,0.00
id#283,10.8901,4731.58,3075.52,10.6649,4731.58,6681.04,-0.291791,-29.18,1.076923,No,0.00,0.00
id#284,10.8901,6800.66,4420.43,10.6649,6714.54,6822.55,-0.015831,-1.58,1.063285,No,0.00,0.00
id#285,10.8901,5179.58,3366.73,10.6649,5102.33,5789.32,-0.118665,-11.87,1.060861,No,0.00,0.00
id#286,10.8901,4575.23,2973.90,10.6649,4575.23,7023.47,-0.348580,-34.86,1.076923,No,0.00,0.00
id#287,10.8901,5587.42,3631.82,10.6649,5471.88,8431.62,-0.351028,-35.10,1.054654,No,0.00,0.00
id#288,10.8901,5394.11,3506.17,10.6649,5317.14,5490.35,-0.031547,-3.15,1.061557,No,0.00,0.00
id#289,10.8901,4559.48,2963.66,10.6649,4559.48,6027.27,-0.243524,-24.35,1.076923,No,0.00,0.00
id#290,10.8901,6704.78,4358.10,10.6649,6689.49,6998.53,-0.044158,-4.42,1.074468,No,0.00,0.00
id#291,10.8901,8173.54,5312.80,10.6649,8042.20,8499.05,-0.053753,-5.38,1.059617,No,0.00,0.00
id#292,10.8901,5799.83,3769.89,10.6649,5748.19,5754.40,-0.001079,-0.11,1.067336,No,0.00,0.00
id#293,10.8901,8474.32,5508.31,10.6649,8376.99,8485.46,-0.012782,-1.28,1.064554,No,0.00,0.00
id#294,10.8901,6320.96,4108.62,10.6649,6310.29,6558.38,-0.037829,-3.78,1.075104,No,0.00,0.00
id#295,10.8901,5102.37,3316.54,10.6649,5102.37,6277.98,-0.187259,-18.73,1.076923,No,0.00,0.00
id#296,10.8901,6225.73,4046.72,10.6649,6207.69,6458.84,-0.038884,-3.89,1.073803,No,0.00,0.00
id#297,10.8901,5476.61,3559.80,10.6649,5462.19,5693.49,-0.040625,-4.06,1.074087,No,0.00,0.00
id#298,10.8901,5575.83,3624.29,10.6649,5575.83,6985.46,-0.201794,-20.18,1.076923,No,0.00,0.00
id#299,10.8901,5399.05,3509.38,10.6649,5287.41,6750.32,-0.216717,-21.67,1.054654,No,0.00,0.00
id#300,10.8901,4209.80,2736.37,10.6649,4122.75,5777.58,-0.286422,-28.64,1.054654,No,0.00,0.00
id#301,10.8901,7963.92,5176.55,10.6649,7910.56,7934.14,-0.002972,-0.30,1.069708,No,0.00,0.00
id#302,10.8901,8159.46,5303.65,10.6649,8044.66,8331.00,-0.034371,-3.44,1.061771,No,0.00,0.00
id#303,10.8901,6372.75,4142.29,10.6649,6315.58,6315.58,-0.000000,-0.00,1.067262,No,0.00,0.00
id#304,10.8901,5786.75,3761.39,10.6649,5700.83,6361.65,-0.103876,-10.39,1.060933,No,0.00,0.00
id#305,10.8901,6909.39,4491.11,10.6649,6787.18,7285.35,-0.068379,-6.84,1.057875,No,0.00,0.00
id#306,10.8901,4245.09,2759.31,10.6649,4245.09,5502.41,-0.228504,-22.85,1.076923,No,0.00,0.00
id#307,10.8901,6385.56,4150.61,10.6649,6253.52,8536.85,-0.267468,-26.75,1.054654,No,0.00,0.00
id#308,10.8901,5942.90,3862.89,10.6649,5942.90,8567.78,-0.306366,-30.64,1.076923,No,0.00,0.00
id#309,10.8901,4794.43,3116.38,10.6649,4695.29,5785.44,-0.188431,-18.84,1.054654,No,0.00,0.00
id#310,10.8901,7061.38,4589.90,10.6649,7050.15,7392.14,-0.046265,-4.63,1.075210,No,0.00,0.00
id#311,10.8901,6152.18,3998.92,10.6649,6024.96,8087.24,-0.255004,-25.50,1.054654,No,0.00,0.00
id#312,10.8901,7059.43,4588.63,10.6649,7024.89,7129.88,-0.014726,-1.47,1.071653,No,0.00,0.00
id#313,10.8901,5880.78,3822.51,10.6649,5759.18,8106.93,-0.289598,-28.96,1.054654,No,0.00,0.00
id#314,10.8901,5422.39,3524.55,10.6649,5310.26,7113.88,-0.253535,-25.35,1.054654,No,0.00,0.00
id#315,10.8901,5886.11,3825.97,10.6649,5886.11,7601.25,-0.225640,-22.56,1.076923,No,0.00,0.00
id#316,10.8901,4026.11,2616.97,10.6649,4026.11,5540.38,-0.273315,-27.33,1.076923,No,0.00,0.00
id#317,10.8901,6278.03,4080.72,10.6649,6278.03,7895.76,-0.204885,-20.49,1.076923,No,0.00,0.00
id#318,10.8901,7491.00,4869.15,10.6649,7336.10,8340.69,-0.120445,-12.04,1.054654,No,0.00,0.00
id#319,10.8901,5210.35,3386.73,10.6649,5210.35,5848.81,-0.109161,-10.92,1.076923,No,0.00,0.00
id#320,10.8901,5640.10,3666.06,10.6649,5523.47,5907.32,-0.064978,-6.50,1.054654,No,0.00,0.00
id#321,10.8901,5541.57,3602.02,10.6649,5507.80,5527.94,-0.003643,-0.36,1.070361,No,0.00,0.00
id#322,10.8901,5491.17,3569.26,10.6649,5377.62,8329.56,-0.354393,-35.44,1.054654,No,0.00,0.00
id#323,10.8901,5568.55,3619.56,10.6649,5568.55,7800.84,-0.286160,-28.62,1.076923,No,0.00,0.00
id#324,10.8901,4794.23,3116.25,10.6649,4773.50,4872.97,-0.020411,-2.04,1.072266,No,0.00,0.00
id#325,10.8901,6784.17,4409.71,10.6649,6651.04,7211.89,-0.077767,-7.78,1.055791,No,0.00,0.00
id#326,10.8901,7512.48,4883.11,10.6649,7473.88,7568.02,-0.012439,-1.24,1.071391,No,0.00,0.00
id#327,10.8901,5011.61,3257.55,10.6649,4950.36,5150.67,-0.038891,-3.89,1.063761,No,0.00,0.00
id#328,10.8901,6739.73,4380.82,10.6649,6664.29,6887.57,-0.032418,-3.24,1.064870,No,0.00,0.00
id#329,10.8901,7559.14,4913.44,10.6649,7489.22,7495.51,-0.000840,-0.08,1.066962,No,0.00,0.00
id#330,10.8901,4727.08,3072.60,10.6649,4727.08,5996.31,-0.211669,-21.17,1.076923,No,0.00,0.00
id#331,10.8901,5760.04,3744.02,10.6649,5760.04,8269.81,-0.303486,-30.35,1.076923,No,0.00,0.00
id#332,10.8901,6445.80,4189.77,10.6649,6396.24,6397.06,-0.000127,-0.01,1.068642,No,0.00,0.00
id#333,10.8901,6876.92,4470.00,10.6649,6740.40,8510.06,-0.207949,-20.79,1.055545,No,0.00,0.00
id#334,10.8901,4624.09,3005.66,10.6649,4547.29,5268.11,-0.136828,-13.68,1.059037,No,0.00,0.00
id#335,10.8901,5137.93,3339.65,10.6649,5137.93,7201.90,-0.286587,-28.66,1.076923,No,0.00,0.00
id#336,10.8901,4988.18,3242.32,10.6649,4885.03,7406.99,-0.340483,-34.05,1.054654,No,0.00,0.00
id#337,10.8901,3652.40,2374.06,10.6649,3576.88,5606.69,-0.362034,-36.20,1.054654,No,0.00,0.00
id#338,10.8901,5088.33,3307.41,10.6649,4983.11,6634.59,-0.248920,-24.89,1.054654,No,0.00,0.00
id#339,10.8901,6659.32,4328.56,10.6649,6634.03,6815.73,-0.026659,-2.67,1.072834,No,0.00,0.00
id#340,10.8901,5984.11,3889.67,10.6649,5984.11,6949.28,-0.138887,-13.89,1.076923,No,0.00,0.00
id#341,10.8901,4860.65,3159.42,10.6649,4860.65,6348.24,-0.234331,-23.43,1.076923,No,0.00,0.00
id#342,10.8901,5057.29,3287.24,10.6649,5057.29,5681.74,-0.109906,-10.99,1.076923,No,0.00,0.00
id#343,10.8901,5079.33,3301.57,10.6649,4974.30,5731.94,-0.132179,-13.22,1.054654,No,0.00,0.00
id#344,10.8901,7124.86,4631.16,10.6649,7124.86,7962.69,-0.105220,-10.52,1.076923,No,0.00,0.00
id#345,10.8901,6672.85,4337.35,10.6649,6560.20,7833.88,-0.162586,-16.26,1.058743,No,0.00,0.00
id#346,10.8901,5090.71,3308.96,10.6649,5037.49,5159.29,-0.023609,-2.36,1.065664,No,0.00,0.00
id#347,10.8901,5696.48,3702.71,10.6649,5578.69,6515.05,-0.143723,-14.37,1.054654,No,0.00,0.00
id#348,10.8901,7572.77,4922.30,10.6649,7527.65,7576.44,-0.006440,-0.64,1.070506,No,0.00,0.00
id#349,10.8901,6004.56,3902.96,10.6649,5886.91,6527.19,-0.098093,-9.81,1.055823,No,0.00,0.00
id#350,10.8901,5473.59,3557.84,10.6649,5360.41,8132.47,-0.340864,-34.09,1.054654,No,0.00,0.00
id#351,10.8901,7227.33,4697.76,10.6649,7150.16,7207.79,-0.007995,-0.80,1.065425,No,0.00,0.00
id#352,10.8901,5711.37,3712.39,10.6649,5684.62,5774.72,-0.015602,-1.56,1.071878,No,0.00,0.00
id#353,10.8901,7160.78,4654.51,10.6649,7121.23,7185.88,-0.008996,-0.90,1.070975,No,0.00,0.00
id#354,10.8901,6883.05,4473.99,10.6649,6740.73,9107.98,-0.259910,-25.99,1.054654,No,0.00,0.00
id#355,10.8901,7462.93,4850.90,10.6649,7345.45,8093.54,-0.092430,-9.24,1.059971,No,0.00,0.00
id#356,10.8901,6154.10,4000.16,10.6649,6154.10,6770.14,-0.090994,-9.10,1.076923,No,0.00,0.00
id#357,10.8901,5731.21,3725.29,10.6649,5731.21,6598.99,-0.131501,-13.15,1.076923,No,0.00,0.00
id#358,10.8901,5721.21,3718.79,10.6649,5626.93,5852.41,-0.038527,-3.85,1.059177,No,0.00,0.00
id#359,10.8901,8002.33,5201.52,10.6649,7993.62,8186.72,-0.023587,-2.36,1.075750,No,0.00,0.00
id#360,10.8901,6504.05,4227.63,10.6649,6384.78,6803.13,-0.061493,-6.15,1.057176,No,0.00,0.00
id#361,10.8901,4858.50,3158.03,10.6649,4779.22,5273.85,-0.093789,-9.38,1.059349,No,0.00,0.00
id#362,10.8901,7114.09,4624.16,10.6649,7055.16,7057.19,-0.000287,-0.03,1.068002,No,0.00,0.00
id#363,10.8901,6213.54,4038.80,10.6649,6171.81,6183.91,-0.001957,-0.20,1.069691,No,0.00,0.00
id#364,10.8901,5639.76,3665.84,10.6649,5540.06,6995.67,-0.208074,-20.81,1.057885,No,0.00,0.00
id#365,10.8901,5606.40,3644.16,10.6649,5601.27,6063.15,-0.076179,-7.62,1.075938,No,0.00,0.00
id#366,10.8901,4895.89,3182.33,10.6649,4794.65,6181.59,-0.224367,-22.44,1.054654,No,0.00,0.00
id#367,10.8901,6100.85,3965.55,10.6649,6100.85,7156.62,-0.147523,-14.75,1.076923,No,0.00,0.00
id#368,10.8901,6319.51,4107.68,10.6649,6319.51,6831.97,-0.075009,-7.50,1.076923,No,0.00,0.00
id#369,10.8901,7364.80,4787.12,10.6649,7240.94,7363.82,-0.016687,-1.67,1.058812,No,0.00,0.00
id#370,10.8901,5727.30,3722.74,10.6649,5727.30,6281.37,-0.088209,-8.82,1.076923,No,0.00,0.00
id#371,10.8901,5161.31,3354.85,10.6649,5161.31,5615.48,-0.080878,-8.09,1.076923,No,0.00,0.00
id#372,10.8901,6258.77,4068.20,10.6649,6258.77,7207.96,-0.131687,-13.17,1.076923,No,0.00,0.00
id#373,10.8901,5253.83,3414.99,10.6649,5177.04,5660.64,-0.085432,-8.54,1.061183,No,0.00,0.00
id#374,10.8901,8164.62,5307.00,10.6649,8119.29,8181.21,-0.007568,-0.76,1.070944,No,0.00,0.00
id#375,10.8901,7921.73,5149.12,10.6649,7849.27,7863.66,-0.001831,-0.18,1.067072,No,0.00,0.00
id#376,10.8901,6199.26,4029.52,10.6649,6199.26,7927.43,-0.217998,-21.80,1.076923,No,0.00,0.00
id#377,10.8901,4685.52,3045.59,10.6649,4673.77,4909.63,-0.048041,-4.80,1.074222,No,0.00,0.00
id#378,10.8901,7437.65,4834.47,10.6649,7433.46,7691.95,-0.033605,-3.36,1.076318,No,0.00,0.00
id#379,10.8901,5519.09,3587.41,10.6649,5404.96,5798.01,-0.067790,-6.78,1.054654,No,0.00,0.00
id#380,10.8901,4282.84,2783.84,10.6649,4194.28,6252.66,-0.329202,-32.92,1.054654,No,0.00,0.00
id#381,10.8901,5620.82,3653.53,10.6649,5504.59,7271.45,-0.242986,-24.30,1.054654,No,0.00,0.00
id#382,10.8901,6250.01,4062.51,10.6649,6214.70,6264.93,-0.008017,-0.80,1.070840,No,0.00,0.00
id#383,10.8901,6983.40,4539.21,10.6649,6839.00,8806.12,-0.223381,-22.34,1.054654,No,0.00,0.00
id#384,10.8901,5924.74,3851.08,10.6649,5860.07,6050.13,-0.031414,-3.14,1.065169,No,0.00,0.00
id#385,10.8901,5923.53,3850.29,10.6649,5923.53,6190.91,-0.043189,-4.32,1.076923,No,0.00,0.00
id#386,10.8901,8029.04,5218.88,10.6649,7905.79,8217.55,-0.037939,-3.79,1.060391,No,0.00,0.00
id#387,10.8901,5594.30,3636.30,10.6649,5594.30,6377.00,-0.122738,-12.27,1.076923,No,0.00,0.00
id#388,10.8901,7123.11,4630.02,10.6649,7018.95,7674.41,-0.085409,-8.54,1.061176,No,0.00,0.00
id#389,10.8901,5327.96,3463.17,10.6649,5327.96,7300.74,-0.270216,-27.02,1.076923,No,0.00,0.00
id#390,10.8901,6612.69,4298.25,10.6649,6612.69,7127.55,-0.072236,-7.22,1.076923,No,0.00,0.00
id#391,10.8901,5320.68,3458.44,10.6649,5210.66,7643.42,-0.318282,-31.83,1.054654,No,0.00,0.00
id#392,10.8901,6921.20,4498.78,10.6649,6855.29,6921.58,-0.009577,-0.96,1.066668,No,0.00,0.00
id#393,10.8901,7179.63,4666.76,10.6649,7172.65,7677.59,-0.065768,-6.58,1.075876,No,0.00,0.00
id#394,10.8901,4595.26,2986.92,10.6649,4500.24,6432.74,-0.300416,-30.04,1.054654,No,0.00,0.00
id#395,10.8901,8166.77,5308.40,10.6649,8102.80,8107.78,-0.000614,-0.06,1.068488,No,0.00,0.00
id#396,10.8901,5041.64,3277.07,10.6649,4937.39,6766.74,-0.270345,-27.03,1.054654,No,0.00,0.00
id#397,10.8901,3914.54,2544.45,10.6649,3914.54,5141.99,-0.238712,-23.87,1.076923,No,0.00,0.00
id#398,10.8901,5731.10,3725.22,10.6649,5731.10,8407.70,-0.318351,-31.84,1.076923,No,0.00,0.00
id#399,10.8901,4135.92,2688.35,10.6649,4050.40,6658.59,-0.391703,-39.17,1.054654,No,0.00,0.00
id#400,10.8901,5887.68,3826.99,10.6649,5887.68,7912.14,-0.255868,-25.59,1.076923,No,0.00,0.00
id#401,10.8901,5693.59,3700.83,10.6649,5693.59,7261.58,-0.215929,-21.59,1.076923,No,0.00,0.00
id#402,10.8901,6747.89,4386.13,10.6649,6608.35,7297.11,-0.094388,-9.44,1.054654,No,0.00,0.00
id#403,10.8901,7557.90,4912.64,10.6649,7479.56,7524.86,-0.006020,-0.60,1.065760,No,0.00,0.00
id#404,10.8901,8125.72,5281.72,10.6649,8017.53,8231.18,-0.025956,-2.60,1.062584,No,0.00,0.00
id#405,10.8901,6301.73,4096.12,10.6649,6249.92,6251.26,-0.000214,-0.02,1.068069,No,0.00,0.00
id#406,10.8901,5928.06,3853.24,10.6649,5928.06,7072.27,-0.161788,-16.18,1.076923,No,0.00,0.00
id#407,10.8901,6671.61,4336.55,10.6649,6652.34,6915.85,-0.038103,-3.81,1.073812,No,0.00,0.00
id#408,10.8901,5467.72,3554.02,10.6649,5456.68,5764.03,-0.053323,-5.33,1.074748,No,0.00,0.00
id#409,10.8901,4873.79,3167.96,10.6649,4873.79,6462.52,-0.245838,-24.58,1.076923,No,0.00,0.00
id#410,10.8901,6336.26,4118.57,10.6649,6279.01,6312.45,-0.005298,-0.53,1.067193,No,0.00,0.00
id#411,10.8901,4530.30,2944.69,10.6649,4530.30,6192.97,-0.268477,-26.85,1.076923,No,0.00,0.00
id#412,10.8901,6327.54,4112.90,10.6649,6292.08,6320.49,-0.004495,-0.45,1.070888,No,0.00,0.00
id#413,10.8901,3661.66,2380.08,10.6649,3661.66,4504.05,-0.187031,-18.70,1.076923,No,0.00,0.00
id#414,10.8901,6047.28,3930.73,10.6649,6002.69,6007.00,-0.000717,-0.07,1.068982,No,0.00,0.00
id#415,10.8901,8581.21,5577.78,10.6649,8437.19,8809.45,-0.042257,-4.23,1.058849,No,0.00,0.00
id#416,10.8901,6419.55,4172.71,10.6649,6286.81,8166.00,-0.230123,-23.01,1.054654,No,0.00,0.00
id#417,10.8901,8221.39,5343.90,10.6649,8126.97,8151.02,-0.002951,-0.30,1.064555,No,0.00,0.00
id#418,10.8901,4618.94,3002.31,10.6649,4523.43,6820.30,-0.336770,-33.68,1.054654,No,0.00,0.00
id#419,10.8901,4612.25,2997.97,10.6649,4612.25,6380.44,-0.277126,-27.71,1.076923,No,0.00,0.00
id#420,10.8901,7691.43,4999.43,10.6649,7619.33,7639.50,-0.002640,-0.26,1.066828,No,0.00,0.00
id#421,10.8901,8065.65,5242.67,10.6649,8011.93,8036.20,-0.003020,-0.30,1.069750,No,0.00,0.00
id#422,10.8901,6263.12,4071.03,10.6649,6213.10,6213.97,-0.000140,-0.01,1.068321,No,0.00,0.00
id#423,10.8901,6490.30,4218.70,10.6649,6490.30,8433.52,-0.230416,-23.04,1.076923,No,0.00,0.00
id#424,10.8901,5114.74,3324.58,10.6649,5114.74,6325.11,-0.191360,-19.14,1.076923,No,0.00,0.00
id#425,10.8901,7105.76,4618.74,10.6649,7105.76,8207.60,-0.134247,-13.42,1.076923,No,0.00,0.00
id#426,10.8901,5754.37,3740.34,10.6649,5734.30,5907.72,-0.029355,-2.94,1.073168,No,0.00,0.00
id#427,10.8901,6669.92,4335.45,10.6649,6532.00,8171.80,-0.200666,-20.07,1.054654,No,0.00,0.00
id#428,10.8901,6883.19,4474.07,10.6649,6803.36,7044.47,-0.034226,-3.42,1.064434,No,0.00,0.00
id#429,10.8901,4517.24,2936.20,10.6649,4444.83,5189.29,-0.143461,-14.35,1.059661,No,0.00,0.00
id#430,10.8901,4593.67,2985.88,10.6649,4498.68,6112.98,-0.264077,-26.41,1.054654,No,0.00,0.00
id#431,10.8901,5415.69,3520.20,10.6649,5415.69,6132.93,-0.116950,-11.70,1.076923,No,0.00,0.00
id#432,10.8901,7413.32,4818.66,10.6649,7292.20,7721.53,-0.055601,-5.56,1.059328,No,0.00,0.00
id#433,10.8901,5169.04,3359.88,10.6649,5117.84,5185.71,-0.013088,-1.31,1.066256,No,0.00,0.00
id#434,10.8901,5269.68,3425.29,10.6649,5269.68,7289.22,-0.277059,-27.71,1.076923,No,0.00,0.00
id#435,10.8901,5926.32,3852.11,10.6649,5854.92,5956.50,-0.017055,-1.71,1.063948,No,0.00,0.00
id#436,10.8901,7076.11,4599.47,10.6649,7076.11,7766.93,-0.088944,-8.89,1.076923,No,0.00,0.00
id#437,10.8901,5561.71,3615.11,10.6649,5547.41,5795.73,-0.042847,-4.28,1.074153,No,0.00,0.00
id#438,10.8901,5622.45,3654.59,10.6649,5622.45,6836.73,-0.177612,-17.76,1.076923,No,0.00,0.00
id#439,10.8901,6568.52,4269.54,10.6649,6543.24,6726.20,-0.027202,-2.72,1.072779,No,0.00,0.00
id#440,10.8901,5558.49,3613.02,10.6649,5558.49,6255.26,-0.111390,-11.14,1.076923,No,0.00,0.00
id#441,10.8901,8216.62,5340.80,10.6649,8154.77,8163.46,-0.001065,-0.11,1.068816,No,0.00,0.00
id#442,10.8901,7492.91,4870.39,10.6649,7487.44,7847.25,-0.045852,-4.59,1.076136,No,0.00,0.00
id#443,10.8901,4918.30,3196.89,10.6649,4817.27,5455.99,-0.117067,-11.71,1.054802,No,0.00,0.00
id#444,10.8901,5729.71,3724.31,10.6649,5729.71,8007.00,-0.284412,-28.44,1.076923,No,0.00,0.00
id#445,10.8901,5818.20,3781.83,10.6649,5818.20,6421.26,-0.093916,-9.39,1.076923,No,0.00,0.00
id#446,10.8901,7227.34,4697.77,10.6649,7174.55,7176.77,-0.000308,-0.03,1.069058,No,0.00,0.00
id#447,10.8901,6160.19,4004.12,10.6649,6160.19,6946.08,-0.113141,-11.31,1.076923,No,0.00,0.00
id#448,10.8901,4825.99,3136.90,10.6649,4825.99,5854.54,-0.175684,-17.57,1.076923,No,0.00,0.00
id#449,10.8901,4410.12,2866.58,10.6649,4410.12,6460.82,-0.317405,-31.74,1.076923,No,0.00,0.00
id#450,10.8901,7615.73,4950.22,10.6649,7458.25,8623.15,-0.135090,-13.51,1.054654,No,0.00,0.00
id#451,10.8901,6719.20,4367.48,10.6649,6584.54,8144.83,-0.191567,-19.16,1.055341,No,0.00,0.00
id#452,10.8901,4827.83,3138.09,10.6649,4827.83,5372.16,-0.101325,-10.13,1.076923,No,0.00,0.00
id#453,10.8901,6430.29,4179.69,10.6649,6299.33,6826.96,-0.077287,-7.73,1.054990,No,0.00,0.00
id#454,10.8901,4619.85,3002.90,10.6649,4619.85,5741.87,-0.195411,-19.54,1.076923,No,0.00,0.00
id#455,10.8901,5637.53,3664.39,10.6649,5538.06,6917.58,-0.199423,-19.94,1.057921,No,0.00,0.00
id#456,10.8901,5089.84,3308.40,10.6649,5089.84,6449.87,-0.210861,-21.09,1.076923,No,0.00,0.00
id#457,10.8901,6081.28,3952.83,10.6649,6081.28,6771.82,-0.101972,-10.20,1.076923,No,0.00,0.00
id#458,10.8901,4246.79,2760.41,10.6649,4168.86,5312.99,-0.215345,-21.53,1.057162,No,0.00,0.00
id#459,10.8901,7321.88,4759.22,10.6649,7294.01,7490.55,-0.026238,-2.62,1.072825,No,0.00,0.00
id#460,10.8901,7061.32,4589.86,10.6649,7061.32,7802.04,-0.094939,-9.49,1.076923,No,0.00,0.00
id#461,10.8901,8161.20,5304.78,10.6649,8046.45,8272.46,-0.027321,-2.73,1.061782,No,0.00,0.00
id#462,10.8901,4719.70,3067.80,10.6649,4719.70,5420.64,-0.129309,-12.93,1.076923,No,0.00,0.00
id#463,10.8901,6544.47,4253.91,10.6649,6499.21,6505.67,-0.000994,-0.10,1.069474,No,0.00,0.00
id#464,10.8901,5980.50,3887.32,10.6649,5916.65,5950.14,-0.005628,-0.56,1.065426,No,0.00,0.00
id#465,10.8901,4721.05,3068.68,10.6649,4623.43,5606.61,-0.175361,-17.54,1.054654,No,0.00,0.00
id#466,10.8901,5781.30,3757.84,10.6649,5781.30,7722.82,-0.251400,-25.14,1.076923,No,0.00,0.00
id#467,10.8901,5341.15,3471.75,10.6649,5341.15,5931.38,-0.099510,-9.95,1.076923,No,0.00,0.00
id#468,10.8901,7135.17,4637.86,10.6649,7023.44,7609.30,-0.076993,-7.70,1.060060,No,0.00,0.00
id#469,10.8901,4759.08,3093.40,10.6649,4759.08,6411.15,-0.257688,-25.77,1.076923,No,0.00,0.00
id#470,10.8901,4154.07,2700.14,10.6649,4068.17,6743.95,-0.396768,-39.68,1.054654,No,0.00,0.00
id#471,10.8901,6685.93,4345.85,10.6649,6547.68,8756.73,-0.252269,-25.23,1.054654,No,0.00,0.00
id#472,10.8901,7832.06,5090.84,10.6649,7789.84,7863.53,-0.009371,-0.94,1.071118,No,0.00,0.00
id#473,10.8901,7552.24,4908.96,10.6649,7552.24,8344.17,-0.094908,-9.49,1.076923,No,0.00,0.00
id#474,10.8901,5004.60,3252.99,10.6649,4901.11,7055.19,-0.305318,-30.53,1.054654,No,0.00,0.00
id#475,10.8901,5417.41,3521.32,10.6649,5368.16,5396.97,-0.005339,-0.53,1.067132,No,0.00,0.00
id#476,10.8901,6562.47,4265.61,10.6649,6562.47,7895.39,-0.168823,-16.88,1.076923,No,0.00,0.00
id#477,10.8901,6973.49,4532.77,10.6649,6973.49,7481.81,-0.067942,-6.79,1.076923,No,0.00,0.00
id#478,10.8901,3891.27,2529.33,10.6649,3891.27,4791.26,-0.187839,-18.78,1.076923,No,0.00,0.00
id#479,10.8901,6507.94,4230.16,10.6649,6507.94,8644.37,-0.247146,-24.71,1.076923,No,0.00,0.00
id#480,10.8901,5704.00,3707.60,10.6649,5704.00,6969.63,-0.181591,-18.16,1.076923,No,0.00,0.00
id#481,10.8901,6056.09,3936.46,10.6649,5939.60,6790.13,-0.125260,-12.53,1.056208,No,0.00,0.00
id#482,10.8901,3948.83,2566.74,10.6649,3948.83,5437.92,-0.273834,-27.38,1.076923,No,0.00,0.00
id#483,10.8901,4649.45,3022.14,10.6649,4649.45,5390.28,-0.137438,-13.74,1.076923,No,0.00,0.00
id#484,10.8901,6415.23,4169.90,10.6649,6310.93,7140.05,-0.116123,-11.61,1.059413,No,0.00,0.00
id#485,10.8901,5096.33,3312.61,10.6649,5088.59,5438.70,-0.064373,-6.44,1.075288,No,0.00,0.00
id#486,10.8901,6252.50,4064.13,10.6649,6252.50,6940.03,-0.099067,-9.91,1.076923,No,0.00,0.00
id#487,10.8901,5768.46,3749.50,10.6649,5768.46,6434.29,-0.103482,-10.35,1.076923,No,0.00,0.00
id#488,10.8901,8661.49,5629.97,10.6649,8661.49,8916.89,-0.028643,-2.86,1.076923,No,0.00,0.00
id#489,10.8901,5334.72,3467.57,10.6649,5334.72,8062.79,-0.338353,-33.84,1.076923,No,0.00,0.00
id#490,10.8901,6912.86,4493.36,10.6649,6769.91,8351.08,-0.189336,-18.93,1.054654,No,0.00,0.00
id#491,10.8901,7188.71,4672.66,10.6649,7185.48,7750.11,-0.072854,-7.29,1.076438,No,0.00,0.00
id#492,10.8901,5339.02,3470.36,10.6649,5257.85,6097.17,-0.137658,-13.77,1.060551,No,0.00,0.00
id#493,10.8901,7341.69,4772.10,10.6649,7300.89,7360.21,-0.008059,-0.81,1.070939,No,0.00,0.00
id#494,10.8901,6117.56,3976.41,10.6649,6117.56,7132.53,-0.142302,-14.23,1.076923,No,0.00,0.00
id#495,10.8901,7131.99,4635.79,10.6649,6984.51,8875.49,-0.213056,-21.31,1.054654,No,0.00,0.00
id#496,10.8901,5096.79,3312.92,10.6649,5096.79,5504.54,-0.074075,-7.41,1.076923,No,0.00,0.00
id#497,10.8901,6547.70,4256.01,10.6649,6547.70,7286.02,-0.101334,-10.13,1.076923,No,0.00,0.00
id#498,10.8901,5164.03,3356.62,10.6649,5164.03,6362.85,-0.188409,-18.84,1.076923,No,0.00,0.00
id#499,10.8901,6197.52,4028.39,10.6649,6069.37,7730.34,-0.214863,-21.49,1.054654,No,0.00,0.00
