position_id,seed_price,position_value_at_seed,loan_amount,close_price,position_value_at_close,hold_value,impermanent_loss,impermanent_loss_pct,health_factor,should_liquidate,repay_amount,collateral_to_take
id#0,1665.4279,5794.02,3766.12,1667.2717,5797.40,5816.72,-0.003320,-0.33,1.077551,No,0.00,0.00
id#1,1665.4279,5938.85,3860.26,1667.2717,5944.18,6706.51,-0.113670,-11.37,1.077889,No,0.00,0.00
id#2,1665.4279,6225.78,4046.76,1667.2717,6230.13,6577.48,-0.052809,-5.28,1.077675,No,0.00,0.00
id#3,1665.4279,4790.32,3113.71,1667.2717,4795.62,7889.72,-0.392168,-39.22,1.078115,No,0.00,0.00
id#4,1665.4279,5642.19,3667.42,1667.2717,5642.19,7740.73,-0.271104,-27.11,1.076923,No,0.00,0.00
id#5,1665.4279,6523.26,4240.12,1667.2717,6526.29,6526.39,-0.000014,-0.00,1.077424,No,0.00,0.00
id#6,1665.4279,6169.80,4010.37,1667.2717,6175.21,6272.92,-0.015577,-1.56,1.077867,No,0.00,0.00
id#7,1665.4279,5866.84,3813.45,1667.2717,5867.02,6372.99,-0.079393,-7.94,1.076955,No,0.00,0.00
id#8,1665.4279,5039.83,3275.89,1667.2717,5039.83,5645.04,-0.107211,-10.72,1.076923,No,0.00,0.00
id#9,1665.4279,5140.03,3341.02,1667.2717,5142.05,5146.41,-0.000848,-0.08,1.077346,No,0.00,0.00
id#10,1665.4279,3891.51,2529.48,1667.2717,3895.82,6149.65,-0.366497,-36.65,1.078115,No,0.00,0.00
id#11,1665.4279,5600.38,3640.24,1667.2717,5602.02,5662.19,-0.010628,-1.06,1.077238,No,0.00,0.00
id#12,1665.4279,8524.19,5540.73,1667.2717,8528.99,8555.08,-0.003049,-0.30,1.077529,No,0.00,0.00
id#13,1665.4279,7381.85,4798.21,1667.2717,7381.85,8524.56,-0.134049,-13.40,1.076923,No,0.00,0.00
id#14,1665.4279,6102.05,3966.33,1667.2717,6102.05,6791.75,-0.101551,-10.16,1.076923,No,0.00,0.00
id#15,1665.4279,8636.71,5613.86,1667.2717,8641.61,8644.97,-0.000388,-0.04,1.077535,No,0.00,0.00
id#16,1665.4279,5739.56,3730.71,1667.2717,5740.88,5849.07,-0.018497,-1.85,1.077172,No,0.00,0.00
id#17,1665.4279,6086.72,3956.37,1667.2717,6093.46,6862.09,-0.112011,-11.20,1.078115,No,0.00,0.00
id#18,1665.4279,6006.97,3904.53,1667.2717,6013.62,8362.13,-0.280851,-28.09,1.078115,No,0.00,0.00
id#19,1665.4279,5267.80,3424.07,1667.2717,5267.80,7396.47,-0.287796,-28.78,1.076923,No,0.00,0.00
id#20,1665.4279,7420.26,4823.17,1667.2717,7428.48,8763.71,-0.152359,-15.24,1.078115,No,0.00,0.00
id#21,1665.4279,5276.64,3429.82,1667.2717,5281.15,5585.04,-0.054413,-5.44,1.077842,No,0.00,0.00
id#22,1665.4279,5503.21,3577.09,1667.2717,5503.99,5781.81,-0.048050,-4.81,1.077076,No,0.00,0.00
id#23,1665.4279,4696.48,3052.71,1667.2717,4701.68,5754.89,-0.183012,-18.30,1.078115,No,0.00,0.00
id#24,1665.4279,6634.26,4312.27,1667.2717,6634.26,8220.24,-0.192936,-19.29,1.076923,No,0.00,0.00
id#25,1665.4279,5719.54,3717.70,1667.2717,5725.87,7461.54,-0.232615,-23.26,1.078115,No,0.00,0.00
id#26,1665.4279,6092.67,3960.23,1667.2717,6092.67,7408.14,-0.177571,-17.76,1.076923,No,0.00,0.00
id#27,1665.4279,4526.61,2942.30,1667.2717,4530.72,5486.85,-0.174258,-17.43,1.077900,No,0.00,0.00
id#28,1665.4279,6031.87,3920.71,1667.2717,6038.55,6419.74,-0.059379,-5.94,1.078115,No,0.00,0.00
id#29,1665.4279,4917.92,3196.65,1667.2717,4923.31,5437.39,-0.094545,-9.45,1.078105,No,0.00,0.00
id#30,1665.4279,6356.10,4131.47,1667.2717,6360.10,6400.88,-0.006371,-0.64,1.077601,No,0.00,0.00
id#31,1665.4279,4808.05,3125.23,1667.2717,4808.05,6318.02,-0.238994,-23.90,1.076923,No,0.00,0.00
id#32,1665.4279,4894.13,3181.18,1667.2717,4894.13,5961.13,-0.178993,-17.90,1.076923,No,0.00,0.00
id#33,1665.4279,7729.46,5024.15,1667.2717,7729.46,8327.57,-0.071823,-7.18,1.076923,No,0.00,0.00
id#34,1665.4279,6838.09,4444.76,1667.2717,6844.73,8421.71,-0.187251,-18.73,1.077969,No,0.00,0.00
id#35,1665.4279,6444.76,4189.09,1667.2717,6444.76,7080.74,-0.089818,-8.98,1.076923,No,0.00,0.00
id#36,1665.4279,3563.71,2316.41,1667.2717,3563.71,5179.17,-0.311914,-31.19,1.076923,No,0.00,0.00
id#37,1665.4279,5337.35,3469.28,1667.2717,5337.35,5635.33,-0.052878,-5.29,1.076923,No,0.00,0.00
id#38,1665.4279,5464.02,3551.61,1667.2717,5465.65,5522.36,-0.010268,-1.03,1.077245,No,0.00,0.00
id#39,1665.4279,4684.75,3045.09,1667.2717,4689.94,5826.94,-0.195129,-19.51,1.078115,No,0.00,0.00
id#40,1665.4279,6767.13,4398.63,1667.2717,6771.29,6838.06,-0.009764,-0.98,1.077586,No,0.00,0.00
id#41,1665.4279,5956.27,3871.58,1667.2717,5956.89,6262.58,-0.048812,-4.88,1.077034,No,0.00,0.00
id#42,1665.4279,5507.15,3579.65,1667.2717,5512.64,6464.97,-0.147307,-14.73,1.077996,No,0.00,0.00
id#43,1665.4279,5425.93,3526.86,1667.2717,5430.00,5744.74,-0.054788,-5.48,1.077731,No,0.00,0.00
id#44,1665.4279,5120.60,3328.39,1667.2717,5124.74,5761.33,-0.110494,-11.05,1.077793,No,0.00,0.00
id#45,1665.4279,4076.78,2649.90,1667.2717,4081.29,5881.94,-0.306132,-30.61,1.078115,No,0.00,0.00
id#46,1665.4279,5230.45,3399.79,1667.2717,5236.24,6063.22,-0.136393,-13.64,1.078115,No,0.00,0.00
id#47,1665.4279,5413.57,3518.82,1667.2717,5416.20,5430.09,-0.002558,-0.26,1.077447,No,0.00,0.00
id#48,1665.4279,4754.79,3090.61,1667.2717,4754.79,5722.80,-0.169151,-16.92,1.076923,No,0.00,0.00
id#49,1665.4279,6832.87,4441.36,1667.2717,6837.42,7263.08,-0.058606,-5.86,1.077640,No,0.00,0.00
id#50,1665.4279,4948.32,3216.41,1667.2717,4948.32,6067.39,-0.184439,-18.44,1.076923,No,0.00,0.00
id#51,1665.4279,5499.66,3574.78,1667.2717,5499.66,7712.35,-0.286903,-28.69,1.076923,No,0.00,0.00
id#52,1665.4279,6354.77,4130.60,1667.2717,6354.94,6822.81,-0.068575,-6.86,1.076951,No,0.00,0.00
id#53,1665.4279,4967.10,3228.62,1667.2717,4972.60,6533.02,-0.238851,-23.89,1.078115,No,0.00,0.00
id#54,1665.4279,6118.58,3977.07,1667.2717,6123.42,6826.86,-0.103039,-10.30,1.077776,No,0.00,0.00
id#55,1665.4279,4618.56,3002.07,1667.2717,4623.06,5478.03,-0.156073,-15.61,1.077972,No,0.00,0.00
id#56,1665.4279,4774.52,3103.44,1667.2717,4779.81,6360.63,-0.248532,-24.85,1.078115,No,0.00,0.00
id#57,1665.4279,6290.86,4089.06,1667.2717,6294.62,6361.22,-0.010469,-1.05,1.077567,No,0.00,0.00
id#58,1665.4279,6666.53,4333.25,1667.2717,6671.16,6806.13,-0.019830,-1.98,1.077671,No,0.00,0.00
id#59,1665.4279,3702.09,2406.36,1667.2717,3706.19,6063.76,-0.388797,-38.88,1.078115,No,0.00,0.00
id#60,1665.4279,4914.94,3194.71,1667.2717,4920.38,6470.29,-0.239542,-23.95,1.078115,No,0.00,0.00
id#61,1665.4279,6930.61,4504.90,1667.2717,6931.61,7278.86,-0.047706,-4.77,1.077079,No,0.00,0.00
id#62,1665.4279,7398.34,4808.92,1667.2717,7402.16,7470.14,-0.009101,-0.91,1.077479,No,0.00,0.00
id#63,1665.4279,5198.00,3378.70,1667.2717,5203.76,6159.18,-0.155122,-15.51,1.078115,No,0.00,0.00
id#64,1665.4279,6942.61,4512.69,1667.2717,6947.67,7590.08,-0.084638,-8.46,1.077709,No,0.00,0.00
id#65,1665.4279,7124.31,4630.80,1667.2717,7130.87,7430.45,-0.040317,-4.03,1.077916,No,0.00,0.00
id#66,1665.4279,5656.66,3676.83,1667.2717,5660.01,5729.65,-0.012153,-1.22,1.077561,No,0.00,0.00
id#67,1665.4279,8110.58,5271.88,1667.2717,8110.58,8893.35,-0.088017,-8.80,1.076923,No,0.00,0.00
id#68,1665.4279,7730.21,5024.64,1667.2717,7730.21,8518.53,-0.092542,-9.25,1.076923,No,0.00,0.00
id#69,1665.4279,5379.99,3496.99,1667.2717,5379.99,6746.23,-0.202519,-20.25,1.076923,No,0.00,0.00
id#70,1665.4279,7096.16,4612.50,1667.2717,7101.12,7687.84,-0.076319,-7.63,1.077676,No,0.00,0.00
id#71,1665.4279,5500.55,3575.36,1667.2717,5506.64,7628.89,-0.278186,-27.82,1.078115,No,0.00,0.00
id#72,1665.4279,5735.31,3727.95,1667.2717,5735.31,6601.09,-0.131157,-13.12,1.076923,No,0.00,0.00
id#73,1665.4279,5698.16,3703.80,1667.2717,5698.16,7103.36,-0.197823,-19.78,1.076923,No,0.00,0.00
id#74,1665.4279,6901.54,4486.00,1667.2717,6902.06,7217.75,-0.043739,-4.37,1.077003,No,0.00,0.00
id#75,1665.4279,8435.38,5482.99,1667.2717,8439.85,8439.98,-0.000016,-0.00,1.077494,No,0.00,0.00
id#76,1665.4279,6181.25,4017.81,1667.2717,6185.48,6414.90,-0.035765,-3.58,1.077660,No,0.00,0.00
id#77,1665.4279,7326.69,4762.35,1667.2717,7333.90,8441.56,-0.131215,-13.12,1.077982,No,0.00,0.00
id#78,1665.4279,4530.53,2944.84,1667.2717,4530.53,5816.79,-0.221129,-22.11,1.076923,No,0.00,0.00
id#79,1665.4279,6600.65,4290.42,1667.2717,6605.37,6790.96,-0.027328,-2.73,1.077693,No,0.00,0.00
id#80,1665.4279,4916.16,3195.50,1667.2717,4917.97,4925.85,-0.001599,-0.16,1.077320,No,0.00,0.00
id#81,1665.4279,4879.89,3171.93,1667.2717,4885.29,6942.38,-0.296309,-29.63,1.078115,No,0.00,0.00
id#82,1665.4279,6507.36,4229.79,1667.2717,6511.04,6616.06,-0.015874,-1.59,1.077531,No,0.00,0.00
id#83,1665.4279,6948.96,4516.82,1667.2717,6948.96,9149.44,-0.240504,-24.05,1.076923,No,0.00,0.00
id#84,1665.4279,7635.69,4963.20,1667.2717,7640.06,7690.97,-0.006619,-0.66,1.077540,No,0.00,0.00
id#85,1665.4279,8323.82,5410.48,1667.2717,8330.37,8522.43,-0.022536,-2.25,1.077770,No,0.00,0.00
id#86,1665.4279,6957.78,4522.56,1667.2717,6965.27,8562.57,-0.186545,-18.65,1.078081,No,0.00,0.00
id#87,1665.4279,5285.85,3435.81,1667.2717,5291.44,6748.39,-0.215895,-21.59,1.078062,No,0.00,0.00
id#88,1665.4279,7201.31,4680.85,1667.2717,7208.11,7827.47,-0.079127,-7.91,1.077939,No,0.00,0.00
id#89,1665.4279,3231.88,2100.72,1667.2717,3231.88,4380.28,-0.262175,-26.22,1.076923,No,0.00,0.00
id#90,1665.4279,5418.13,3521.79,1667.2717,5420.03,5439.44,-0.003569,-0.36,1.077300,No,0.00,0.00
id#91,1665.4279,6966.80,4528.42,1667.2717,6968.61,7087.99,-0.016843,-1.68,1.077202,No,0.00,0.00
id#92,1665.4279,7853.41,5104.72,1667.2717,7853.67,8212.17,-0.043654,-4.37,1.076958,No,0.00,0.00
id#93,1665.4279,6448.16,4191.30,1667.2717,6448.16,7880.07,-0.181713,-18.17,1.076923,No,0.00,0.00
id#94,1665.4279,5660.84,3679.55,1667.2717,5667.11,7591.13,-0.253457,-25.35,1.078115,No,0.00,0.00
id#95,1665.4279,7270.37,4725.74,1667.2717,7271.16,7667.89,-0.051740,-5.17,1.077039,No,0.00,0.00
id#96,1665.4279,4208.65,2735.63,1667.2717,4208.65,5137.08,-0.180731,-18.07,1.076923,No,0.00,0.00
id#97,1665.4279,5267.66,3423.98,1667.2717,5269.46,5298.68,-0.005513,-0.55,1.077291,No,0.00,0.00
id#98,1665.4279,5804.08,3772.65,1667.2717,5807.13,5819.82,-0.002181,-0.22,1.077489,No,0.00,0.00
id#99,1665.4279,6714.57,4364.47,1667.2717,6722.01,9031.01,-0.255675,-25.57,1.078115,No,0.00,0.00
id#100,1665.4279,7192.35,4675.03,1667.2717,7198.04,8124.10,-0.113990,-11.40,1.077774,No,0.00,0.00
id#101,1665.4279,5212.88,3388.37,1667.2717,5217.84,6361.95,-0.179836,-17.98,1.077948,No,0.00,0.00
id#102,1665.4279,5174.22,3363.24,1667.2717,5174.22,6671.46,-0.224425,-22.44,1.076923,No,0.00,0.00
id#103,1665.4279,6053.90,3935.04,1667.2717,6056.02,6076.74,-0.003410,-0.34,1.077300,No,0.00,0.00
id#104,1665.4279,4238.81,2755.23,1667.2717,4243.43,5713.53,-0.257302,-25.73,1.078097,No,0.00,0.00
id#105,1665.4279,6387.95,4152.17,1667.2717,6391.43,6410.42,-0.002962,-0.30,1.077510,No,0.00,0.00
id#106,1665.4279,5417.04,3521.08,1667.2717,5417.04,6654.79,-0.185994,-18.60,1.076923,No,0.00,0.00
id#107,1665.4279,4864.80,3162.12,1667.2717,4864.80,7153.27,-0.319919,-31.99,1.076923,No,0.00,0.00
id#108,1665.4279,7552.90,4909.38,1667.2717,7561.26,8369.00,-0.096516,-9.65,1.078115,No,0.00,0.00
id#109,1665.4279,5956.21,3871.53,1667.2717,5962.80,6905.31,-0.136490,-13.65,1.078115,No,0.00,0.00
id#110,1665.4279,5972.38,3882.05,1667.2717,5978.99,8752.61,-0.316890,-31.69,1.078115,No,0.00,0.00
id#111,1665.4279,7802.73,5071.78,1667.2717,7811.37,8685.32,-0.100623,-10.06,1.078115,No,0.00,0.00
id#112,1665.4279,5264.88,3422.17,1667.2717,5264.88,7677.37,-0.314234,-31.42,1.076923,No,0.00,0.00
id#113,1665.4279,4176.21,2714.54,1667.2717,4180.83,5978.14,-0.300646,-30.06,1.078115,No,0.00,0.00
id#114,1665.4279,4958.31,3222.90,1667.2717,4963.80,6733.84,-0.262857,-26.29,1.078115,No,0.00,0.00
id#115,1665.4279,6762.94,4395.91,1667.2717,6768.22,7206.68,-0.060841,-6.08,1.077763,No,0.00,0.00
id#116,1665.4279,7618.98,4952.34,1667.2717,7623.60,7764.62,-0.018162,-1.82,1.077576,No,0.00,0.00
id#117,1665.4279,7729.10,5023.91,1667.2717,7734.38,8008.61,-0.034243,-3.42,1.077659,No,0.00,0.00
id#118,1665.4279,7801.01,5070.66,1667.2717,7809.26,8232.91,-0.051458,-5.15,1.078062,No,0.00,0.00
id#119,1665.4279,6269.98,4075.49,1667.2717,6276.92,9315.53,-0.326188,-32.62,1.078115,No,0.00,0.00
id#120,1665.4279,5317.63,3456.46,1667.2717,5319.62,5323.80,-0.000786,-0.08,1.077326,No,0.00,0.00
id#121,1665.4279,4811.37,3127.39,1667.2717,4816.69,7034.77,-0.315302,-31.53,1.078115,No,0.00,0.00
id#122,1665.4279,5422.84,3524.85,1667.2717,5427.00,5905.21,-0.080981,-8.10,1.077749,No,0.00,0.00
id#123,1665.4279,5529.84,3594.40,1667.2717,5533.09,5603.80,-0.012617,-1.26,1.077557,No,0.00,0.00
id#124,1665.4279,5619.72,3652.82,1667.2717,5621.23,5690.45,-0.012163,-1.22,1.077213,No,0.00,0.00
id#125,1665.4279,5317.26,3456.22,1667.2717,5317.26,6577.37,-0.191583,-19.16,1.076923,No,0.00,0.00
id#126,1665.4279,4878.21,3170.84,1667.2717,4883.61,7544.92,-0.352729,-35.27,1.078115,No,0.00,0.00
id#127,1665.4279,4016.17,2610.51,1667.2717,4016.17,5452.02,-0.263360,-26.34,1.076923,No,0.00,0.00
id#128,1665.4279,7873.00,5117.45,1667.2717,7879.39,8217.81,-0.041181,-4.12,1.077797,No,0.00,0.00
id#129,1665.4279,5068.91,3294.79,1667.2717,5071.57,5097.16,-0.005020,-0.50,1.077489,No,0.00,0.00
id#130,1665.4279,6406.29,4164.09,1667.2717,6406.29,7117.77,-0.099958,-10.00,1.076923,No,0.00,0.00
id#131,1665.4279,7034.95,4572.72,1667.2717,7038.17,7051.66,-0.001912,-0.19,1.077415,No,0.00,0.00
id#132,1665.4279,4631.99,3010.79,1667.2717,4632.52,4906.74,-0.055886,-5.59,1.077047,No,0.00,0.00
id#133,1665.4279,5568.27,3619.37,1667.2717,5573.30,6243.32,-0.107317,-10.73,1.077897,No,0.00,0.00
id#134,1665.4279,7076.51,4599.73,1667.2717,7077.86,7296.17,-0.029922,-2.99,1.077127,No,0.00,0.00
id#135,1665.4279,4571.90,2971.73,1667.2717,4571.90,7127.01,-0.358511,-35.85,1.076923,No,0.00,0.00
id#136,1665.4279,5557.56,3612.42,1667.2717,5563.72,6781.56,-0.179582,-17.96,1.078115,No,0.00,0.00
id#137,1665.4279,5973.01,3882.45,1667.2717,5974.44,6100.40,-0.020646,-2.06,1.077182,No,0.00,0.00
id#138,1665.4279,7462.52,4850.64,1667.2717,7462.52,8170.72,-0.086675,-8.67,1.076923,No,0.00,0.00
id#139,1665.4279,5434.78,3532.61,1667.2717,5434.78,7549.31,-0.280096,-28.01,1.076923,No,0.00,0.00
id#140,1665.4279,7435.46,4833.05,1667.2717,7436.52,7603.79,-0.021998,-2.20,1.077076,No,0.00,0.00
id#141,1665.4279,6719.83,4367.89,1667.2717,6724.79,6811.86,-0.012782,-1.28,1.077717,No,0.00,0.00
id#142,1665.4279,6322.45,4109.59,1667.2717,6322.45,6895.03,-0.083042,-8.30,1.076923,No,0.00,0.00
id#143,1665.4279,5460.02,3549.01,1667.2717,5465.47,6031.76,-0.093884,-9.39,1.077999,No,0.00,0.00
id#144,1665.4279,7076.22,4599.54,1667.2717,7082.83,8261.16,-0.142635,-14.26,1.077929,No,0.00,0.00
id#145,1665.4279,5698.05,3703.73,1667.2717,5698.05,7737.28,-0.263559,-26.36,1.076923,No,0.00,0.00
id#146,1665.4279,6342.14,4122.39,1667.2717,6347.08,7006.85,-0.094161,-9.42,1.077761,No,0.00,0.00
id#147,1665.4279,5392.83,3505.34,1667.2717,5395.93,5536.32,-0.025357,-2.54,1.077544,No,0.00,0.00
id#148,1665.4279,6758.59,4393.08,1667.2717,6763.84,7511.23,-0.099503,-9.95,1.077760,No,0.00,0.00
id#149,1665.4279,6461.79,4200.16,1667.2717,6468.94,8409.49,-0.230756,-23.08,1.078115,No,0.00,0.00
id#150,1665.4279,5248.96,3411.83,1667.2717,5248.96,6385.07,-0.177932,-17.79,1.076923,No,0.00,0.00
id#151,1665.4279,5656.43,3676.68,1667.2717,5656.43,6673.86,-0.152451,-15.25,1.076923,No,0.00,0.00
id#152,1665.4279,7010.10,4556.57,1667.2717,7017.86,8810.76,-0.203489,-20.35,1.078115,No,0.00,0.00
id#153,1665.4279,6797.91,4418.64,1667.2717,6805.43,9012.67,-0.244904,-24.49,1.078115,No,0.00,0.00
id#154,1665.4279,5569.66,3620.28,1667.2717,5571.58,5590.16,-0.003324,-0.33,1.077293,No,0.00,0.00
id#155,1665.4279,5055.84,3286.30,1667.2717,5061.44,7861.28,-0.356155,-35.62,1.078115,No,0.00,0.00
id#156,1665.4279,5420.41,3523.27,1667.2717,5424.05,5639.98,-0.038286,-3.83,1.077647,No,0.00,0.00
id#157,1665.4279,6971.12,4531.23,1667.2717,6978.83,8257.94,-0.154894,-15.49,1.078115,No,0.00,0.00
id#158,1665.4279,5543.93,3603.55,1667.2717,5546.68,5546.71,-0.000006,-0.00,1.077458,No,0.00,0.00
id#159,1665.4279,7452.44,4844.09,1667.2717,7456.76,7525.63,-0.009151,-0.92,1.077547,No,0.00,0.00
id#160,1665.4279,6931.23,4505.30,1667.2717,6934.71,6953.75,-0.002738,-0.27,1.077463,No,0.00,0.00
id#161,1665.4279,5669.94,3685.46,1667.2717,5676.22,7402.57,-0.233210,-23.32,1.078115,No,0.00,0.00
id#162,1665.4279,4562.87,2965.87,1667.2717,4562.87,5951.42,-0.233314,-23.33,1.076923,No,0.00,0.00
id#163,1665.4279,6945.03,4514.27,1667.2717,6951.82,7635.41,-0.089529,-8.95,1.077976,No,0.00,0.00
id#164,1665.4279,7638.46,4965.00,1667.2717,7639.35,8019.66,-0.047423,-4.74,1.077048,No,0.00,0.00
id#165,1665.4279,6192.58,4025.18,1667.2717,6193.44,6484.28,-0.044853,-4.49,1.077073,No,0.00,0.00
id#166,1665.4279,5266.05,3422.93,1667.2717,5266.05,7219.12,-0.270540,-27.05,1.076923,No,0.00,0.00
id#167,1665.4279,5795.57,3767.12,1667.2717,5795.57,7037.33,-0.176454,-17.65,1.076923,No,0.00,0.00
id#168,1665.4279,7561.38,4914.89,1667.2717,7567.43,8088.38,-0.064408,-6.44,1.077785,No,0.00,0.00
id#169,1665.4279,7338.09,4769.76,1667.2717,7346.21,8284.78,-0.113289,-11.33,1.078115,No,0.00,0.00
id#170,1665.4279,5679.46,3691.65,1667.2717,5679.46,5898.69,-0.037166,-3.72,1.076923,No,0.00,0.00
id#171,1665.4279,6564.18,4266.72,1667.2717,6565.74,6705.66,-0.020865,-2.09,1.077179,No,0.00,0.00
id#172,1665.4279,5995.11,3896.82,1667.2717,5995.11,6887.43,-0.129557,-12.96,1.076923,No,0.00,0.00
id#173,1665.4279,5907.60,3839.94,1667.2717,5914.14,8134.86,-0.272988,-27.30,1.078115,No,0.00,0.00
id#174,1665.4279,7496.60,4872.79,1667.2717,7502.26,8035.90,-0.066406,-6.64,1.077736,No,0.00,0.00
id#175,1665.4279,6613.75,4298.94,1667.2717,6618.51,7057.16,-0.062157,-6.22,1.077697,No,0.00,0.00
id#176,1665.4279,6808.05,4425.23,1667.2717,6808.05,8529.97,-0.201867,-20.19,1.076923,No,0.00,0.00
id#177,1665.4279,5975.82,3884.28,1667.2717,5978.69,6008.45,-0.004953,-0.50,1.077440,No,0.00,0.00
id#178,1665.4279,5176.34,3364.62,1667.2717,5182.07,6847.56,-0.243224,-24.32,1.078115,No,0.00,0.00
id#179,1665.4279,4958.12,3222.78,1667.2717,4961.46,5109.03,-0.028885,-2.89,1.077649,No,0.00,0.00
id#180,1665.4279,5693.08,3700.50,1667.2717,5694.61,5780.14,-0.014799,-1.48,1.077211,No,0.00,0.00
id#181,1665.4279,4303.22,2797.09,1667.2717,4307.98,5759.48,-0.252019,-25.20,1.078115,No,0.00,0.00
id#182,1665.4279,6607.85,4295.10,1667.2717,6612.51,6740.71,-0.019019,-1.90,1.077683,No,0.00,0.00
id#183,1665.4279,4060.59,2639.38,1667.2717,4065.09,6479.54,-0.372628,-37.26,1.078115,No,0.00,0.00
id#184,1665.4279,5092.77,3310.30,1667.2717,5092.79,5619.08,-0.093662,-9.37,1.076928,No,0.00,0.00
id#185,1665.4279,6756.95,4392.02,1667.2717,6757.88,7058.49,-0.042588,-4.26,1.077072,No,0.00,0.00
id#186,1665.4279,4675.83,3039.29,1667.2717,4681.01,6029.21,-0.223612,-22.36,1.078115,No,0.00,0.00
id#187,1665.4279,6593.73,4285.92,1667.2717,6596.26,6607.41,-0.001688,-0.17,1.077337,No,0.00,0.00
id#188,1665.4279,4625.49,3006.57,1667.2717,4629.63,5476.07,-0.154571,-15.46,1.077888,No,0.00,0.00
id#189,1665.4279,6930.10,4504.57,1667.2717,6930.10,8237.44,-0.158707,-15.87,1.076923,No,0.00,0.00
id#190,1665.4279,6591.26,4284.32,1667.2717,6593.91,6603.71,-0.001484,-0.15,1.077356,No,0.00,0.00
id#191,1665.4279,3807.49,2474.87,1667.2717,3811.70,5716.42,-0.333201,-33.32,1.078115,No,0.00,0.00
id#192,1665.4279,7316.24,4755.56,1667.2717,7321.27,7375.95,-0.007413,-0.74,1.077664,No,0.00,0.00
id#193,1665.4279,7906.94,5139.51,1667.2717,7913.65,8219.03,-0.037156,-3.72,1.077837,No,0.00,0.00
id#194,1665.4279,6401.21,4160.79,1667.2717,6406.80,6527.62,-0.018508,-1.85,1.077864,No,0.00,0.00
id#195,1665.4279,6646.05,4319.93,1667.2717,6652.15,7802.72,-0.147458,-14.75,1.077911,No,0.00,0.00
id#196,1665.4279,5395.06,3506.79,1667.2717,5395.06,5941.34,-0.091946,-9.19,1.076923,No,0.00,0.00
id#197,1665.4279,6736.39,4378.65,1667.2717,6743.85,8140.14,-0.171532,-17.15,1.078115,No,0.00,0.00
id#198,1665.4279,5860.59,3809.38,1667.2717,5860.59,6258.57,-0.063590,-6.36,1.076923,No,0.00,0.00
id#199,1665.4279,4867.70,3164.00,1667.2717,4873.09,6992.03,-0.303051,-30.31,1.078115,No,0.00,0.00
id#200,1665.4279,7124.96,4631.22,1667.2717,7125.75,7515.20,-0.051821,-5.18,1.077043,No,0.00,0.00
id#201,1665.4279,4580.33,2977.21,1667.2717,4580.33,5153.53,-0.111224,-11.12,1.076923,No,0.00,0.00
id#202,1665.4279,4901.42,3185.92,1667.2717,4901.42,5377.60,-0.088549,-8.85,1.076923,No,0.00,0.00
id#203,1665.4279,7402.80,4811.82,1667.2717,7402.80,8210.59,-0.098383,-9.84,1.076923,No,0.00,0.00
id#204,1665.4279,7722.54,5019.65,1667.2717,7726.43,7748.11,-0.002798,-0.28,1.077465,No,0.00,0.00
id#205,1665.4279,8267.68,5373.99,1667.2717,8272.74,8320.04,-0.005685,-0.57,1.077582,No,0.00,0.00
id#206,1665.4279,8389.04,5452.87,1667.2717,8391.85,8444.33,-0.006216,-0.62,1.077284,No,0.00,0.00
id#207,1665.4279,5712.98,3713.44,1667.2717,5715.30,5724.09,-0.001535,-0.15,1.077360,No,0.00,0.00
id#208,1665.4279,3973.13,2582.54,1667.2717,3973.13,4854.40,-0.181540,-18.15,1.076923,No,0.00,0.00
id#209,1665.4279,8120.31,5278.20,1667.2717,8122.51,8170.97,-0.005930,-0.59,1.077215,No,0.00,0.00
id#210,1665.4279,6571.93,4271.75,1667.2717,6577.49,6665.17,-0.013154,-1.32,1.077835,No,0.00,0.00
id#211,1665.4279,5778.58,3756.08,1667.2717,5782.60,5924.39,-0.023934,-2.39,1.077671,No,0.00,0.00
id#212,1665.4279,5439.46,3535.65,1667.2717,5439.46,7488.66,-0.273641,-27.36,1.076923,No,0.00,0.00
id#213,1665.4279,5701.42,3705.92,1667.2717,5704.86,5745.43,-0.007061,-0.71,1.077572,No,0.00,0.00
id#214,1665.4279,7601.63,4941.06,1667.2717,7602.96,7797.06,-0.024894,-2.49,1.077112,No,0.00,0.00
id#215,1665.4279,5419.27,3522.53,1667.2717,5425.27,8163.48,-0.335422,-33.54,1.078115,No,0.00,0.00
id#216,1665.4279,4969.61,3230.25,1667.2717,4975.12,5565.18,-0.106028,-10.60,1.078115,No,0.00,0.00
id#217,1665.4279,4215.20,2739.88,1667.2717,4215.20,5373.78,-0.215599,-21.56,1.076923,No,0.00,0.00
id#218,1665.4279,7969.06,5179.89,1667.2717,7972.09,7995.24,-0.002896,-0.29,1.077333,No,0.00,0.00
id#219,1665.4279,7820.81,5083.52,1667.2717,7823.62,7843.03,-0.002475,-0.25,1.077310,No,0.00,0.00
id#220,1665.4279,5254.80,3415.62,1667.2717,5254.80,7304.62,-0.280619,-28.06,1.076923,No,0.00,0.00
id#221,1665.4279,5828.27,3788.38,1667.2717,5834.72,8580.61,-0.320010,-32.00,1.078115,No,0.00,0.00
id#222,1665.4279,5394.71,3506.56,1667.2717,5400.68,6874.82,-0.214426,-21.44,1.078115,No,0.00,0.00
id#223,1665.4279,5709.01,3710.85,1667.2717,5709.01,6929.95,-0.176183,-17.62,1.076923,No,0.00,0.00
id#224,1665.4279,6096.61,3962.80,1667.2717,6097.20,6488.30,-0.060278,-6.03,1.077027,No,0.00,0.00
id#225,1665.4279,7400.11,4810.07,1667.2717,7402.58,7448.33,-0.006143,-0.61,1.077283,No,0.00,0.00
id#226,1665.4279,5333.57,3466.82,1667.2717,5333.57,6259.00,-0.147856,-14.79,1.076923,No,0.00,0.00
id#227,1665.4279,7080.79,4602.51,1667.2717,7080.79,7488.09,-0.054392,-5.44,1.076923,No,0.00,0.00
id#228,1665.4279,5702.30,3706.49,1667.2717,5702.30,6809.09,-0.162546,-16.25,1.076923,No,0.00,0.00
id#229,1665.4279,5627.60,3657.94,1667.2717,5629.60,5651.68,-0.003908,-0.39,1.077305,No,0.00,0.00
id#230,1665.4279,5715.73,3715.23,1667.2717,5719.87,6198.46,-0.077211,-7.72,1.077702,No,0.00,0.00
id#231,1665.4279,5626.78,3657.41,1667.2717,5633.01,7775.64,-0.275556,-27.56,1.078115,No,0.00,0.00
id#232,1665.4279,5210.65,3386.92,1667.2717,5210.65,6052.74,-0.139125,-13.91,1.076923,No,0.00,0.00
id#233,1665.4279,7727.57,5022.92,1667.2717,7731.93,7914.54,-0.023073,-2.31,1.077531,No,0.00,0.00
id#234,1665.4279,4639.73,3015.83,1667.2717,4639.73,5556.08,-0.164926,-16.49,1.076923,No,0.00,0.00
id#235,1665.4279,7398.76,4809.19,1667.2717,7399.76,7716.53,-0.041051,-4.11,1.077069,No,0.00,0.00
id#236,1665.4279,6083.34,3954.17,1667.2717,6089.51,6741.94,-0.096771,-9.68,1.078017,No,0.00,0.00
id#237,1665.4279,5010.05,3256.53,1667.2717,5010.05,6273.22,-0.201360,-20.14,1.076923,No,0.00,0.00
id#238,1665.4279,5493.82,3570.98,1667.2717,5499.90,8607.90,-0.361064,-36.11,1.078115,No,0.00,0.00
id#239,1665.4279,6180.54,4017.35,1667.2717,6187.38,8326.64,-0.256917,-25.69,1.078115,No,0.00,0.00
id#240,1665.4279,7013.32,4558.66,1667.2717,7018.49,7706.52,-0.089279,-8.93,1.077717,No,0.00,0.00
id#241,1665.4279,6479.92,4211.95,1667.2717,6487.10,7633.02,-0.150127,-15.01,1.078115,No,0.00,0.00
id#242,1665.4279,6874.02,4468.11,1667.2717,6876.88,6884.80,-0.001150,-0.12,1.077372,No,0.00,0.00
id#243,1665.4279,4312.95,2803.42,1667.2717,4317.73,5885.09,-0.266327,-26.63,1.078115,No,0.00,0.00
id#244,1665.4279,6106.47,3969.21,1667.2717,6108.08,6172.14,-0.010378,-1.04,1.077206,No,0.00,0.00
id#245,1665.4279,6594.63,4286.51,1667.2717,6598.39,6708.05,-0.016349,-1.63,1.077536,No,0.00,0.00
id#246,1665.4279,6710.03,4361.52,1667.2717,6712.43,6740.05,-0.004097,-0.41,1.077309,No,0.00,0.00
id#247,1665.4279,5920.45,3848.29,1667.2717,5920.45,8571.32,-0.309272,-30.93,1.076923,No,0.00,0.00
id#248,1665.4279,8206.85,5334.45,1667.2717,8210.12,8226.89,-0.002038,-0.20,1.077353,No,0.00,0.00
id#249,1665.4279,7341.45,4771.94,1667.2717,7341.56,7951.94,-0.076758,-7.68,1.076940,No,0.00,0.00
id#250,1665.4279,4999.73,3249.82,1667.2717,5003.22,5161.36,-0.030638,-3.06,1.077676,No,0.00,0.00
id#251,1665.4279,4908.57,3190.57,1667.2717,4908.57,6267.64,-0.216839,-21.68,1.076923,No,0.00,0.00
id#252,1665.4279,5997.85,3898.61,1667.2717,6002.23,6155.43,-0.024888,-2.49,1.077709,No,0.00,0.00
id#253,1665.4279,4947.37,3215.79,1667.2717,4947.37,5781.40,-0.144262,-14.43,1.076923,No,0.00,0.00
id#254,1665.4279,5035.88,3273.32,1667.2717,5035.88,5856.80,-0.140165,-14.02,1.076923,No,0.00,0.00
id#255,1665.4279,6142.98,3992.94,1667.2717,6142.98,7005.24,-0.123087,-12.31,1.076923,No,0.00,0.00
id#256,1665.4279,5401.84,3511.19,1667.2717,5403.49,5445.81,-0.007770,-0.78,1.077253,No,0.00,0.00
id#257,1665.4279,6293.95,4091.07,1667.2717,6300.92,8053.40,-0.217608,-21.76,1.078115,No,0.00,0.00
id#258,1665.4279,6161.46,4004.95,1667.2717,6161.62,6363.90,-0.031786,-3.18,1.076952,No,0.00,0.00
id#259,1665.4279,5871.50,3816.47,1667.2717,5878.00,8291.13,-0.291050,-29.10,1.078115,No,0.00,0.00
id#260,1665.4279,9076.79,5899.91,1667.2717,9080.85,9086.25,-0.000594,-0.06,1.077405,No,0.00,0.00
id#261,1665.4279,5698.88,3704.27,1667.2717,5698.88,8039.93,-0.291178,-29.12,1.076923,No,0.00,0.00
id#262,1665.4279,6511.27,4232.33,1667.2717,6511.27,7183.91,-0.093631,-9.36,1.076923,No,0.00,0.00
id#263,1665.4279,4908.94,3190.81,1667.2717,4913.86,5651.60,-0.130538,-13.05,1.078001,No,0.00,0.00
id#264,1665.4279,5505.45,3578.54,1667.2717,5509.36,5637.05,-0.022653,-2.27,1.077686,No,0.00,0.00
id#265,1665.4279,6715.05,4364.78,1667.2717,6717.86,6719.42,-0.000232,-0.02,1.077374,No,0.00,0.00
id#266,1665.4279,5135.31,3337.95,1667.2717,5135.31,6633.23,-0.225821,-22.58,1.076923,No,0.00,0.00
id#267,1665.4279,8790.91,5714.09,1667.2717,8794.88,8799.74,-0.000552,-0.06,1.077409,No,0.00,0.00
id#268,1665.4279,6720.92,4368.60,1667.2717,6721.26,6865.34,-0.020987,-2.10,1.076978,No,0.00,0.00
id#269,1665.4279,6639.58,4315.73,1667.2717,6646.93,8207.72,-0.190161,-19.02,1.078115,No,0.00,0.00
id#270,1665.4279,4944.63,3214.01,1667.2717,4950.11,7531.61,-0.342756,-34.28,1.078115,No,0.00,0.00
id#271,1665.4279,8586.14,5580.99,1667.2717,8586.14,9278.98,-0.074667,-7.47,1.076923,No,0.00,0.00
id#272,1665.4279,8223.62,5345.35,1667.2717,8228.04,8239.60,-0.001403,-0.14,1.077501,No,0.00,0.00
id#273,1665.4279,4392.73,2855.27,1667.2717,4392.73,5697.97,-0.229072,-22.91,1.076923,No,0.00,0.00
id#274,1665.4279,6537.27,4249.22,1667.2717,6544.34,7544.36,-0.132552,-13.26,1.078088,No,0.00,0.00
id#275,1665.4279,6542.77,4252.80,1667.2717,6550.02,8217.91,-0.202958,-20.30,1.078115,No,0.00,0.00
id#276,1665.4279,5784.40,3759.86,1667.2717,5784.40,7162.05,-0.192353,-19.24,1.076923,No,0.00,0.00
id#277,1665.4279,4238.69,2755.15,1667.2717,4238.69,5625.05,-0.246461,-24.65,1.076923,No,0.00,0.00
id#278,1665.4279,6445.18,4189.37,1667.2717,6445.18,6706.70,-0.038994,-3.90,1.076923,No,0.00,0.00
id#279,1665.4279,7825.01,5086.26,1667.2717,7826.96,7961.04,-0.016842,-1.68,1.077192,No,0.00,0.00
id#280,1665.4279,3718.78,2417.21,1667.2717,3718.78,5087.28,-0.269005,-26.90,1.076923,No,0.00,0.00
id#281,1665.4279,5770.39,3750.75,1667.2717,5770.39,6874.14,-0.160566,-16.06,1.076923,No,0.00,0.00
id#282,1665.4279,7291.01,4739.16,1667.2717,7293.02,7389.93,-0.013114,-1.31,1.077220,No,0.00,0.00
id#283,1665.4279,4629.15,3008.95,1667.2717,4629.61,4895.52,-0.054318,-5.43,1.077029,No,0.00,0.00
id#284,1665.4279,5401.85,3511.20,1667.2717,5401.85,6433.21,-0.160318,-16.03,1.076923,No,0.00,0.00
id#285,1665.4279,6134.03,3987.12,1667.2717,6134.03,6868.62,-0.106949,-10.69,1.076923,No,0.00,0.00
id#286,1665.4279,7675.04,4988.77,1667.2717,7675.04,8294.29,-0.074661,-7.47,1.076923,No,0.00,0.00
id#287,1665.4279,7309.45,4751.14,1667.2717,7313.30,7402.41,-0.012038,-1.20,1.077490,No,0.00,0.00
id#288,1665.4279,8294.18,5391.21,1667.2717,8303.36,9279.42,-0.105186,-10.52,1.078115,No,0.00,0.00
id#289,1665.4279,5112.50,3323.12,1667.2717,5116.27,5560.41,-0.079874,-7.99,1.077719,No,0.00,0.00
id#290,1665.4279,6350.45,4127.79,1667.2717,6357.48,8823.43,-0.279478,-27.95,1.078115,No,0.00,0.00
id#291,1665.4279,6380.31,4147.20,1667.2717,6385.47,6772.99,-0.057215,-5.72,1.077795,No,0.00,0.00
id#292,1665.4279,4079.81,2651.88,1667.2717,4084.33,5585.49,-0.268761,-26.88,1.078115,No,0.00,0.00
id#293,1665.4279,5043.10,3278.01,1667.2717,5048.68,6554.70,-0.229762,-22.98,1.078115,No,0.00,0.00
id#294,1665.4279,4845.54,3149.60,1667.2717,4845.54,6475.08,-0.251663,-25.17,1.076923,No,0.00,0.00
id#295,1665.4279,5289.54,3438.20,1667.2717,5289.54,6804.37,-0.222626,-22.26,1.076923,No,0.00,0.00
id#296,1665.4279,5032.29,3270.99,1667.2717,5036.90,5451.84,-0.076111,-7.61,1.077909,No,0.00,0.00
id#297,1665.4279,7358.34,4782.92,1667.2717,7358.34,9036.96,-0.185751,-18.58,1.076923,No,0.00,0.00
id#298,1665.4279,7600.75,4940.49,1667.2717,7606.07,8098.35,-0.060788,-6.08,1.077677,No,0.00,0.00
id#299,1665.4279,7855.01,5105.76,1667.2717,7857.28,7901.62,-0.005612,-0.56,1.077235,No,0.00,0.00
id#300,1665.4279,7722.27,5019.47,1667.2717,7728.53,8433.19,-0.083558,-8.36,1.077796,No,0.00,0.00
id#301,1665.4279,5965.76,3877.74,1667.2717,5972.36,6529.85,-0.085375,-8.54,1.078115,No,0.00,0.00
id#302,1665.4279,4581.15,2977.75,1667.2717,4586.23,6002.26,-0.235917,-23.59,1.078115,No,0.00,0.00
id#303,1665.4279,4356.00,2831.40,1667.2717,4360.82,6017.53,-0.275313,-27.53,1.078115,No,0.00,0.00
id#304,1665.4279,4092.88,2660.37,1667.2717,4097.41,5701.04,-0.281286,-28.13,1.078115,No,0.00,0.00
id#305,1665.4279,4699.65,3054.78,1667.2717,4704.55,5383.73,-0.126153,-12.62,1.078045,No,0.00,0.00
id#306,1665.4279,3917.51,2546.38,1667.2717,3917.51,4972.78,-0.212208,-21.22,1.076923,No,0.00,0.00
id#307,1665.4279,7343.05,4772.98,1667.2717,7348.37,7739.52,-0.050539,-5.05,1.077703,No,0.00,0.00
id#308,1665.4279,5157.94,3352.66,1667.2717,5157.94,6444.04,-0.199579,-19.96,1.076923,No,0.00,0.00
id#309,1665.4279,8120.74,5278.48,1667.2717,8129.73,9465.51,-0.141121,-14.11,1.078115,No,0.00,0.00
id#310,1665.4279,5915.97,3845.38,1667.2717,5915.97,6356.88,-0.069359,-6.94,1.076923,No,0.00,0.00
id#311,1665.4279,4371.73,2841.63,1667.2717,4371.73,6006.29,-0.272141,-27.21,1.076923,No,0.00,0.00
id#312,1665.4279,5030.79,3270.01,1667.2717,5036.36,6853.83,-0.265176,-26.52,1.078115,No,0.00,0.00
id#313,1665.4279,4419.35,2872.58,1667.2717,4424.25,6012.22,-0.264125,-26.41,1.078115,No,0.00,0.00
id#314,1665.4279,7289.75,4738.33,1667.2717,7297.57,8355.63,-0.126628,-12.66,1.078079,No,0.00,0.00
id#315,1665.4279,3697.24,2403.21,1667.2717,3697.24,4941.11,-0.251739,-25.17,1.076923,No,0.00,0.00
id#316,1665.4279,6613.86,4299.01,1667.2717,6616.41,6630.57,-0.002135,-0.21,1.077340,No,0.00,0.00
id#317,1665.4279,6222.41,4044.56,1667.2717,6229.29,8857.32,-0.296707,-29.67,1.078115,No,0.00,0.00
id#318,1665.4279,6166.00,4007.90,1667.2717,6166.00,6786.89,-0.091484,-9.15,1.076923,No,0.00,0.00
id#319,1665.4279,7631.38,4960.40,1667.2717,7635.21,7638.55,-0.000437,-0.04,1.077464,No,0.00,0.00
id#320,1665.4279,4693.24,3050.61,1667.2717,4693.24,5687.16,-0.174765,-17.48,1.076923,No,0.00,0.00
id#321,1665.4279,5838.05,3794.73,1667.2717,5844.51,8249.94,-0.291569,-29.16,1.078115,No,0.00,0.00
id#322,1665.4279,5811.13,3777.23,1667.2717,5817.56,8163.74,-0.287391,-28.74,1.078115,No,0.00,0.00
id#323,1665.4279,4957.84,3222.59,1667.2717,4957.84,6749.09,-0.265407,-26.54,1.076923,No,0.00,0.00
id#324,1665.4279,6730.95,4375.12,1667.2717,6737.06,8166.66,-0.175053,-17.51,1.077900,No,0.00,0.00
id#325,1665.4279,5333.17,3466.56,1667.2717,5334.45,5431.89,-0.017940,-1.79,1.077181,No,0.00,0.00
id#326,1665.4279,5466.46,3553.20,1667.2717,5466.46,6447.69,-0.152183,-15.22,1.076923,No,0.00,0.00
id#327,1665.4279,4082.05,2653.33,1667.2717,4086.57,5607.13,-0.271183,-27.12,1.078115,No,0.00,0.00
id#328,1665.4279,6211.24,4037.31,1667.2717,6211.24,7256.17,-0.144005,-14.40,1.076923,No,0.00,0.00
id#329,1665.4279,5696.43,3702.68,1667.2717,5702.73,7607.24,-0.250355,-25.04,1.078115,No,0.00,0.00
id#330,1665.4279,4265.41,2772.52,1667.2717,4265.41,6036.35,-0.293380,-29.34,1.076923,No,0.00,0.00
id#331,1665.4279,5590.47,3633.80,1667.2717,5590.47,7670.00,-0.271126,-27.11,1.076923,No,0.00,0.00
id#332,1665.4279,5070.69,3295.95,1667.2717,5071.79,5200.76,-0.024798,-2.48,1.077158,No,0.00,0.00
id#333,1665.4279,6977.89,4535.63,1667.2717,6984.13,7672.21,-0.089685,-8.97,1.077887,No,0.00,0.00
id#334,1665.4279,8199.90,5329.93,1667.2717,8202.22,8306.07,-0.012503,-1.25,1.077228,No,0.00,0.00
id#335,1665.4279,6625.80,4306.77,1667.2717,6625.80,7877.20,-0.158864,-15.89,1.076923,No,0.00,0.00
id#336,1665.4279,5959.01,3873.35,1667.2717,5959.01,8781.36,-0.321403,-32.14,1.076923,No,0.00,0.00
id#337,1665.4279,5457.38,3547.30,1667.2717,5460.49,5588.45,-0.022896,-2.29,1.077538,No,0.00,0.00
id#338,1665.4279,6765.10,4397.32,1667.2717,6772.05,8685.24,-0.220280,-22.03,1.078030,No,0.00,0.00
id#339,1665.4279,4943.73,3213.42,1667.2717,4945.38,4970.18,-0.004990,-0.50,1.077283,No,0.00,0.00
id#340,1665.4279,5456.08,3546.45,1667.2717,5458.56,5464.56,-0.001099,-0.11,1.077413,No,0.00,0.00
id#341,1665.4279,5968.05,3879.23,1667.2717,5971.62,6039.63,-0.011261,-1.13,1.077568,No,0.00,0.00
id#342,1665.4279,7307.67,4749.99,1667.2717,7312.04,7426.86,-0.015460,-1.55,1.077567,No,0.00,0.00
id#343,1665.4279,7009.30,4556.04,1667.2717,7014.62,7190.30,-0.024434,-2.44,1.077740,No,0.00,0.00
id#344,1665.4279,7881.25,5122.81,1667.2717,7881.25,9011.55,-0.125428,-12.54,1.076923,No,0.00,0.00
id#345,1665.4279,7132.29,4635.99,1667.2717,7134.07,7267.60,-0.018373,-1.84,1.077192,No,0.00,0.00
id#346,1665.4279,5947.09,3865.61,1667.2717,5953.67,8464.73,-0.296649,-29.66,1.078115,No,0.00,0.00
id#347,1665.4279,6505.24,4228.41,1667.2717,6505.40,7055.35,-0.077947,-7.79,1.076949,No,0.00,0.00
id#348,1665.4279,5642.58,3667.68,1667.2717,5648.83,6386.03,-0.115440,-11.54,1.078115,No,0.00,0.00
id#349,1665.4279,6384.12,4149.68,1667.2717,6391.19,7969.96,-0.198090,-19.81,1.078115,No,0.00,0.00
id#350,1665.4279,8590.72,5583.97,1667.2717,8595.46,8609.20,-0.001596,-0.16,1.077517,No,0.00,0.00
id#351,1665.4279,6229.67,4049.28,1667.2717,6229.67,8037.97,-0.224970,-22.50,1.076923,No,0.00,0.00
id#352,1665.4279,5120.50,3328.33,1667.2717,5120.86,5391.24,-0.050152,-5.02,1.076998,No,0.00,0.00
id#353,1665.4279,4607.46,2994.85,1667.2717,4607.46,6437.62,-0.284292,-28.43,1.076923,No,0.00,0.00
id#354,1665.4279,4984.70,3240.05,1667.2717,4990.22,5817.92,-0.142268,-14.23,1.078115,No,0.00,0.00
id#355,1665.4279,5162.75,3355.79,1667.2717,5163.65,5309.21,-0.027416,-2.74,1.077112,No,0.00,0.00
id#356,1665.4279,7935.85,5158.30,1667.2717,7941.00,8279.15,-0.040845,-4.08,1.077622,No,0.00,0.00
id#357,1665.4279,6211.67,4037.58,1667.2717,6217.04,7092.42,-0.123425,-12.34,1.077855,No,0.00,0.00
id#358,1665.4279,6496.44,4222.69,1667.2717,6499.82,6504.36,-0.000698,-0.07,1.077482,No,0.00,0.00
id#359,1665.4279,5402.89,3511.88,1667.2717,5407.64,6000.89,-0.098860,-9.89,1.077869,No,0.00,0.00
id#360,1665.4279,4160.19,2704.12,1667.2717,4160.19,4662.02,-0.107643,-10.76,1.076923,No,0.00,0.00
id#361,1665.4279,5845.27,3799.43,1667.2717,5845.27,7255.26,-0.194341,-19.43,1.076923,No,0.00,0.00
id#362,1665.4279,4902.48,3186.61,1667.2717,4902.48,5475.06,-0.104580,-10.46,1.076923,No,0.00,0.00
id#363,1665.4279,7832.53,5091.14,1667.2717,7832.53,8130.99,-0.036707,-3.67,1.076923,No,0.00,0.00
id#364,1665.4279,5542.25,3602.46,1667.2717,5542.92,5764.05,-0.038363,-3.84,1.077054,No,0.00,0.00
id#365,1665.4279,7021.33,4563.86,1667.2717,7028.47,8424.34,-0.165695,-16.57,1.078019,No,0.00,0.00
id#366,1665.4279,4468.89,2904.78,1667.2717,4468.89,6080.84,-0.265087,-26.51,1.076923,No,0.00,0.00
id#367,1665.4279,8317.96,5406.68,1667.2717,8321.01,8349.51,-0.003413,-0.34,1.077317,No,0.00,0.00
id#368,1665.4279,7273.38,4727.70,1667.2717,7273.38,8290.01,-0.122632,-12.26,1.076923,No,0.00,0.00
id#369,1665.4279,6832.29,4440.99,1667.2717,6839.86,9050.55,-0.244260,-24.43,1.078115,No,0.00,0.00
id#370,1665.4279,5898.03,3833.72,1667.2717,5904.56,6935.62,-0.148662,-14.87,1.078115,No,0.00,0.00
id#371,1665.4279,5142.58,3342.67,1667.2717,5142.58,6944.59,-0.259485,-25.95,1.076923,No,0.00,0.00
id#372,1665.4279,6694.14,4351.19,1667.2717,6698.10,6711.06,-0.001931,-0.19,1.077561,No,0.00,0.00
id#373,1665.4279,5514.29,3584.29,1667.2717,5520.39,8133.67,-0.321292,-32.13,1.078115,No,0.00,0.00
id#374,1665.4279,6454.67,4195.54,1667.2717,6461.82,7497.72,-0.138161,-13.82,1.078115,No,0.00,0.00
id#375,1665.4279,5269.63,3425.26,1667.2717,5273.35,5456.60,-0.033583,-3.36,1.077683,No,0.00,0.00
id#376,1665.4279,6282.61,4083.70,1667.2717,6287.11,6721.50,-0.064627,-6.46,1.077694,No,0.00,0.00
id#377,1665.4279,6063.07,3940.99,1667.2717,6063.07,7114.22,-0.147753,-14.78,1.076923,No,0.00,0.00
id#378,1665.4279,6018.07,3911.74,1667.2717,6019.18,6179.97,-0.026019,-2.60,1.077121,No,0.00,0.00
id#379,1665.4279,5658.74,3678.18,1667.2717,5664.39,5995.25,-0.055188,-5.52,1.077997,No,0.00,0.00
id#380,1665.4279,6252.57,4064.17,1667.2717,6254.22,6352.17,-0.015420,-1.54,1.077208,No,0.00,0.00
id#381,1665.4279,6745.36,4384.48,1667.2717,6747.32,6826.15,-0.011549,-1.15,1.077235,No,0.00,0.00
id#382,1665.4279,6709.16,4360.95,1667.2717,6709.16,7831.82,-0.143346,-14.33,1.076923,No,0.00,0.00
id#383,1665.4279,6444.09,4188.66,1667.2717,6446.17,6482.35,-0.005582,-0.56,1.077271,No,0.00,0.00
id#384,1665.4279,6395.40,4157.01,1667.2717,6399.51,6694.20,-0.044022,-4.40,1.077615,No,0.00,0.00
id#385,1665.4279,4956.82,3221.93,1667.2717,4957.82,5110.40,-0.029857,-2.99,1.077141,No,0.00,0.00
id#386,1665.4279,6046.10,3929.96,1667.2717,6046.10,7180.58,-0.157993,-15.80,1.076923,No,0.00,0.00
id#387,1665.4279,6543.60,4253.34,1667.2717,6543.60,8559.66,-0.235530,-23.55,1.076923,No,0.00,0.00
id#388,1665.4279,8274.38,5378.35,1667.2717,8274.38,8717.77,-0.050860,-5.09,1.076923,No,0.00,0.00
id#389,1665.4279,5404.68,3513.04,1667.2717,5407.05,5407.08,-0.000006,-0.00,1.077395,No,0.00,0.00
id#390,1665.4279,6384.03,4149.62,1667.2717,6388.34,6532.02,-0.021997,-2.20,1.077650,No,0.00,0.00
id#391,1665.4279,6350.39,4127.75,1667.2717,6357.42,8637.01,-0.263933,-26.39,1.078115,No,0.00,0.00
id#392,1665.4279,4731.01,3075.16,1667.2717,4736.25,6120.88,-0.226214,-22.62,1.078115,No,0.00,0.00
id#393,1665.4279,6926.09,4501.96,1667.2717,6926.09,7470.39,-0.072861,-7.29,1.076923,No,0.00,0.00
id#394,1665.4279,4422.87,2874.87,1667.2717,4423.58,4618.79,-0.042262,-4.23,1.077097,No,0.00,0.00
id#395,1665.4279,8642.20,5617.43,1667.2717,8646.20,8648.50,-0.000267,-0.03,1.077420,No,0.00,0.00
id#396,1665.4279,7568.46,4919.50,1667.2717,7571.52,7578.16,-0.000876,-0.09,1.077358,No,0.00,0.00
id#397,1665.4279,5624.90,3656.19,1667.2717,5624.90,6624.55,-0.150901,-15.09,1.076923,No,0.00,0.00
id#398,1665.4279,4699.47,3054.66,1667.2717,4704.23,5683.40,-0.172287,-17.23,1.078012,No,0.00,0.00
id#399,1665.4279,4613.81,2998.98,1667.2717,4613.81,6315.17,-0.269408,-26.94,1.076923,No,0.00,0.00
id#400,1665.4279,6004.34,3902.82,1667.2717,6004.97,6241.76,-0.037937,-3.79,1.077035,No,0.00,0.00
id#401,1665.4279,7387.06,4801.59,1667.2717,7392.69,7505.65,-0.015050,-1.50,1.077744,No,0.00,0.00
id#402,1665.4279,7539.11,4900.42,1667.2717,7541.70,7575.75,-0.004494,-0.45,1.077294,No,0.00,0.00
id#403,1665.4279,5747.91,3736.14,1667.2717,5750.65,5759.10,-0.001467,-0.15,1.077437,No,0.00,0.00
id#404,1665.4279,6909.97,4491.48,1667.2717,6913.50,6940.92,-0.003950,-0.40,1.077474,No,0.00,0.00
id#405,1665.4279,7568.40,4919.46,1667.2717,7576.78,8686.71,-0.127774,-12.78,1.078115,No,0.00,0.00
id#406,1665.4279,6511.08,4232.21,1667.2717,6511.40,6653.20,-0.021313,-2.13,1.076975,No,0.00,0.00
id#407,1665.4279,6599.58,4289.73,1667.2717,6606.89,8937.43,-0.260762,-26.08,1.078115,No,0.00,0.00
id#408,1665.4279,7337.16,4769.15,1667.2717,7343.09,8076.50,-0.090809,-9.08,1.077793,No,0.00,0.00
id#409,1665.4279,6086.18,3956.02,1667.2717,6087.89,6153.24,-0.010621,-1.06,1.077224,No,0.00,0.00
id#410,1665.4279,5053.59,3284.84,1667.2717,5053.59,6419.10,-0.212726,-21.27,1.076923,No,0.00,0.00
id#411,1665.4279,4721.85,3069.21,1667.2717,4727.08,6329.28,-0.253141,-25.31,1.078115,No,0.00,0.00
id#412,1665.4279,6836.39,4443.65,1667.2717,6843.76,7532.08,-0.091385,-9.14,1.078085,No,0.00,0.00
id#413,1665.4279,4276.95,2780.02,1667.2717,4276.95,6119.82,-0.301131,-30.11,1.076923,No,0.00,0.00
id#414,1665.4279,7248.04,4711.23,1667.2717,7250.55,7289.19,-0.005301,-0.53,1.077295,No,0.00,0.00
id#415,1665.4279,6383.88,4149.52,1667.2717,6388.06,6772.25,-0.056729,-5.67,1.077630,No,0.00,0.00
id#416,1665.4279,5916.05,3845.43,1667.2717,5916.05,7194.69,-0.177720,-17.77,1.076923,No,0.00,0.00
id#417,1665.4279,5598.77,3639.20,1667.2717,5602.78,6083.08,-0.078956,-7.90,1.077695,No,0.00,0.00
id#418,1665.4279,5570.87,3621.06,1667.2717,5577.04,7665.28,-0.272429,-27.24,1.078115,No,0.00,0.00
id#419,1665.4279,3809.61,2476.24,1667.2717,3809.61,5619.95,-0.322128,-32.21,1.076923,No,0.00,0.00
id#420,1665.4279,8272.14,5376.89,1667.2717,8281.01,8769.32,-0.055684,-5.57,1.078078,No,0.00,0.00
id#421,1665.4279,7039.19,4575.47,1667.2717,7045.86,7908.14,-0.109037,-10.90,1.077943,No,0.00,0.00
id#422,1665.4279,4682.10,3043.37,1667.2717,4682.24,5024.41,-0.068102,-6.81,1.076954,No,0.00,0.00
id#423,1665.4279,4603.28,2992.13,1667.2717,4603.28,5072.87,-0.092569,-9.26,1.076923,No,0.00,0.00
id#424,1665.4279,6004.74,3903.08,1667.2717,6005.80,6178.74,-0.027990,-2.80,1.077113,No,0.00,0.00
id#425,1665.4279,5012.51,3258.13,1667.2717,5018.06,6081.47,-0.174861,-17.49,1.078115,No,0.00,0.00
id#426,1665.4279,7810.56,5076.86,1667.2717,7813.43,7834.91,-0.002741,-0.27,1.077320,No,0.00,0.00
id#427,1665.4279,4027.64,2617.96,1667.2717,4027.64,5175.57,-0.221799,-22.18,1.076923,No,0.00,0.00
id#428,1665.4279,6934.39,4507.35,1667.2717,6939.78,7114.36,-0.024538,-2.45,1.077761,No,0.00,0.00
id#429,1665.4279,4423.33,2875.16,1667.2717,4423.88,4662.32,-0.051141,-5.11,1.077058,No,0.00,0.00
id#430,1665.4279,4857.25,3157.21,1667.2717,4857.25,5591.60,-0.131331,-13.13,1.076923,No,0.00,0.00
id#431,1665.4279,6308.82,4100.73,1667.2717,6308.82,6895.48,-0.085079,-8.51,1.076923,No,0.00,0.00
id#432,1665.4279,7026.95,4567.52,1667.2717,7028.63,7156.64,-0.017886,-1.79,1.077182,No,0.00,0.00
id#433,1665.4279,5817.02,3781.07,1667.2717,5818.35,5944.45,-0.021213,-2.12,1.077169,No,0.00,0.00
id#434,1665.4279,6382.80,4148.82,1667.2717,6384.49,6485.74,-0.015611,-1.56,1.077208,No,0.00,0.00
id#435,1665.4279,5253.41,3414.72,1667.2717,5256.83,5537.80,-0.050737,-5.07,1.077623,No,0.00,0.00
id#436,1665.4279,5926.34,3852.12,1667.2717,5932.90,8276.00,-0.283119,-28.31,1.078115,No,0.00,0.00
id#437,1665.4279,6405.75,4163.74,1667.2717,6409.55,6521.46,-0.017160,-1.72,1.077563,No,0.00,0.00
id#438,1665.4279,5065.43,3292.53,1667.2717,5067.71,5069.13,-0.000280,-0.03,1.077408,No,0.00,0.00
id#439,1665.4279,7184.11,4669.67,1667.2717,7184.11,8081.77,-0.111073,-11.11,1.076923,No,0.00,0.00
id#440,1665.4279,7191.08,4674.20,1667.2717,7192.20,7522.27,-0.043879,-4.39,1.077090,No,0.00,0.00
id#441,1665.4279,4170.80,2711.02,1667.2717,4170.80,5249.45,-0.205477,-20.55,1.076923,No,0.00,0.00
id#442,1665.4279,6051.70,3933.60,1667.2717,6058.40,8940.25,-0.322346,-32.23,1.078115,No,0.00,0.00
id#443,1665.4279,8226.19,5347.02,1667.2717,8226.75,8506.36,-0.032870,-3.29,1.076997,No,0.00,0.00
id#444,1665.4279,4824.53,3135.94,1667.2717,4824.53,5761.39,-0.162611,-16.26,1.076923,No,0.00,0.00
id#445,1665.4279,5432.87,3531.37,1667.2717,5434.65,5472.92,-0.006994,-0.70,1.077275,No,0.00,0.00
id#446,1665.4279,4172.08,2711.85,1667.2717,4172.08,5977.51,-0.302037,-30.20,1.076923,No,0.00,0.00
id#447,1665.4279,5988.33,3892.42,1667.2717,5988.33,6591.62,-0.091523,-9.15,1.076923,No,0.00,0.00
id#448,1665.4279,6047.33,3930.76,1667.2717,6047.33,6943.64,-0.129084,-12.91,1.076923,No,0.00,0.00
id#449,1665.4279,5756.60,3741.79,1667.2717,5762.89,7271.67,-0.207487,-20.75,1.078099,No,0.00,0.00
id#450,1665.4279,5822.84,3784.84,1667.2717,5827.09,6064.29,-0.039114,-3.91,1.077710,No,0.00,0.00
id#451,1665.4279,6933.20,4506.58,1667.2717,6936.46,6937.06,-0.000087,-0.01,1.077428,No,0.00,0.00
id#452,1665.4279,4940.27,3211.18,1667.2717,4940.27,6859.18,-0.279758,-27.98,1.076923,No,0.00,0.00
id#453,1665.4279,4965.63,3227.66,1667.2717,4965.63,6430.81,-0.227838,-22.78,1.076923,No,0.00,0.00
id#454,1665.4279,5513.55,3583.80,1667.2717,5517.01,5729.24,-0.037042,-3.70,1.077601,No,0.00,0.00
id#455,1665.4279,7701.31,5005.85,1667.2717,7706.34,8118.17,-0.050730,-5.07,1.077626,No,0.00,0.00
id#456,1665.4279,7138.36,4639.94,1667.2717,7138.36,7859.55,-0.091759,-9.18,1.076923,No,0.00,0.00
id#457,1665.4279,5280.77,3432.50,1667.2717,5280.77,7229.61,-0.269563,-26.96,1.076923,No,0.00,0.00
id#458,1665.4279,4790.80,3114.02,1667.2717,4790.80,5829.53,-0.178184,-17.82,1.076923,No,0.00,0.00
id#459,1665.4279,5543.37,3603.19,1667.2717,5546.37,5549.94,-0.000642,-0.06,1.077507,No,0.00,0.00
id#460,1665.4279,5155.82,3351.29,1667.2717,5160.63,5810.97,-0.111915,-11.19,1.077928,No,0.00,0.00
id#461,1665.4279,5321.94,3459.26,1667.2717,5321.94,7873.49,-0.324068,-32.41,1.076923,No,0.00,0.00
id#462,1665.4279,4798.80,3119.22,1667.2717,4804.11,6453.04,-0.255527,-25.55,1.078115,No,0.00,0.00
id#463,1665.4279,5918.50,3847.02,1667.2717,5919.84,6052.67,-0.021946,-2.19,1.077168,No,0.00,0.00
id#464,1665.4279,7666.90,4983.49,1667.2717,7674.56,8093.33,-0.051743,-5.17,1.077998,No,0.00,0.00
id#465,1665.4279,3924.38,2550.85,1667.2717,3928.72,5854.36,-0.328924,-32.89,1.078115,No,0.00,0.00
id#466,1665.4279,5763.68,3746.39,1667.2717,5763.68,7150.32,-0.193927,-19.39,1.076923,No,0.00,0.00
id#467,1665.4279,4701.10,3055.72,1667.2717,4706.31,7211.55,-0.347393,-34.74,1.078115,No,0.00,0.00
id#468,1665.4279,7515.52,4885.09,1667.2717,7523.84,8362.87,-0.100329,-10.03,1.078115,No,0.00,0.00
id#469,1665.4279,6508.80,4230.72,1667.2717,6508.80,8079.27,-0.194382,-19.44,1.076923,No,0.00,0.00
id#470,1665.4279,4144.09,2693.66,1667.2717,4144.09,5265.30,-0.212944,-21.29,1.076923,No,0.00,0.00
id#471,1665.4279,4786.02,3110.91,1667.2717,4786.02,5495.01,-0.129025,-12.90,1.076923,No,0.00,0.00
id#472,1665.4279,5124.97,3331.23,1667.2717,5124.97,6241.64,-0.178907,-17.89,1.076923,No,0.00,0.00
id#473,1665.4279,5992.98,3895.44,1667.2717,5997.38,6121.51,-0.020278,-2.03,1.077714,No,0.00,0.00
id#474,1665.4279,8073.88,5248.02,1667.2717,8079.41,8172.57,-0.011399,-1.14,1.077661,No,0.00,0.00
id#475,1665.4279,4970.56,3230.87,1667.2717,4976.07,7495.66,-0.336140,-33.61,1.078115,No,0.00,0.00
id#476,1665.4279,3850.14,2502.59,1667.2717,3854.41,5449.04,-0.292645,-29.26,1.078115,No,0.00,0.00
id#477,1665.4279,5811.52,3777.49,1667.2717,5811.52,7365.11,-0.210938,-21.09,1.076923,No,0.00,0.00
id#478,1665.4279,4973.78,3232.95,1667.2717,4979.28,6039.50,-0.175547,-17.55,1.078115,No,0.00,0.00
id#479,1665.4279,4857.77,3157.55,1667.2717,4861.34,5133.48,-0.053012,-5.30,1.077714,No,0.00,0.00
id#480,1665.4279,6659.21,4328.49,1667.2717,6666.58,7097.57,-0.060723,-6.07,1.078115,No,0.00,0.00
id#481,1665.4279,5837.25,3794.21,1667.2717,5842.82,6904.66,-0.153786,-15.38,1.077952,No,0.00,0.00
id#482,1665.4279,4427.58,2877.93,1667.2717,4432.48,6906.80,-0.358244,-35.82,1.078115,No,0.00,0.00
id#483,1665.4279,6338.62,4120.10,1667.2717,6345.64,7209.17,-0.119782,-11.98,1.078115,No,0.00,0.00
id#484,1665.4279,7170.87,4661.07,1667.2717,7174.36,7209.59,-0.004887,-0.49,1.077448,No,0.00,0.00
id#485,1665.4279,7093.88,4611.02,1667.2717,7096.50,7114.94,-0.002592,-0.26,1.077320,No,0.00,0.00
id#486,1665.4279,4547.18,2955.66,1667.2717,4552.21,5997.49,-0.240980,-24.10,1.078115,No,0.00,0.00
id#487,1665.4279,6788.84,4412.75,1667.2717,6794.81,8140.99,-0.165358,-16.54,1.077870,No,0.00,0.00
id#488,1665.4279,5841.91,3797.24,1667.2717,5842.59,6149.41,-0.049894,-4.99,1.077048,No,0.00,0.00
id#489,1665.4279,6034.82,3922.63,1667.2717,6034.82,6997.42,-0.137566,-13.76,1.076923,No,0.00,0.00
id#490,1665.4279,6783.11,4409.02,1667.2717,6788.38,7243.57,-0.062841,-6.28,1.077760,No,0.00,0.00
id#491,1665.4279,5854.13,3805.19,1667.2717,5858.54,5923.71,-0.011002,-1.10,1.077734,No,0.00,0.00
id#492,1665.4279,6655.53,4326.09,1667.2717,6655.53,9208.84,-0.277267,-27.73,1.076923,No,0.00,0.00
id#493,1665.4279,3895.22,2531.89,1667.2717,3895.22,5656.54,-0.311378,-31.14,1.076923,No,0.00,0.00
id#494,1665.4279,4499.48,2924.67,1667.2717,4499.48,6654.54,-0.323848,-32.38,1.076923,No,0.00,0.00
id#495,1665.4279,7561.10,4914.72,1667.2717,7562.86,7734.30,-0.022165,-2.22,1.077174,No,0.00,0.00
id#496,1665.4279,6372.10,4141.86,1667.2717,6376.59,6608.86,-0.035146,-3.51,1.077682,No,0.00,0.00
id#497,1665.4279,7571.66,4921.58,1667.2717,7571.66,7869.91,-0.037897,-3.79,1.076923,No,0.00,0.00
id#498,1665.4279,7051.42,4583.42,1667.2717,7057.24,7603.70,-0.071868,-7.19,1.077811,No,0.00,0.00
id#499,1665.4279,5201.31,3380.85,1667.2717,5201.31,8109.55,-0.358620,-35.86,1.076923,No,0.00,0.00
