position_id,seed_price,position_value_at_seed,loan_amount,close_price,position_value_at_close,hold_value,impermanent_loss,impermanent_loss_pct,health_factor,should_liquidate,repay_amount,collateral_to_take
id#0,238.7543,5557.48,3612.36,210.5282,5476.80,5615.56,-0.024711,-2.47,1.061288,No,0.00,0.00
id#1,238.7543,6363.08,4136.00,210.5282,5671.06,6327.88,-0.103798,-10.38,0.959801,Yes,2068.00,2274.80
id#2,238.7543,6088.02,3957.21,210.5282,6088.02,6536.96,-0.068677,-6.87,1.076923,No,0.00,0.00
id#3,238.7543,6487.52,4216.89,210.5282,5952.63,6398.24,-0.069646,-6.96,0.988132,Yes,2108.44,2319.29
id#4,238.7543,6135.95,3988.37,210.5282,6135.95,7398.35,-0.170632,-17.06,1.076923,No,0.00,0.00
id#5,238.7543,5730.99,3725.14,210.5282,5053.46,7091.38,-0.287380,-28.74,0.949607,Yes,1862.57,2048.83
id#6,238.7543,4735.88,3078.32,210.5282,4571.30,4580.24,-0.001951,-0.20,1.039500,No,0.00,0.00
id#7,238.7543,5185.71,3370.71,210.5282,4572.65,6866.02,-0.334018,-33.40,0.949607,Yes,1685.36,1853.89
id#8,238.7543,5187.95,3372.17,210.5282,4574.62,6153.95,-0.256637,-25.66,0.949607,Yes,1686.08,1854.69
id#9,238.7543,5229.82,3399.38,210.5282,4994.61,5002.30,-0.001538,-0.15,1.028487,No,0.00,0.00
id#10,238.7543,5408.93,3515.80,210.5282,4769.47,7291.74,-0.345907,-34.59,0.949607,Yes,1757.90,1933.69
id#11,238.7543,4935.78,3208.26,210.5282,4935.78,5723.72,-0.137663,-13.77,1.076923,No,0.00,0.00
id#12,238.7543,6244.72,4059.07,210.5282,5938.34,5951.96,-0.002287,-0.23,1.024088,No,0.00,0.00
id#13,238.7543,6352.60,4129.19,210.5282,6175.45,6210.39,-0.005625,-0.56,1.046892,No,0.00,0.00
id#14,238.7543,4784.72,3110.07,210.5282,4784.72,6144.14,-0.221254,-22.13,1.076923,No,0.00,0.00
id#15,238.7543,6052.21,3933.93,210.5282,5860.90,5886.55,-0.004357,-0.44,1.042883,No,0.00,0.00
id#16,238.7543,5147.28,3345.73,210.5282,5147.28,7066.66,-0.271611,-27.16,1.076923,No,0.00,0.00
id#17,238.7543,5036.88,3273.97,210.5282,4441.40,6293.47,-0.294283,-29.43,0.949607,Yes,1636.98,1800.68
id#18,238.7543,5870.97,3816.13,210.5282,5870.97,6888.98,-0.147773,-14.78,1.076923,No,0.00,0.00
id#19,238.7543,6270.98,4076.14,210.5282,6007.63,6023.27,-0.002597,-0.26,1.031697,No,0.00,0.00
id#20,238.7543,5195.83,3377.29,210.5282,5195.83,6117.71,-0.150691,-15.07,1.076923,No,0.00,0.00
id#21,238.7543,7872.33,5117.01,210.5282,7469.32,7528.14,-0.007814,-0.78,1.021792,No,0.00,0.00
id#22,238.7543,4523.05,2939.98,210.5282,4523.05,5184.75,-0.127625,-12.76,1.076923,No,0.00,0.00
id#23,238.7543,6129.24,3984.01,210.5282,5920.56,5934.03,-0.002270,-0.23,1.040256,No,0.00,0.00
id#24,238.7543,4888.25,3177.36,210.5282,4449.35,5349.40,-0.168252,-16.83,0.980230,Yes,1588.68,1747.55
id#25,238.7543,5329.74,3464.33,210.5282,5329.74,6892.18,-0.226698,-22.67,1.076923,No,0.00,0.00
id#26,238.7543,4821.29,3133.84,210.5282,4251.31,7527.54,-0.435233,-43.52,0.949607,Yes,1566.92,1723.61
id#27,238.7543,5551.83,3608.69,210.5282,5114.47,5271.76,-0.029836,-2.98,0.992087,Yes,1804.34,1984.78
id#28,238.7543,4473.52,2907.79,210.5282,4473.52,5132.68,-0.128424,-12.84,1.076923,No,0.00,0.00
id#29,238.7543,7272.30,4726.99,210.5282,6626.34,7748.05,-0.144774,-14.48,0.981265,Yes,2363.50,2599.85
id#30,238.7543,6032.88,3921.37,210.5282,5324.64,7251.98,-0.265768,-26.58,0.950495,Yes,1960.69,2156.76
id#31,238.7543,4915.99,3195.39,210.5282,4802.27,4882.50,-0.016431,-1.64,1.052013,No,0.00,0.00
id#32,238.7543,6253.71,4064.91,210.5282,5690.20,6755.11,-0.157646,-15.76,0.979883,Yes,2032.46,2235.70
id#33,238.7543,4819.49,3132.67,210.5282,4469.17,4815.08,-0.071839,-7.18,0.998644,Yes,1566.33,1722.97
id#34,238.7543,3863.93,2511.55,210.5282,3863.93,4692.65,-0.176600,-17.66,1.076923,No,0.00,0.00
id#35,238.7543,6831.52,4440.49,210.5282,6023.88,8712.41,-0.308586,-30.86,0.949607,Yes,2220.24,2442.27
id#36,238.7543,6719.39,4367.60,210.5282,6529.50,6547.20,-0.002705,-0.27,1.046489,No,0.00,0.00
id#37,238.7543,5092.01,3309.81,210.5282,5092.01,6108.02,-0.166340,-16.63,1.076923,No,0.00,0.00
id#38,238.7543,8046.07,5229.95,210.5282,7422.45,7600.46,-0.023422,-2.34,0.993454,Yes,2614.97,2876.47
id#39,238.7543,6592.63,4285.21,210.5282,6586.18,7070.05,-0.068440,-6.84,1.075869,No,0.00,0.00
id#40,238.7543,4066.14,2642.99,210.5282,3585.43,6023.98,-0.404807,-40.48,0.949607,Yes,1321.49,1453.64
id#41,238.7543,8050.43,5232.78,210.5282,7659.76,7684.00,-0.003155,-0.32,1.024662,No,0.00,0.00
id#42,238.7543,7081.38,4602.90,210.5282,6531.62,7029.45,-0.070821,-7.08,0.993317,Yes,2301.45,2531.59
id#43,238.7543,5597.56,3638.41,210.5282,4935.80,6678.34,-0.260924,-26.09,0.949607,Yes,1819.21,2001.13
id#44,238.7543,5444.57,3538.97,210.5282,5352.48,5496.19,-0.026146,-2.61,1.058707,No,0.00,0.00
id#45,238.7543,5977.62,3885.45,210.5282,5765.77,5773.91,-0.001410,-0.14,1.038755,No,0.00,0.00
id#46,238.7543,6076.11,3949.47,210.5282,5357.78,7697.08,-0.303921,-30.39,0.949607,Yes,1974.74,2172.21
id#47,238.7543,4468.04,2904.23,210.5282,3939.82,5834.61,-0.324751,-32.48,0.949607,Yes,1452.11,1597.32
id#48,238.7543,5832.01,3790.81,210.5282,5749.96,5943.53,-0.032567,-3.26,1.061773,No,0.00,0.00
id#49,238.7543,5989.44,3893.14,210.5282,5989.44,7538.14,-0.205448,-20.54,1.076923,No,0.00,0.00
id#50,238.7543,7333.69,4766.90,210.5282,6472.48,8418.56,-0.231165,-23.12,0.950458,Yes,2383.45,2621.79
id#51,238.7543,4358.95,2833.32,210.5282,3843.62,5988.66,-0.358183,-35.82,0.949607,Yes,1416.66,1558.32
id#52,238.7543,5578.81,3626.23,210.5282,5578.81,6256.55,-0.108324,-10.83,1.076923,No,0.00,0.00
id#53,238.7543,4713.33,3063.67,210.5282,4156.11,6006.84,-0.308103,-30.81,0.949607,Yes,1531.83,1685.02
id#54,238.7543,5238.06,3404.74,210.5282,5072.08,5093.19,-0.004145,-0.41,1.042797,No,0.00,0.00
id#55,238.7543,7252.96,4714.42,210.5282,7064.70,7117.01,-0.007350,-0.74,1.048971,No,0.00,0.00
id#56,238.7543,5769.75,3750.34,210.5282,5769.75,7682.44,-0.248968,-24.90,1.076923,No,0.00,0.00
id#57,238.7543,4546.19,2955.02,210.5282,4546.19,5939.29,-0.234557,-23.46,1.076923,No,0.00,0.00
id#58,238.7543,6650.54,4322.85,210.5282,6457.60,6503.17,-0.007008,-0.70,1.045680,No,0.00,0.00
id#59,238.7543,6720.16,4368.10,210.5282,6498.55,6501.04,-0.000383,-0.04,1.041409,No,0.00,0.00
id#60,238.7543,7607.66,4944.98,210.5282,7482.04,7597.08,-0.015143,-1.51,1.059141,No,0.00,0.00
id#61,238.7543,4010.05,2606.53,210.5282,4010.05,5012.95,-0.200061,-20.01,1.076923,No,0.00,0.00
id#62,238.7543,7363.01,4785.96,210.5282,7246.83,7351.64,-0.014257,-1.43,1.059931,No,0.00,0.00
id#63,238.7543,7860.10,5109.07,210.5282,7172.09,8143.89,-0.119329,-11.93,0.982658,Yes,2554.53,2809.99
id#64,238.7543,7206.57,4684.27,210.5282,6469.09,7221.78,-0.104225,-10.42,0.966717,Yes,2342.14,2576.35
id#65,238.7543,6802.61,4421.70,210.5282,5998.39,6977.97,-0.140382,-14.04,0.949607,Yes,2210.85,2431.93
id#66,238.7543,4434.87,2882.66,210.5282,3910.57,5446.16,-0.281959,-28.20,0.949607,Yes,1441.33,1585.47
id#67,238.7543,6013.46,3908.75,210.5282,5911.36,6053.71,-0.023515,-2.35,1.058638,No,0.00,0.00
id#68,238.7543,4351.65,2828.57,210.5282,4351.65,5210.95,-0.164902,-16.49,1.076923,No,0.00,0.00
id#69,238.7543,6232.34,4051.02,210.5282,6232.34,7993.96,-0.220369,-22.04,1.076923,No,0.00,0.00
id#70,238.7543,4971.76,3231.65,210.5282,4383.99,6833.22,-0.358430,-35.84,0.949607,Yes,1615.82,1777.41
id#71,238.7543,6695.71,4352.21,210.5282,5904.13,7920.66,-0.254591,-25.46,0.949607,Yes,2176.11,2393.72
id#72,238.7543,5614.11,3649.17,210.5282,5528.33,5662.25,-0.023652,-2.37,1.060469,No,0.00,0.00
id#73,238.7543,5813.14,3778.54,210.5282,5813.14,6615.44,-0.121277,-12.13,1.076923,No,0.00,0.00
id#74,238.7543,6363.65,4136.37,210.5282,5611.32,6871.52,-0.183394,-18.34,0.949607,Yes,2068.19,2275.00
id#75,238.7543,4838.70,3145.15,210.5282,4838.70,5287.06,-0.084803,-8.48,1.076923,No,0.00,0.00
id#76,238.7543,4529.73,2944.32,210.5282,4529.73,5304.89,-0.146122,-14.61,1.076923,No,0.00,0.00
id#77,238.7543,5360.62,3484.41,210.5282,4726.88,6487.84,-0.271425,-27.14,0.949607,Yes,1742.20,1916.42
id#78,238.7543,3431.35,2230.38,210.5282,3431.35,4438.75,-0.226956,-22.70,1.076923,No,0.00,0.00
id#79,238.7543,4802.09,3121.36,210.5282,4795.01,5178.10,-0.073983,-7.40,1.075336,No,0.00,0.00
id#80,238.7543,4428.69,2878.65,210.5282,3905.12,5614.32,-0.304436,-30.44,0.949607,Yes,1439.32,1583.26
id#81,238.7543,6091.02,3959.16,210.5282,5740.23,5813.00,-0.012520,-1.25,1.014901,No,0.00,0.00
id#82,238.7543,4368.55,2839.55,210.5282,3852.09,5340.26,-0.278671,-27.87,0.949607,Yes,1419.78,1561.76
id#83,238.7543,7667.28,4983.73,210.5282,7088.03,7342.12,-0.034607,-3.46,0.995563,Yes,2491.86,2741.05
id#84,238.7543,4437.74,2884.53,210.5282,3922.31,5410.55,-0.275064,-27.51,0.951841,Yes,1442.27,1586.49
id#85,238.7543,4662.78,3030.81,210.5282,4662.78,5099.20,-0.085586,-8.56,1.076923,No,0.00,0.00
id#86,238.7543,5890.59,3828.88,210.5282,5194.19,8127.22,-0.360890,-36.09,0.949607,Yes,1914.44,2105.89
id#87,238.7543,7601.75,4941.14,210.5282,7264.55,7270.03,-0.000753,-0.08,1.029154,No,0.00,0.00
id#88,238.7543,7425.02,4826.27,210.5282,6549.19,7990.34,-0.180361,-18.04,0.949892,Yes,2413.13,2654.45
id#89,238.7543,6738.72,4380.17,210.5282,6496.41,6503.64,-0.001112,-0.11,1.038199,No,0.00,0.00
id#90,238.7543,7321.46,4758.95,210.5282,7028.10,7028.62,-0.000075,-0.01,1.033771,No,0.00,0.00
id#91,238.7543,5692.23,3699.95,210.5282,5019.28,6676.83,-0.248254,-24.83,0.949607,Yes,1849.97,2034.97
id#92,238.7543,6923.92,4500.55,210.5282,6567.22,6587.38,-0.003061,-0.31,1.021442,No,0.00,0.00
id#93,238.7543,7155.50,4651.08,210.5282,6694.18,6988.66,-0.042136,-4.21,1.007493,No,0.00,0.00
id#94,238.7543,4235.05,2752.78,210.5282,3734.37,5574.69,-0.330121,-33.01,0.949607,Yes,1376.39,1514.03
id#95,238.7543,6797.55,4418.41,210.5282,6797.55,7143.42,-0.048418,-4.84,1.076923,No,0.00,0.00
id#96,238.7543,4388.18,2852.32,210.5282,4363.26,4558.96,-0.042926,-4.29,1.070807,No,0.00,0.00
id#97,238.7543,4188.58,2722.58,210.5282,4188.58,5403.14,-0.224786,-22.48,1.076923,No,0.00,0.00
id#98,238.7543,5361.69,3485.10,210.5282,5236.53,5306.10,-0.013112,-1.31,1.051785,No,0.00,0.00
id#99,238.7543,7011.07,4557.20,210.5282,6692.67,6695.73,-0.000457,-0.05,1.028016,No,0.00,0.00
id#100,238.7543,5905.00,3838.25,210.5282,5549.74,5719.13,-0.029620,-2.96,1.012132,No,0.00,0.00
id#101,238.7543,5187.71,3372.01,210.5282,4574.40,6661.39,-0.313296,-31.33,0.949607,Yes,1686.00,1854.60
id#102,238.7543,5293.53,3440.80,210.5282,5285.18,5657.48,-0.065806,-6.58,1.075224,No,0.00,0.00
id#103,238.7543,4445.56,2889.61,210.5282,3919.99,5403.79,-0.274585,-27.46,0.949607,Yes,1444.81,1589.29
id#104,238.7543,5966.99,3878.55,210.5282,5363.19,6088.16,-0.119079,-11.91,0.967949,Yes,1939.27,2133.20
id#105,238.7543,6833.25,4441.61,210.5282,6832.64,7388.58,-0.075244,-7.52,1.076826,No,0.00,0.00
id#106,238.7543,4973.88,3233.02,210.5282,4385.85,6232.17,-0.296256,-29.63,0.949607,Yes,1616.51,1778.16
id#107,238.7543,4781.15,3107.75,210.5282,4544.27,4568.74,-0.005356,-0.54,1.023568,No,0.00,0.00
id#108,238.7543,5481.84,3563.19,210.5282,5338.43,5397.94,-0.011024,-1.10,1.048752,No,0.00,0.00
id#109,238.7543,6737.56,4379.41,210.5282,6000.28,6515.56,-0.079085,-7.91,0.959077,Yes,2189.71,2408.68
id#110,238.7543,5543.59,3603.33,210.5282,5033.78,5636.37,-0.106911,-10.69,0.977885,Yes,1801.67,1981.83
id#111,238.7543,4452.35,2894.02,210.5282,3925.98,5939.91,-0.339051,-33.91,0.949607,Yes,1447.01,1591.71
id#112,238.7543,5751.74,3738.63,210.5282,5541.57,5544.62,-0.000551,-0.06,1.037571,No,0.00,0.00
id#113,238.7543,7030.72,4569.96,210.5282,6558.16,6686.31,-0.019166,-1.92,1.004540,No,0.00,0.00
id#114,238.7543,6773.18,4402.57,210.5282,6398.80,6456.37,-0.008916,-0.89,1.017398,No,0.00,0.00
id#115,238.7543,4763.35,3096.18,210.5282,4200.22,6031.65,-0.303638,-30.36,0.949607,Yes,1548.09,1702.90
id#116,238.7543,4497.31,2923.25,210.5282,4027.58,5353.51,-0.247675,-24.77,0.964442,Yes,1461.63,1607.79
id#117,238.7543,4767.06,3098.59,210.5282,4203.49,5617.39,-0.251701,-25.17,0.949607,Yes,1549.29,1704.22
id#118,238.7543,5221.55,3394.01,210.5282,5221.55,6453.37,-0.190879,-19.09,1.076923,No,0.00,0.00
id#119,238.7543,4435.15,2882.85,210.5282,4426.45,4717.06,-0.061608,-6.16,1.074811,No,0.00,0.00
id#120,238.7543,4636.15,3013.50,210.5282,4088.06,6244.77,-0.345363,-34.54,0.949607,Yes,1506.75,1657.42
id#121,238.7543,6046.90,3930.49,210.5282,6046.90,7786.73,-0.223435,-22.34,1.076923,No,0.00,0.00
id#122,238.7543,6676.14,4339.49,210.5282,6329.60,6358.72,-0.004579,-0.46,1.021024,No,0.00,0.00
id#123,238.7543,7595.74,4937.23,210.5282,7085.42,7195.78,-0.015336,-1.53,1.004571,No,0.00,0.00
id#124,238.7543,4196.20,2727.53,210.5282,3700.11,5138.35,-0.279903,-27.99,0.949607,Yes,1363.76,1500.14
id#125,238.7543,5284.79,3435.12,210.5282,4866.34,5287.33,-0.079622,-7.96,0.991651,Yes,1717.56,1889.31
id#126,238.7543,7167.58,4658.93,210.5282,6729.45,6968.21,-0.034264,-3.43,1.011094,No,0.00,0.00
id#127,238.7543,4577.33,2975.26,210.5282,4036.19,6191.12,-0.348069,-34.81,0.949607,Yes,1487.63,1636.40
id#128,238.7543,5229.80,3399.37,210.5282,5229.80,5875.01,-0.109822,-10.98,1.076923,No,0.00,0.00
id#129,238.7543,4928.56,3203.57,210.5282,4928.56,6708.25,-0.265298,-26.53,1.076923,No,0.00,0.00
id#130,238.7543,3762.77,2445.80,210.5282,3762.77,4933.11,-0.237241,-23.72,1.076923,No,0.00,0.00
id#131,238.7543,4916.77,3195.90,210.5282,4480.35,5149.16,-0.129888,-12.99,0.981334,Yes,1597.95,1757.74
id#132,238.7543,5556.29,3611.59,210.5282,5089.14,5802.09,-0.122877,-12.29,0.986381,Yes,1805.79,1986.37
id#133,238.7543,6925.41,4501.52,210.5282,6925.41,7472.13,-0.073168,-7.32,1.076923,No,0.00,0.00
id#134,238.7543,6014.80,3909.62,210.5282,5519.91,5983.60,-0.077493,-7.75,0.988316,Yes,1954.81,2150.29
id#135,238.7543,6321.14,4108.74,210.5282,5595.26,7116.73,-0.213788,-21.38,0.953256,Yes,2054.37,2259.81
id#136,238.7543,6844.11,4448.67,210.5282,6034.98,7526.66,-0.198185,-19.82,0.949607,Yes,2224.34,2446.77
id#137,238.7543,7759.43,5043.63,210.5282,7759.43,8317.94,-0.067145,-6.71,1.076923,No,0.00,0.00
id#138,238.7543,5769.04,3749.88,210.5282,5769.04,6496.21,-0.111937,-11.19,1.076923,No,0.00,0.00
id#139,238.7543,5199.55,3379.71,210.5282,4584.85,5760.73,-0.204120,-20.41,0.949607,Yes,1689.85,1858.84
id#140,238.7543,6564.32,4266.81,210.5282,6015.30,6960.93,-0.135849,-13.58,0.986853,Yes,2133.40,2346.74
id#141,238.7543,6673.60,4337.84,210.5282,5884.63,8506.20,-0.308196,-30.82,0.949607,Yes,2168.92,2385.81
id#142,238.7543,4688.45,3047.49,210.5282,4134.17,6946.16,-0.404827,-40.48,0.949607,Yes,1523.75,1676.12
id#143,238.7543,6167.09,4008.61,210.5282,6143.53,6539.96,-0.060617,-6.06,1.072810,No,0.00,0.00
id#144,238.7543,6444.73,4189.07,210.5282,6444.73,7198.52,-0.104715,-10.47,1.076923,No,0.00,0.00
id#145,238.7543,6890.04,4478.52,210.5282,6887.80,7256.05,-0.050750,-5.08,1.076574,No,0.00,0.00
id#146,238.7543,5932.36,3856.03,210.5282,5642.57,5651.66,-0.001609,-0.16,1.024317,No,0.00,0.00
id#147,238.7543,6802.78,4421.81,210.5282,6794.48,7219.22,-0.058835,-5.88,1.075609,No,0.00,0.00
id#148,238.7543,6299.26,4094.52,210.5282,5554.55,8618.66,-0.355521,-35.55,0.949607,Yes,2047.26,2251.99
id#149,238.7543,7409.34,4816.07,210.5282,6673.34,8137.29,-0.179907,-17.99,0.969947,Yes,2408.04,2648.84
id#150,238.7543,5511.71,3582.61,210.5282,5511.71,6090.13,-0.094976,-9.50,1.076923,No,0.00,0.00
id#151,238.7543,6459.93,4198.96,210.5282,5893.97,6132.56,-0.038906,-3.89,0.982573,Yes,2099.48,2309.43
id#152,238.7543,5463.68,3551.39,210.5282,5275.06,5284.99,-0.001879,-0.19,1.039745,No,0.00,0.00
id#153,238.7543,4739.68,3080.79,210.5282,4739.68,6209.24,-0.236673,-23.67,1.076923,No,0.00,0.00
id#154,238.7543,8288.01,5387.20,210.5282,7384.21,8130.06,-0.091740,-9.17,0.959486,Yes,2693.60,2962.96
id#155,238.7543,6318.93,4107.31,210.5282,5956.50,6002.29,-0.007629,-0.76,1.015154,No,0.00,0.00
id#156,238.7543,5743.28,3733.13,210.5282,5164.13,5512.15,-0.063137,-6.31,0.968327,Yes,1866.56,2053.22
id#157,238.7543,4984.69,3240.05,210.5282,4395.39,7342.00,-0.401337,-40.13,0.949607,Yes,1620.02,1782.03
id#158,238.7543,6403.03,4161.97,210.5282,6403.00,6915.02,-0.074044,-7.40,1.076919,No,0.00,0.00
id#159,238.7543,5027.65,3267.97,210.5282,4433.27,7233.02,-0.387080,-38.71,0.949607,Yes,1633.99,1797.38
id#160,238.7543,8428.10,5478.27,210.5282,8428.01,8661.95,-0.027008,-2.70,1.076911,No,0.00,0.00
id#161,238.7543,4483.23,2914.10,210.5282,3953.21,6195.66,-0.361939,-36.19,0.949607,Yes,1457.05,1602.75
id#162,238.7543,6617.45,4301.34,210.5282,5835.12,8572.28,-0.319304,-31.93,0.949607,Yes,2150.67,2365.74
id#163,238.7543,5274.30,3428.30,210.5282,5084.32,5090.15,-0.001144,-0.11,1.038132,No,0.00,0.00
id#164,238.7543,4702.23,3056.45,210.5282,4529.94,4533.96,-0.000886,-0.09,1.037465,No,0.00,0.00
id#165,238.7543,6201.38,4030.90,210.5282,5468.24,7904.61,-0.308221,-30.82,0.949607,Yes,2015.45,2216.99
id#166,238.7543,5380.12,3497.07,210.5282,5380.12,7054.06,-0.237302,-23.73,1.076923,No,0.00,0.00
id#167,238.7543,6367.97,4139.18,210.5282,5852.74,6160.14,-0.049902,-4.99,0.989789,Yes,2069.59,2276.55
id#168,238.7543,7355.55,4781.10,210.5282,7005.42,7013.17,-0.001105,-0.11,1.025662,No,0.00,0.00
id#169,238.7543,6028.80,3918.72,210.5282,5967.85,6246.49,-0.044606,-4.46,1.066036,No,0.00,0.00
id#170,238.7543,6135.32,3987.96,210.5282,6135.32,7914.78,-0.224827,-22.48,1.076923,No,0.00,0.00
id#171,238.7543,5669.10,3684.91,210.5282,5272.29,5540.89,-0.048476,-4.85,1.001544,No,0.00,0.00
id#172,238.7543,5511.83,3582.69,210.5282,4878.97,5935.36,-0.177983,-17.80,0.953273,Yes,1791.34,1970.48
id#173,238.7543,5146.09,3344.96,210.5282,5146.09,6547.05,-0.213984,-21.40,1.076923,No,0.00,0.00
id#174,238.7543,6271.70,4076.60,210.5282,5530.24,7202.15,-0.232140,-23.21,0.949607,Yes,2038.30,2242.13
id#175,238.7543,4732.62,3076.20,210.5282,4173.12,6491.65,-0.357156,-35.72,0.949607,Yes,1538.10,1691.91
id#176,238.7543,5063.82,3291.48,210.5282,4465.16,6560.88,-0.319426,-31.94,0.949607,Yes,1645.74,1810.32
id#177,238.7543,5919.18,3847.47,210.5282,5876.34,6073.28,-0.032428,-3.24,1.069128,No,0.00,0.00
id#178,238.7543,8127.07,5282.59,210.5282,7631.27,7773.48,-0.018294,-1.83,1.011224,No,0.00,0.00
id#179,238.7543,5856.71,3806.86,210.5282,5856.71,7659.99,-0.235416,-23.54,1.076923,No,0.00,0.00
id#180,238.7543,4460.65,2899.42,210.5282,3933.30,6355.57,-0.381125,-38.11,0.949607,Yes,1449.71,1594.68
id#181,238.7543,5487.20,3566.68,210.5282,4838.49,7696.38,-0.371329,-37.13,0.949607,Yes,1783.34,1961.67
id#182,238.7543,5546.65,3605.32,210.5282,4890.91,8062.82,-0.393400,-39.34,0.949607,Yes,1802.66,1982.93
id#183,238.7543,6168.85,4009.76,210.5282,5456.84,6276.29,-0.130563,-13.06,0.952624,Yes,2004.88,2205.37
id#184,238.7543,5805.75,3773.73,210.5282,5291.92,5738.07,-0.077751,-7.78,0.981613,Yes,1886.87,2075.55
id#185,238.7543,5334.94,3467.71,210.5282,4823.12,5339.65,-0.096735,-9.67,0.973605,Yes,1733.86,1907.24
id#186,238.7543,8039.98,5225.99,210.5282,7732.34,7733.44,-0.000142,-0.01,1.035716,No,0.00,0.00
id#187,238.7543,5924.90,3851.19,210.5282,5485.95,5659.20,-0.030614,-3.06,0.997139,Yes,1925.59,2118.15
id#188,238.7543,4368.29,2839.39,210.5282,4368.29,4920.70,-0.112262,-11.23,1.076923,No,0.00,0.00
id#189,238.7543,5431.56,3530.51,210.5282,4990.61,5192.69,-0.038916,-3.89,0.989496,Yes,1765.26,1941.78
id#190,238.7543,4016.88,2610.97,210.5282,4016.88,4546.74,-0.116536,-11.65,1.076923,No,0.00,0.00
id#191,238.7543,5901.70,3836.11,210.5282,5901.70,6387.06,-0.075991,-7.60,1.076923,No,0.00,0.00
id#192,238.7543,5253.61,3414.84,210.5282,4876.80,5031.66,-0.030777,-3.08,0.999682,Yes,1707.42,1878.16
id#193,238.7543,4940.73,3211.47,210.5282,4940.73,5459.93,-0.095093,-9.51,1.076923,No,0.00,0.00
id#194,238.7543,6873.66,4467.88,210.5282,6061.04,8015.39,-0.243825,-24.38,0.949607,Yes,2233.94,2457.33
id#195,238.7543,5925.39,3851.51,210.5282,5684.56,5684.56,-0.000001,-0.00,1.033152,No,0.00,0.00
id#196,238.7543,6269.68,4075.29,210.5282,6267.21,6720.92,-0.067507,-6.75,1.076498,No,0.00,0.00
id#197,238.7543,7820.54,5083.35,210.5282,7217.64,7709.32,-0.063778,-6.38,0.993900,Yes,2541.68,2795.84
id#198,238.7543,5617.09,3651.11,210.5282,5617.09,5847.24,-0.039359,-3.94,1.076923,No,0.00,0.00
id#199,238.7543,6164.78,4007.11,210.5282,5925.08,5926.81,-0.000292,-0.03,1.035050,No,0.00,0.00
id#200,238.7543,5139.92,3340.95,210.5282,4538.71,6091.62,-0.254925,-25.49,0.950957,Yes,1670.47,1837.52
id#201,238.7543,4945.77,3214.75,210.5282,4441.48,5869.28,-0.243266,-24.33,0.967116,Yes,1607.38,1768.11
id#202,238.7543,5378.50,3496.02,210.5282,4852.64,5577.91,-0.130026,-13.00,0.971632,Yes,1748.01,1922.81
id#203,238.7543,5356.10,3481.47,210.5282,4829.11,5900.53,-0.181580,-18.16,0.970964,Yes,1740.73,1914.81
id#204,238.7543,7467.22,4853.69,210.5282,6812.47,7864.04,-0.133719,-13.37,0.982496,Yes,2426.85,2669.53
id#205,238.7543,6255.25,4065.91,210.5282,6255.25,7399.06,-0.154589,-15.46,1.076923,No,0.00,0.00
id#206,238.7543,3887.47,2526.86,210.5282,3887.47,4865.23,-0.200969,-20.10,1.076923,No,0.00,0.00
id#207,238.7543,5382.51,3498.63,210.5282,5382.51,5544.77,-0.029264,-2.93,1.076923,No,0.00,0.00
id#208,238.7543,7981.94,5188.26,210.5282,7038.30,8225.96,-0.144379,-14.44,0.949607,Yes,2594.13,2853.55
id#209,238.7543,5857.34,3807.27,210.5282,5857.34,6436.58,-0.089992,-9.00,1.076923,No,0.00,0.00
id#210,238.7543,5744.83,3734.14,210.5282,5743.01,6283.63,-0.086036,-8.60,1.076582,No,0.00,0.00
id#211,238.7543,5981.39,3887.90,210.5282,5287.67,7705.21,-0.313754,-31.38,0.952021,Yes,1943.95,2138.35
id#212,238.7543,3928.90,2553.79,210.5282,3928.90,5243.51,-0.250712,-25.07,1.076923,No,0.00,0.00
id#213,238.7543,5279.70,3431.81,210.5282,5279.70,7208.53,-0.267576,-26.76,1.076923,No,0.00,0.00
id#214,238.7543,8226.93,5347.51,210.5282,7254.32,8621.13,-0.158541,-15.85,0.949607,Yes,2673.75,2941.13
id#215,238.7543,5235.16,3402.85,210.5282,4692.59,6281.02,-0.252893,-25.29,0.965311,Yes,1701.43,1871.57
id#216,238.7543,6143.05,3992.98,210.5282,5461.01,7380.68,-0.260094,-26.01,0.957357,Yes,1996.49,2196.14
id#217,238.7543,7815.54,5080.10,210.5282,7800.82,8074.69,-0.033917,-3.39,1.074895,No,0.00,0.00
id#218,238.7543,4280.41,2782.26,210.5282,4280.41,4841.16,-0.115830,-11.58,1.076923,No,0.00,0.00
id#219,238.7543,4844.97,3149.23,210.5282,4844.97,5402.83,-0.103255,-10.33,1.076923,No,0.00,0.00
id#220,238.7543,5334.86,3467.66,210.5282,5334.86,6887.95,-0.225479,-22.55,1.076923,No,0.00,0.00
id#221,238.7543,6767.20,4398.68,210.5282,6752.39,7169.65,-0.058199,-5.82,1.074565,No,0.00,0.00
id#222,238.7543,7080.32,4602.21,210.5282,6805.47,6805.91,-0.000065,-0.01,1.035118,No,0.00,0.00
id#223,238.7543,5732.45,3726.09,210.5282,5704.50,6064.13,-0.059305,-5.93,1.071673,No,0.00,0.00
id#224,238.7543,3945.65,2564.67,210.5282,3479.18,5642.81,-0.383431,-38.34,0.949607,Yes,1282.33,1410.57
id#225,238.7543,6276.57,4079.77,210.5282,6251.36,6538.00,-0.043842,-4.38,1.072598,No,0.00,0.00
id#226,238.7543,5019.47,3262.65,210.5282,4824.31,4825.76,-0.000299,-0.03,1.035053,No,0.00,0.00
id#227,238.7543,4836.23,3143.55,210.5282,4697.62,4732.89,-0.007451,-0.75,1.046058,No,0.00,0.00
id#228,238.7543,7364.20,4786.73,210.5282,7364.20,8294.40,-0.112148,-11.21,1.076923,No,0.00,0.00
id#229,238.7543,6726.56,4372.26,210.5282,6345.41,6399.63,-0.008472,-0.85,1.015901,No,0.00,0.00
id#230,238.7543,8181.47,5317.95,210.5282,8181.47,8574.70,-0.045859,-4.59,1.076923,No,0.00,0.00
id#231,238.7543,7377.16,4795.15,210.5282,7181.90,7242.58,-0.008378,-0.84,1.048418,No,0.00,0.00
id#232,238.7543,4967.69,3229.00,210.5282,4902.63,5080.01,-0.034918,-3.49,1.062818,No,0.00,0.00
id#233,238.7543,5250.58,3412.88,210.5282,4688.16,5890.16,-0.204068,-20.41,0.961568,Yes,1706.44,1877.08
id#234,238.7543,4715.19,3064.87,210.5282,4715.19,5170.78,-0.088108,-8.81,1.076923,No,0.00,0.00
id#235,238.7543,5184.48,3369.91,210.5282,4926.78,4962.45,-0.007189,-0.72,1.023394,No,0.00,0.00
id#236,238.7543,7387.62,4801.95,210.5282,6789.12,7467.59,-0.090854,-9.09,0.989678,Yes,2400.98,2641.07
id#237,238.7543,6223.35,4045.18,210.5282,6223.35,7028.13,-0.114509,-11.45,1.076923,No,0.00,0.00
id#238,238.7543,5022.77,3264.80,210.5282,4831.42,4833.68,-0.000468,-0.05,1.035896,No,0.00,0.00
id#239,238.7543,6083.68,3954.39,210.5282,5700.67,5779.71,-0.013674,-1.37,1.009125,No,0.00,0.00
id#240,238.7543,8813.71,5728.91,210.5282,7771.73,8668.01,-0.103401,-10.34,0.949607,Yes,2864.46,3150.90
id#241,238.7543,4109.29,2671.04,210.5282,4109.29,5223.61,-0.213324,-21.33,1.076923,No,0.00,0.00
id#242,238.7543,8089.31,5258.05,210.5282,7132.98,8252.22,-0.135629,-13.56,0.949607,Yes,2629.03,2891.93
id#243,238.7543,6777.45,4405.35,210.5282,6777.45,7751.87,-0.125701,-12.57,1.076923,No,0.00,0.00
id#244,238.7543,6148.02,3996.21,210.5282,5421.19,7973.75,-0.320121,-32.01,0.949607,Yes,1998.11,2197.92
id#245,238.7543,7688.42,4997.47,210.5282,6779.48,8021.27,-0.154812,-15.48,0.949607,Yes,2498.74,2748.61
id#246,238.7543,4758.11,3092.77,210.5282,4758.11,5955.59,-0.201069,-20.11,1.076923,No,0.00,0.00
id#247,238.7543,5620.64,3653.42,210.5282,5088.91,5697.09,-0.106753,-10.68,0.975043,Yes,1826.71,2009.38
id#248,238.7543,6307.33,4099.76,210.5282,6180.81,6305.57,-0.019785,-1.98,1.055321,No,0.00,0.00
id#249,238.7543,5465.97,3552.88,210.5282,5465.97,5721.50,-0.044661,-4.47,1.076923,No,0.00,0.00
id#250,238.7543,5371.81,3491.68,210.5282,5371.81,7572.10,-0.290579,-29.06,1.076923,No,0.00,0.00
id#251,238.7543,5422.95,3524.92,210.5282,5422.95,7646.70,-0.290812,-29.08,1.076923,No,0.00,0.00
id#252,238.7543,4139.59,2690.73,210.5282,4139.59,4865.36,-0.149170,-14.92,1.076923,No,0.00,0.00
id#253,238.7543,7191.94,4674.76,210.5282,6527.49,7463.73,-0.125438,-12.54,0.977428,Yes,2337.38,2571.12
id#254,238.7543,6686.29,4346.09,210.5282,6142.08,6543.69,-0.061374,-6.14,0.989270,Yes,2173.05,2390.35
id#255,238.7543,5436.84,3533.95,210.5282,5436.84,6538.99,-0.168550,-16.85,1.076923,No,0.00,0.00
id#256,238.7543,5570.49,3620.82,210.5282,5384.16,5384.54,-0.000070,-0.01,1.040902,No,0.00,0.00
id#257,238.7543,5957.78,3872.56,210.5282,5253.44,8371.09,-0.372431,-37.24,0.949607,Yes,1936.28,2129.91
id#258,238.7543,6163.32,4006.16,210.5282,5434.68,7960.81,-0.317321,-31.73,0.949607,Yes,2003.08,2203.39
id#259,238.7543,6491.33,4219.37,210.5282,5723.91,7718.07,-0.258376,-25.84,0.949607,Yes,2109.68,2320.65
id#260,238.7543,4538.44,2949.99,210.5282,4001.90,6909.15,-0.420783,-42.08,0.949607,Yes,1474.99,1622.49
id#261,238.7543,4457.60,2897.44,210.5282,3930.61,5830.83,-0.325892,-32.59,0.949607,Yes,1448.72,1593.59
id#262,238.7543,7669.69,4985.30,210.5282,6997.98,7863.77,-0.110099,-11.01,0.982606,Yes,2492.65,2741.91
id#263,238.7543,5978.24,3885.86,210.5282,5978.24,7660.38,-0.219589,-21.96,1.076923,No,0.00,0.00
id#264,238.7543,7101.26,4615.82,210.5282,6299.51,6981.61,-0.097700,-9.77,0.955335,Yes,2307.91,2538.70
id#265,238.7543,5078.33,3300.91,210.5282,5078.33,6477.88,-0.216051,-21.61,1.076923,No,0.00,0.00
id#266,238.7543,4264.03,2771.62,210.5282,3759.93,5837.21,-0.355869,-35.59,0.949607,Yes,1385.81,1524.39
id#267,238.7543,6595.10,4286.81,210.5282,6226.48,6275.60,-0.007828,-0.78,1.016730,No,0.00,0.00
id#268,238.7543,4942.76,3212.79,210.5282,4942.76,5993.99,-0.175381,-17.54,1.076923,No,0.00,0.00
id#269,238.7543,5443.70,3538.40,210.5282,4800.13,7441.52,-0.354952,-35.50,0.949607,Yes,1769.20,1946.12
id#270,238.7543,5995.79,3897.26,210.5282,5855.74,5943.06,-0.014693,-1.47,1.051768,No,0.00,0.00
id#271,238.7543,4382.44,2848.59,210.5282,3881.64,5438.64,-0.286284,-28.63,0.953860,Yes,1424.29,1566.72
id#272,238.7543,7003.59,4552.33,210.5282,6175.61,7617.53,-0.189290,-18.93,0.949607,Yes,2276.17,2503.78
id#273,238.7543,6499.47,4224.65,210.5282,6434.40,6649.60,-0.032363,-3.24,1.066142,No,0.00,0.00
id#274,238.7543,6848.34,4451.42,210.5282,6249.75,6755.51,-0.074866,-7.49,0.982794,Yes,2225.71,2448.28
id#275,238.7543,3917.01,2546.06,210.5282,3453.93,5426.70,-0.363530,-36.35,0.949607,Yes,1273.03,1400.33
id#276,238.7543,3717.78,2416.55,210.5282,3278.25,5267.70,-0.377670,-37.77,0.949607,Yes,1208.28,1329.11
id#277,238.7543,8027.26,5217.72,210.5282,7719.46,7721.50,-0.000265,-0.03,1.035629,No,0.00,0.00
id#278,238.7543,6092.05,3959.83,210.5282,6092.05,6648.85,-0.083744,-8.37,1.076923,No,0.00,0.00
id#279,238.7543,8526.41,5542.17,210.5282,7547.93,8340.59,-0.095037,-9.50,0.953336,Yes,2771.08,3048.19
id#280,238.7543,4103.33,2667.16,210.5282,4103.33,5009.45,-0.180882,-18.09,1.076923,No,0.00,0.00
id#281,238.7543,6540.66,4251.43,210.5282,6532.51,6981.02,-0.064246,-6.42,1.075582,No,0.00,0.00
id#282,238.7543,6878.09,4470.76,210.5282,6069.28,8310.25,-0.269664,-26.97,0.950284,Yes,2235.38,2458.92
id#283,238.7543,5979.51,3886.68,210.5282,5272.60,8043.44,-0.344485,-34.45,0.949607,Yes,1943.34,2137.67
id#284,238.7543,5906.69,3839.35,210.5282,5208.39,7486.72,-0.304317,-30.43,0.949607,Yes,1919.67,2111.64
id#285,238.7543,4459.06,2898.39,210.5282,4459.06,4957.15,-0.100480,-10.05,1.076923,No,0.00,0.00
id#286,238.7543,5056.74,3286.88,210.5282,5056.74,6275.73,-0.194239,-19.42,1.076923,No,0.00,0.00
id#287,238.7543,5710.25,3711.66,210.5282,5035.17,6233.61,-0.192254,-19.23,0.949607,Yes,1855.83,2041.41
id#288,238.7543,6374.18,4143.22,210.5282,6065.67,6074.48,-0.001450,-0.14,1.024800,No,0.00,0.00
id#289,238.7543,6404.05,4162.63,210.5282,5664.76,6148.61,-0.078692,-7.87,0.952602,Yes,2081.32,2289.45
id#290,238.7543,5899.85,3834.90,210.5282,5377.57,6235.71,-0.137617,-13.76,0.981590,Yes,1917.45,2109.20
id#291,238.7543,6316.71,4105.86,210.5282,5785.63,6644.23,-0.129225,-12.92,0.986380,Yes,2052.93,2258.22
id#292,238.7543,6872.62,4467.20,210.5282,6585.45,6603.68,-0.002761,-0.28,1.031924,No,0.00,0.00
id#293,238.7543,7578.95,4926.32,210.5282,7159.06,7231.91,-0.010072,-1.01,1.017260,No,0.00,0.00
id#294,238.7543,7867.16,5113.65,210.5282,7867.16,8333.69,-0.055981,-5.60,1.076923,No,0.00,0.00
id#295,238.7543,5112.05,3322.83,210.5282,4919.35,4920.99,-0.000333,-0.03,1.036328,No,0.00,0.00
id#296,238.7543,4984.16,3239.71,210.5282,4559.59,5302.81,-0.140154,-14.02,0.985187,Yes,1619.85,1781.84
id#297,238.7543,4143.57,2693.32,210.5282,4143.57,5480.70,-0.243971,-24.40,1.076923,No,0.00,0.00
id#298,238.7543,5781.33,3757.87,210.5282,5428.27,5583.13,-0.027738,-2.77,1.011155,No,0.00,0.00
id#299,238.7543,5210.12,3386.58,210.5282,5210.12,6084.23,-0.143668,-14.37,1.076923,No,0.00,0.00
id#300,238.7543,5947.58,3865.93,210.5282,5244.45,8587.17,-0.389270,-38.93,0.949607,Yes,1932.96,2126.26
id#301,238.7543,4644.90,3019.19,210.5282,4596.49,4797.55,-0.041910,-4.19,1.065698,No,0.00,0.00
id#302,238.7543,7831.26,5090.32,210.5282,7543.87,7548.53,-0.000618,-0.06,1.037402,No,0.00,0.00
id#303,238.7543,5804.05,3772.63,210.5282,5351.48,5666.39,-0.055574,-5.56,0.992951,Yes,1886.32,2074.95
id#304,238.7543,5612.07,3647.85,210.5282,5612.07,6659.61,-0.157297,-15.73,1.076923,No,0.00,0.00
id#305,238.7543,6467.07,4203.60,210.5282,5702.52,7020.09,-0.187686,-18.77,0.949607,Yes,2101.80,2311.98
id#306,238.7543,6048.39,3931.45,210.5282,5333.33,7976.44,-0.331364,-33.14,0.949607,Yes,1965.73,2162.30
id#307,238.7543,5254.13,3415.18,210.5282,4632.97,7159.41,-0.352884,-35.29,0.949607,Yes,1707.59,1878.35
id#308,238.7543,6404.14,4162.69,210.5282,6310.00,6347.45,-0.005899,-0.59,1.061094,No,0.00,0.00
id#309,238.7543,4888.75,3177.69,210.5282,4888.75,5383.57,-0.091912,-9.19,1.076923,No,0.00,0.00
id#310,238.7543,7856.13,5106.49,210.5282,7231.71,7654.30,-0.055210,-5.52,0.991327,Yes,2553.24,2808.57
id#311,238.7543,5492.56,3570.17,210.5282,5490.61,5827.94,-0.057881,-5.79,1.076540,No,0.00,0.00
id#312,238.7543,5550.52,3607.84,210.5282,5550.45,5928.75,-0.063807,-6.38,1.076911,No,0.00,0.00
id#313,238.7543,6849.80,4452.37,210.5282,6843.03,7032.38,-0.026926,-2.69,1.075858,No,0.00,0.00
id#314,238.7543,6005.51,3903.58,210.5282,5854.48,5913.87,-0.010042,-1.00,1.049840,No,0.00,0.00
id#315,238.7543,5092.80,3310.32,210.5282,4490.72,7711.04,-0.417625,-41.76,0.949607,Yes,1655.16,1820.68
id#316,238.7543,4838.39,3144.95,210.5282,4266.38,5959.06,-0.284051,-28.41,0.949607,Yes,1572.48,1729.72
id#317,238.7543,5983.44,3889.23,210.5282,5983.44,6287.26,-0.048324,-4.83,1.076923,No,0.00,0.00
id#318,238.7543,5459.58,3548.73,210.5282,4814.13,6145.72,-0.216669,-21.67,0.949607,Yes,1774.36,1951.80
id#319,238.7543,7735.94,5028.36,210.5282,7057.05,7781.71,-0.093123,-9.31,0.982415,Yes,2514.18,2765.60
id#320,238.7543,5313.34,3453.67,210.5282,4685.19,5799.26,-0.192107,-19.21,0.949607,Yes,1726.84,1899.52
id#321,238.7543,4638.27,3014.87,210.5282,4638.27,6298.48,-0.263589,-26.36,1.076923,No,0.00,0.00
id#322,238.7543,8162.50,5305.62,210.5282,7378.74,7967.73,-0.073922,-7.39,0.973517,Yes,2652.81,2918.09
id#323,238.7543,4601.95,2991.27,210.5282,4057.90,5482.30,-0.259818,-25.98,0.949607,Yes,1495.63,1645.20
id#324,238.7543,6728.70,4373.65,210.5282,5933.22,7702.08,-0.229661,-22.97,0.949607,Yes,2186.83,2405.51
id#325,238.7543,4897.79,3183.56,210.5282,4897.79,5292.29,-0.074541,-7.45,1.076923,No,0.00,0.00
id#326,238.7543,7390.16,4803.60,210.5282,6810.40,7064.36,-0.035950,-3.60,0.992438,Yes,2401.80,2641.98
id#327,238.7543,5395.10,3506.81,210.5282,4932.28,5438.33,-0.093053,-9.31,0.984539,Yes,1753.41,1928.75
id#328,238.7543,5796.53,3767.75,210.5282,5200.78,6038.75,-0.138765,-13.88,0.966241,Yes,1883.87,2072.26
id#329,238.7543,6446.25,4190.06,210.5282,5898.11,6181.54,-0.045851,-4.59,0.985350,Yes,2095.03,2304.53
id#330,238.7543,7512.96,4883.42,210.5282,7134.31,7165.80,-0.004395,-0.44,1.022647,No,0.00,0.00
id#331,238.7543,6426.33,4177.12,210.5282,5978.11,6405.12,-0.066666,-6.67,1.001810,No,0.00,0.00
id#332,238.7543,5430.10,3529.56,210.5282,5189.51,5191.34,-0.000352,-0.04,1.029209,No,0.00,0.00
id#333,238.7543,6696.72,4352.87,210.5282,6138.88,6407.29,-0.041891,-4.19,0.987215,Yes,2176.43,2394.08
id#334,238.7543,6280.04,4082.02,210.5282,6058.24,6067.97,-0.001604,-0.16,1.038888,No,0.00,0.00
id#335,238.7543,5735.53,3728.09,210.5282,5731.30,6254.27,-0.083619,-8.36,1.076128,No,0.00,0.00
id#336,238.7543,4699.28,3054.53,210.5282,4699.28,5655.38,-0.169060,-16.91,1.076923,No,0.00,0.00
id#337,238.7543,6054.67,3935.54,210.5282,5972.64,6129.96,-0.025664,-2.57,1.062332,No,0.00,0.00
id#338,238.7543,3744.78,2434.11,210.5282,3744.78,4801.72,-0.220118,-22.01,1.076923,No,0.00,0.00
id#339,238.7543,8592.42,5585.08,210.5282,7942.25,8250.58,-0.037370,-3.74,0.995434,Yes,2792.54,3071.79
id#340,238.7543,6661.90,4330.24,210.5282,6576.69,6810.75,-0.034367,-3.44,1.063148,No,0.00,0.00
id#341,238.7543,5052.49,3284.12,210.5282,4568.47,5240.54,-0.128244,-12.82,0.973756,Yes,1642.06,1806.26
id#342,238.7543,7574.95,4923.72,210.5282,6772.05,7412.49,-0.086400,-8.64,0.962776,Yes,2461.86,2708.04
id#343,238.7543,6429.40,4179.11,210.5282,6425.26,6707.07,-0.042016,-4.20,1.076231,No,0.00,0.00
id#344,238.7543,5083.34,3304.17,210.5282,5083.34,6125.24,-0.170099,-17.01,1.076923,No,0.00,0.00
id#345,238.7543,5973.72,3882.92,210.5282,5324.57,6488.02,-0.179322,-17.93,0.959897,Yes,1941.46,2135.60
id#346,238.7543,5710.48,3711.81,210.5282,5043.69,6720.37,-0.249492,-24.95,0.951176,Yes,1855.91,2041.50
id#347,238.7543,7419.61,4822.75,210.5282,6730.51,8012.30,-0.159978,-16.00,0.976903,Yes,2411.37,2652.51
id#348,238.7543,5346.80,3475.42,210.5282,4714.69,6533.41,-0.278372,-27.84,0.949607,Yes,1737.71,1911.48
id#349,238.7543,5102.82,3316.83,210.5282,4731.94,5039.38,-0.061007,-6.10,0.998651,Yes,1658.42,1824.26
id#350,238.7543,7888.04,5127.23,210.5282,6955.50,8826.04,-0.211934,-21.19,0.949607,Yes,2563.61,2819.98
id#351,238.7543,6855.21,4455.89,210.5282,6855.21,7672.34,-0.106503,-10.65,1.076923,No,0.00,0.00
id#352,238.7543,7561.96,4915.27,210.5282,6969.86,7577.46,-0.080184,-8.02,0.992601,Yes,2457.64,2703.40
id#353,238.7543,6652.50,4324.13,210.5282,6643.60,6829.93,-0.027281,-2.73,1.075482,No,0.00,0.00
id#354,238.7543,6822.17,4434.41,210.5282,6822.17,7930.77,-0.139784,-13.98,1.076923,No,0.00,0.00
id#355,238.7543,5626.54,3657.25,210.5282,4972.99,5974.07,-0.167571,-16.76,0.951834,Yes,1828.63,2011.49
id#356,238.7543,8188.21,5322.34,210.5282,7263.18,7903.54,-0.081022,-8.10,0.955262,Yes,2661.17,2927.29
id#357,238.7543,7541.71,4902.11,210.5282,7478.61,7721.48,-0.031453,-3.15,1.067913,No,0.00,0.00
id#358,238.7543,3694.00,2401.10,210.5282,3694.00,4444.97,-0.168949,-16.89,1.076923,No,0.00,0.00
id#359,238.7543,7669.60,4985.24,210.5282,7160.49,7342.47,-0.024785,-2.48,1.005436,No,0.00,0.00
id#360,238.7543,6741.42,4381.92,210.5282,6741.42,7391.94,-0.088004,-8.80,1.076923,No,0.00,0.00
id#361,238.7543,5277.09,3430.11,210.5282,4836.75,5469.20,-0.115639,-11.56,0.987060,Yes,1715.05,1886.56
id#362,238.7543,4832.89,3141.38,210.5282,4832.89,6813.96,-0.290737,-29.07,1.076923,No,0.00,0.00
id#363,238.7543,4891.46,3179.45,210.5282,4891.46,6462.53,-0.243104,-24.31,1.076923,No,0.00,0.00
id#364,238.7543,8001.50,5200.98,210.5282,7129.91,8354.66,-0.146594,-14.66,0.959616,Yes,2600.49,2860.54
id#365,238.7543,6622.13,4304.39,210.5282,6343.30,6344.36,-0.000167,-0.02,1.031578,No,0.00,0.00
id#366,238.7543,5552.05,3608.83,210.5282,5210.05,5373.78,-0.030469,-3.05,1.010586,No,0.00,0.00
id#367,238.7543,5713.53,3713.80,210.5282,5301.31,5401.60,-0.018568,-1.86,0.999224,Yes,1856.90,2042.59
id#368,238.7543,5340.81,3471.52,210.5282,5284.33,5333.51,-0.009221,-0.92,1.065535,No,0.00,0.00
id#369,238.7543,6739.87,4380.92,210.5282,6683.48,6893.16,-0.030419,-3.04,1.067912,No,0.00,0.00
id#370,238.7543,7373.35,4792.68,210.5282,6553.87,8285.14,-0.208960,-20.90,0.957234,Yes,2396.34,2635.97
id#371,238.7543,8656.86,5626.96,210.5282,8321.38,8321.80,-0.000050,-0.01,1.035188,No,0.00,0.00
id#372,238.7543,7633.92,4962.05,210.5282,6955.27,7616.14,-0.086772,-8.68,0.981185,Yes,2481.02,2729.13
id#373,238.7543,5631.25,3660.31,210.5282,5631.25,7472.26,-0.246380,-24.64,1.076923,No,0.00,0.00
id#374,238.7543,5397.10,3508.12,210.5282,5397.10,6497.01,-0.169295,-16.93,1.076923,No,0.00,0.00
id#375,238.7543,5501.34,3575.87,210.5282,5501.34,6717.87,-0.181090,-18.11,1.076923,No,0.00,0.00
id#376,238.7543,6723.93,4370.55,210.5282,6723.93,7063.09,-0.048019,-4.80,1.076923,No,0.00,0.00
id#377,238.7543,6134.96,3987.72,210.5282,5409.67,6603.97,-0.180846,-18.08,0.949607,Yes,1993.86,2193.25
id#378,238.7543,5432.79,3531.31,210.5282,4938.29,5411.55,-0.087455,-8.75,0.978900,Yes,1765.66,1942.22
id#379,238.7543,6072.62,3947.21,210.5282,5354.70,8427.47,-0.364613,-36.46,0.949607,Yes,1973.60,2170.96
id#380,238.7543,5285.50,3435.57,210.5282,4665.83,5600.36,-0.166869,-16.69,0.950665,Yes,1717.79,1889.56
id#381,238.7543,5026.63,3267.31,210.5282,4908.04,4952.82,-0.009042,-0.90,1.051514,No,0.00,0.00
id#382,238.7543,5980.55,3887.36,210.5282,5980.55,6691.09,-0.106191,-10.62,1.076923,No,0.00,0.00
id#383,238.7543,6828.92,4438.80,210.5282,6650.26,6691.19,-0.006117,-0.61,1.048749,No,0.00,0.00
id#384,238.7543,7456.35,4846.63,210.5282,7069.25,7104.71,-0.004991,-0.50,1.021014,No,0.00,0.00
id#385,238.7543,4510.22,2931.64,210.5282,4510.22,5284.39,-0.146502,-14.65,1.076923,No,0.00,0.00
id#386,238.7543,4753.23,3089.60,210.5282,4191.29,7004.38,-0.401619,-40.16,0.949607,Yes,1544.80,1699.28
id#387,238.7543,5204.22,3382.74,210.5282,5204.22,6158.75,-0.154988,-15.50,1.076923,No,0.00,0.00
id#388,238.7543,6869.03,4464.87,210.5282,6364.13,6765.80,-0.059368,-5.94,0.997764,Yes,2232.44,2455.68
id#389,238.7543,4846.90,3150.49,210.5282,4273.89,6974.08,-0.387175,-38.72,0.949607,Yes,1575.24,1732.77
id#390,238.7543,8207.27,5334.72,210.5282,7589.00,8004.91,-0.051957,-5.20,0.995796,Yes,2667.36,2934.10
id#391,238.7543,4853.06,3154.49,210.5282,4853.06,5477.81,-0.114051,-11.41,1.076923,No,0.00,0.00
id#392,238.7543,5805.24,3773.41,210.5282,5469.88,5516.69,-0.008485,-0.85,1.014711,No,0.00,0.00
id#393,238.7543,7855.01,5105.76,210.5282,6926.37,8023.90,-0.136782,-13.68,0.949607,Yes,2552.88,2808.17
id#394,238.7543,6428.24,4178.36,210.5282,6265.03,6301.49,-0.005786,-0.58,1.049580,No,0.00,0.00
id#395,238.7543,5564.70,3617.06,210.5282,4906.83,8099.58,-0.394188,-39.42,0.949607,Yes,1808.53,1989.38
id#396,238.7543,6611.52,4297.49,210.5282,6611.52,6962.19,-0.050368,-5.04,1.076923,No,0.00,0.00
id#397,238.7543,4629.13,3008.94,210.5282,4537.97,4639.85,-0.021957,-2.20,1.055714,No,0.00,0.00
id#398,238.7543,6346.52,4125.24,210.5282,6346.52,7113.12,-0.107773,-10.78,1.076923,No,0.00,0.00
id#399,238.7543,5200.53,3380.35,210.5282,4585.71,7865.96,-0.417018,-41.70,0.949607,Yes,1690.17,1859.19
id#400,238.7543,5547.18,3605.67,210.5282,5266.24,5285.83,-0.003706,-0.37,1.022382,No,0.00,0.00
id#401,238.7543,7437.93,4834.65,210.5282,7022.09,7062.09,-0.005664,-0.57,1.016714,No,0.00,0.00
id#402,238.7543,5595.14,3636.84,210.5282,4933.67,7295.18,-0.323708,-32.37,0.949607,Yes,1818.42,2000.26
id#403,238.7543,6774.97,4403.73,210.5282,6588.51,6650.09,-0.009261,-0.93,1.047284,No,0.00,0.00
id#404,238.7543,5256.92,3416.99,210.5282,4694.87,5216.32,-0.099965,-10.00,0.961784,Yes,1708.50,1879.35
id#405,238.7543,7558.97,4913.33,210.5282,6665.33,8176.46,-0.184814,-18.48,0.949607,Yes,2456.67,2702.33
id#406,238.7543,6154.62,4000.51,210.5282,6022.63,6100.38,-0.012746,-1.27,1.053826,No,0.00,0.00
id#407,238.7543,3805.12,2473.33,210.5282,3805.06,4201.39,-0.094334,-9.43,1.076907,No,0.00,0.00
id#408,238.7543,6277.42,4080.32,210.5282,6107.50,6151.08,-0.007084,-0.71,1.047773,No,0.00,0.00
id#409,238.7543,4932.06,3205.84,210.5282,4932.06,6140.51,-0.196801,-19.68,1.076923,No,0.00,0.00
id#410,238.7543,5126.35,3332.13,210.5282,4616.32,5319.40,-0.132173,-13.22,0.969778,Yes,1666.06,1832.67
id#411,238.7543,4968.25,3229.36,210.5282,4380.89,5636.39,-0.222749,-22.27,0.949607,Yes,1614.68,1776.15
id#412,238.7543,5310.09,3451.56,210.5282,5190.58,5279.16,-0.016780,-1.68,1.052686,No,0.00,0.00
id#413,238.7543,7916.14,5145.49,210.5282,7744.89,7800.03,-0.007070,-0.71,1.053626,No,0.00,0.00
id#414,238.7543,6645.17,4319.36,210.5282,6509.49,6621.32,-0.016889,-1.69,1.054935,No,0.00,0.00
id#415,238.7543,5347.79,3476.06,210.5282,5326.68,5445.62,-0.021841,-2.18,1.072673,No,0.00,0.00
id#416,238.7543,5546.25,3605.06,210.5282,4890.56,7094.47,-0.310652,-31.07,0.949607,Yes,1802.53,1982.78
id#417,238.7543,6821.81,4434.18,210.5282,6015.32,7710.81,-0.219885,-21.99,0.949607,Yes,2217.09,2438.80
id#418,238.7543,5289.28,3438.04,210.5282,4663.97,6564.25,-0.289488,-28.95,0.949607,Yes,1719.02,1890.92
id#419,238.7543,4892.05,3179.83,210.5282,4892.05,6438.85,-0.240229,-24.02,1.076923,No,0.00,0.00
id#420,238.7543,4471.48,2906.46,210.5282,4471.48,5495.54,-0.186344,-18.63,1.076923,No,0.00,0.00
id#421,238.7543,5701.06,3705.69,210.5282,5027.06,8868.70,-0.433168,-43.32,0.949607,Yes,1852.84,2038.13
id#422,238.7543,4210.09,2736.56,210.5282,4210.09,5246.33,-0.197517,-19.75,1.076923,No,0.00,0.00
id#423,238.7543,5853.16,3804.55,210.5282,5161.19,6802.90,-0.241325,-24.13,0.949607,Yes,1902.28,2092.51
id#424,238.7543,6598.21,4288.84,210.5282,6174.83,6260.20,-0.013637,-1.36,1.007821,No,0.00,0.00
id#425,238.7543,7892.38,5130.04,210.5282,7659.42,7690.46,-0.004037,-0.40,1.045136,No,0.00,0.00
id#426,238.7543,4983.66,3239.38,210.5282,4401.04,5980.96,-0.264157,-26.42,0.951026,Yes,1619.69,1781.66
id#427,238.7543,5114.91,3324.69,210.5282,4594.60,5501.55,-0.164854,-16.49,0.967373,Yes,1662.35,1828.58
id#428,238.7543,5757.31,3742.25,210.5282,5757.31,6975.53,-0.174642,-17.46,1.076923,No,0.00,0.00
id#429,238.7543,4341.01,2821.66,210.5282,4336.75,4719.44,-0.081088,-8.11,1.075867,No,0.00,0.00
id#430,238.7543,6943.49,4513.27,210.5282,6664.99,6665.51,-0.000078,-0.01,1.033729,No,0.00,0.00
id#431,238.7543,5757.16,3742.15,210.5282,5757.16,7276.32,-0.208782,-20.88,1.076923,No,0.00,0.00
id#432,238.7543,7838.32,5094.91,210.5282,6911.65,8769.42,-0.211846,-21.18,0.949607,Yes,2547.45,2802.20
id#433,238.7543,5791.86,3764.71,210.5282,5119.30,6703.40,-0.236313,-23.63,0.951870,Yes,1882.35,2070.59
id#434,238.7543,7752.01,5038.81,210.5282,7321.30,7359.56,-0.005199,-0.52,1.017087,No,0.00,0.00
id#435,238.7543,4405.24,2863.41,210.5282,3884.45,5698.34,-0.318320,-31.83,0.949607,Yes,1431.70,1574.87
id#436,238.7543,6380.18,4147.12,210.5282,5625.90,7823.16,-0.280866,-28.09,0.949607,Yes,2073.56,2280.92
id#437,238.7543,7802.88,5071.87,210.5282,7565.56,7604.85,-0.005165,-0.52,1.044170,No,0.00,0.00
id#438,238.7543,6868.54,4464.55,210.5282,6782.09,7047.04,-0.037598,-3.76,1.063367,No,0.00,0.00
id#439,238.7543,6126.69,3982.35,210.5282,5402.37,8857.98,-0.390112,-39.01,0.949607,Yes,1991.17,2190.29
id#440,238.7543,7728.35,5023.43,210.5282,7309.09,7346.89,-0.005145,-0.51,1.018501,No,0.00,0.00
id#441,238.7543,7484.76,4865.10,210.5282,7026.18,7133.96,-0.015107,-1.51,1.010941,No,0.00,0.00
id#442,238.7543,6367.49,4138.87,210.5282,6367.49,7187.16,-0.114046,-11.40,1.076923,No,0.00,0.00
id#443,238.7543,6627.68,4307.99,210.5282,6572.86,6807.22,-0.034429,-3.44,1.068016,No,0.00,0.00
id#444,238.7543,4508.34,2930.42,210.5282,4508.34,5272.41,-0.144920,-14.49,1.076923,No,0.00,0.00
id#445,238.7543,4548.09,2956.26,210.5282,4548.09,6187.81,-0.264992,-26.50,1.076923,No,0.00,0.00
id#446,238.7543,4004.06,2602.64,210.5282,4004.06,5445.57,-0.264713,-26.47,1.076923,No,0.00,0.00
id#447,238.7543,5186.72,3371.37,210.5282,4574.76,5801.81,-0.211495,-21.15,0.949860,Yes,1685.69,1854.25
id#448,238.7543,5104.14,3317.69,210.5282,4958.77,4998.08,-0.007863,-0.79,1.046252,No,0.00,0.00
id#449,238.7543,6236.98,4054.04,210.5282,5608.25,6200.02,-0.095446,-9.54,0.968362,Yes,2027.02,2229.72
id#450,238.7543,6416.11,4170.47,210.5282,6416.11,7394.62,-0.132328,-13.23,1.076923,No,0.00,0.00
id#451,238.7543,4939.74,3210.83,210.5282,4939.74,5771.58,-0.144128,-14.41,1.076923,No,0.00,0.00
id#452,238.7543,7240.92,4706.60,210.5282,6412.18,7697.73,-0.167004,-16.70,0.953667,Yes,2353.30,2588.63
id#453,238.7543,7842.26,5097.47,210.5282,7160.81,7745.03,-0.075432,-7.54,0.983345,Yes,2548.73,2803.61
id#454,238.7543,5419.31,3522.55,210.5282,5404.11,5702.87,-0.052388,-5.24,1.073902,No,0.00,0.00
id#455,238.7543,5407.58,3514.93,210.5282,4905.60,5718.01,-0.142080,-14.21,0.976953,Yes,1757.46,1933.21
id#456,238.7543,5748.60,3736.59,210.5282,5068.99,7562.07,-0.329683,-32.97,0.949607,Yes,1868.29,2055.12
id#457,238.7543,5970.96,3881.13,210.5282,5970.96,6757.85,-0.116441,-11.64,1.076923,No,0.00,0.00
id#458,238.7543,8567.79,5569.06,210.5282,7750.89,8284.45,-0.064405,-6.44,0.974243,Yes,2784.53,3062.99
id#459,238.7543,7539.54,4900.70,210.5282,6881.96,7491.62,-0.081379,-8.14,0.982996,Yes,2450.35,2695.39
id#460,238.7543,5593.38,3635.70,210.5282,4943.62,6109.17,-0.190788,-19.08,0.951821,Yes,1817.85,1999.63
id#461,238.7543,6729.11,4373.92,210.5282,6249.61,6405.24,-0.024297,-2.43,1.000184,No,0.00,0.00
id#462,238.7543,5884.11,3824.67,210.5282,5819.63,5977.91,-0.026476,-2.65,1.065123,No,0.00,0.00
id#463,238.7543,5910.61,3841.90,210.5282,5768.84,5849.56,-0.013798,-1.38,1.051093,No,0.00,0.00
id#464,238.7543,8354.62,5430.50,210.5282,7890.23,7944.26,-0.006801,-0.68,1.017063,No,0.00,0.00
id#465,238.7543,8553.19,5559.57,210.5282,8005.96,8126.25,-0.014803,-1.48,1.008022,No,0.00,0.00
id#466,238.7543,4280.10,2782.07,210.5282,4280.10,5262.82,-0.186729,-18.67,1.076923,No,0.00,0.00
id#467,238.7543,6191.36,4024.39,210.5282,5987.08,6006.15,-0.003175,-0.32,1.041390,No,0.00,0.00
id#468,238.7543,6593.91,4286.04,210.5282,5906.42,6934.93,-0.148308,-14.83,0.964643,Yes,2143.02,2357.32
id#469,238.7543,4478.07,2910.75,210.5282,4357.51,4402.11,-0.010132,-1.01,1.047928,No,0.00,0.00
id#470,238.7543,4950.25,3217.66,210.5282,4365.02,5908.83,-0.261271,-26.13,0.949607,Yes,1608.83,1769.71
id#471,238.7543,4206.41,2734.16,210.5282,4206.41,4870.67,-0.136380,-13.64,1.076923,No,0.00,0.00
id#472,238.7543,5693.44,3700.74,210.5282,5476.45,5477.52,-0.000194,-0.02,1.035880,No,0.00,0.00
id#473,238.7543,5956.63,3871.81,210.5282,5252.43,7198.29,-0.270323,-27.03,0.949607,Yes,1935.91,2129.50
id#474,238.7543,7849.52,5102.19,210.5282,7581.17,7593.10,-0.001571,-0.16,1.040107,No,0.00,0.00
id#475,238.7543,4028.94,2618.81,210.5282,3552.63,6032.06,-0.411042,-41.10,0.949607,Yes,1309.41,1440.35
id#476,238.7543,6845.06,4449.29,210.5282,6035.82,8122.94,-0.256941,-25.69,0.949607,Yes,2224.64,2447.11
id#477,238.7543,7040.24,4576.16,210.5282,6536.44,6747.74,-0.031315,-3.13,0.999857,Yes,2288.08,2516.89
id#478,238.7543,6137.32,3989.26,210.5282,5925.00,5927.94,-0.000497,-0.05,1.039667,No,0.00,0.00
id#479,238.7543,7608.41,4945.47,210.5282,7257.87,7262.54,-0.000643,-0.06,1.027306,No,0.00,0.00
id#480,238.7543,6100.27,3965.18,210.5282,5970.34,6019.81,-0.008218,-0.82,1.053985,No,0.00,0.00
id#481,238.7543,6185.32,4020.46,210.5282,5997.46,6030.25,-0.005438,-0.54,1.044215,No,0.00,0.00
id#482,238.7543,7097.85,4613.60,210.5282,6258.72,8168.47,-0.233795,-23.38,0.949607,Yes,2306.80,2537.48
id#483,238.7543,5109.88,3321.42,210.5282,5109.88,6364.31,-0.197103,-19.71,1.076923,No,0.00,0.00
id#484,238.7543,5601.79,3641.16,210.5282,4939.53,8672.94,-0.430466,-43.05,0.949607,Yes,1820.58,2002.64
id#485,238.7543,4887.07,3176.59,210.5282,4887.07,5437.84,-0.101285,-10.13,1.076923,No,0.00,0.00
id#486,238.7543,5867.10,3813.62,210.5282,5867.10,7349.35,-0.201684,-20.17,1.076923,No,0.00,0.00
id#487,238.7543,6100.54,3965.35,210.5282,5428.96,7450.68,-0.271347,-27.13,0.958370,Yes,1982.68,2180.94
id#488,238.7543,7512.37,4883.04,210.5282,6987.75,7278.79,-0.039985,-4.00,1.001716,No,0.00,0.00
id#489,238.7543,6583.97,4279.58,210.5282,5805.60,8629.64,-0.327249,-32.72,0.949607,Yes,2139.79,2353.77
id#490,238.7543,5411.84,3517.70,210.5282,4784.87,5759.01,-0.169151,-16.92,0.952159,Yes,1758.85,1934.73
id#491,238.7543,6833.09,4441.51,210.5282,6461.33,6563.48,-0.015564,-1.56,1.018332,No,0.00,0.00
id#492,238.7543,7592.46,4935.10,210.5282,7135.67,7197.25,-0.008556,-0.86,1.012131,No,0.00,0.00
id#493,238.7543,5344.51,3473.93,210.5282,4981.50,5282.18,-0.056923,-5.69,1.003777,No,0.00,0.00
id#494,238.7543,7860.55,5109.35,210.5282,7577.94,7587.20,-0.001221,-0.12,1.038204,No,0.00,0.00
id#495,238.7543,4735.45,3078.04,210.5282,4175.61,6455.05,-0.353124,-35.31,0.949607,Yes,1539.02,1692.92
id#496,238.7543,6332.50,4116.13,210.5282,5619.66,7226.98,-0.222405,-22.24,0.955696,Yes,2058.06,2263.87
id#497,238.7543,4394.77,2856.60,210.5282,3875.21,5702.67,-0.320457,-32.05,0.949607,Yes,1428.30,1571.13
id#498,238.7543,5119.92,3327.95,210.5282,5119.92,5970.64,-0.142485,-14.25,1.076923,No,0.00,0.00
id#499,238.7543,8289.64,5388.27,210.5282,7309.62,8599.64,-0.150009,-15.00,0.949607,Yes,2694.13,2963.55
