position_id,seed_price,position_value_at_seed,loan_amount,close_price,position_value_at_close,hold_value,impermanent_loss,impermanent_loss_pct,health_factor,should_liquidate,repay_amount,collateral_to_take
id#0,1810.3169,6367.95,4139.17,2197.5612,6966.68,6982.18,-0.002219,-0.22,1.178178,No,0.00,0.00
id#1,1810.3169,4850.45,3152.79,2197.5612,4850.45,5962.12,-0.186454,-18.65,1.076923,No,0.00,0.00
id#2,1810.3169,8145.91,5294.84,2197.5612,8972.26,9029.77,-0.006370,-0.64,1.186170,No,0.00,0.00
id#3,1810.3169,6606.23,4294.05,2197.5612,8019.37,8543.21,-0.061316,-6.13,1.307287,No,0.00,0.00
id#4,1810.3169,5679.71,3691.81,2197.5612,5726.42,6551.02,-0.125874,-12.59,1.085780,No,0.00,0.00
id#5,1810.3169,4593.86,2986.01,2197.5612,5502.16,5876.40,-0.063686,-6.37,1.289851,No,0.00,0.00
id#6,1810.3169,5629.59,3659.24,2197.5612,6815.01,7488.78,-0.089970,-9.00,1.303690,No,0.00,0.00
id#7,1810.3169,4733.97,3077.08,2197.5612,4733.97,7881.10,-0.399326,-39.93,1.076923,No,0.00,0.00
id#8,1810.3169,5962.66,3875.73,2197.5612,5962.66,7560.06,-0.211294,-21.13,1.076923,No,0.00,0.00
id#9,1810.3169,4727.87,3073.12,2197.5612,4727.87,7220.11,-0.345180,-34.52,1.076923,No,0.00,0.00
id#10,1810.3169,5215.37,3389.99,2197.5612,5917.68,6001.46,-0.013961,-1.40,1.221943,No,0.00,0.00
id#11,1810.3169,6813.23,4428.60,2197.5612,7661.23,7866.96,-0.026151,-2.62,1.210962,No,0.00,0.00
id#12,1810.3169,5057.37,3287.29,2197.5612,5057.37,7135.26,-0.291215,-29.12,1.076923,No,0.00,0.00
id#13,1810.3169,5059.76,3288.84,2197.5612,6142.09,8314.80,-0.261307,-26.13,1.307287,No,0.00,0.00
id#14,1810.3169,6289.09,4087.91,2197.5612,7265.06,8078.77,-0.100722,-10.07,1.244045,No,0.00,0.00
id#15,1810.3169,4070.42,2645.77,2197.5612,4941.12,6868.19,-0.280578,-28.06,1.307287,No,0.00,0.00
id#16,1810.3169,7758.20,5042.83,2197.5612,8810.34,8896.68,-0.009706,-0.97,1.222971,No,0.00,0.00
id#17,1810.3169,6537.66,4249.48,2197.5612,7893.85,8425.33,-0.063081,-6.31,1.300323,No,0.00,0.00
id#18,1810.3169,4895.13,3181.83,2197.5612,5654.30,5829.94,-0.030127,-3.01,1.243941,No,0.00,0.00
id#19,1810.3169,6899.56,4484.72,2197.5612,6899.56,8825.51,-0.218225,-21.82,1.076923,No,0.00,0.00
id#20,1810.3169,6129.05,3983.88,2197.5612,6129.05,9656.97,-0.365323,-36.53,1.076923,No,0.00,0.00
id#21,1810.3169,5026.29,3267.09,2197.5612,5026.29,7502.63,-0.330063,-33.01,1.076923,No,0.00,0.00
id#22,1810.3169,4838.48,3145.02,2197.5612,4838.48,6355.98,-0.238751,-23.88,1.076923,No,0.00,0.00
id#23,1810.3169,5683.27,3694.13,2197.5612,5875.58,6259.28,-0.061300,-6.13,1.113364,No,0.00,0.00
id#24,1810.3169,5955.53,3871.09,2197.5612,7229.47,7565.52,-0.044419,-4.44,1.307287,No,0.00,0.00
id#25,1810.3169,6537.53,4249.40,2197.5612,7935.97,9529.92,-0.167257,-16.73,1.307287,No,0.00,0.00
id#26,1810.3169,4604.40,2992.86,2197.5612,4604.40,5746.49,-0.198746,-19.87,1.076923,No,0.00,0.00
id#27,1810.3169,4807.66,3124.98,2197.5612,5033.66,5231.17,-0.037757,-3.78,1.127547,No,0.00,0.00
id#28,1810.3169,7978.46,5186.00,2197.5612,7978.46,9681.36,-0.175895,-17.59,1.076923,No,0.00,0.00
id#29,1810.3169,6519.71,4237.81,2197.5612,6875.13,7098.86,-0.031516,-3.15,1.135631,No,0.00,0.00
id#30,1810.3169,8785.39,5710.50,2197.5612,9469.42,9627.52,-0.016422,-1.64,1.160772,No,0.00,0.00
id#31,1810.3169,6818.41,4431.97,2197.5612,7209.49,7407.08,-0.026676,-2.67,1.138691,No,0.00,0.00
id#32,1810.3169,6916.06,4495.44,2197.5612,6999.74,7769.73,-0.099102,-9.91,1.089953,No,0.00,0.00
id#33,1810.3169,7416.52,4820.74,2197.5612,7416.52,9402.10,-0.211185,-21.12,1.076923,No,0.00,0.00
id#34,1810.3169,6153.47,3999.75,2197.5612,6184.11,7170.32,-0.137540,-13.75,1.082286,No,0.00,0.00
id#35,1810.3169,5145.02,3344.26,2197.5612,5145.08,6052.78,-0.149964,-15.00,1.076936,No,0.00,0.00
id#36,1810.3169,4241.50,2756.97,2197.5612,5148.79,6682.78,-0.229543,-22.95,1.307287,No,0.00,0.00
id#37,1810.3169,5062.16,3290.40,2197.5612,5062.16,7035.13,-0.280446,-28.04,1.076923,No,0.00,0.00
id#38,1810.3169,5208.30,3385.39,2197.5612,5208.30,7327.67,-0.289229,-28.92,1.076923,No,0.00,0.00
id#39,1810.3169,5890.96,3829.12,2197.5612,5890.96,8127.97,-0.275223,-27.52,1.076923,No,0.00,0.00
id#40,1810.3169,4076.93,2650.00,2197.5612,4076.93,5709.82,-0.285980,-28.60,1.076923,No,0.00,0.00
id#41,1810.3169,4103.11,2667.02,2197.5612,4103.11,6111.30,-0.328602,-32.86,1.076923,No,0.00,0.00
id#42,1810.3169,5523.04,3589.97,2197.5612,5923.59,5960.61,-0.006210,-0.62,1.155026,No,0.00,0.00
id#43,1810.3169,5140.35,3341.23,2197.5612,6239.93,7774.04,-0.197339,-19.73,1.307287,No,0.00,0.00
id#44,1810.3169,4435.33,2882.97,2197.5612,5384.09,6824.49,-0.211063,-21.11,1.307287,No,0.00,0.00
id#45,1810.3169,4414.82,2869.63,2197.5612,4414.82,6765.27,-0.347429,-34.74,1.076923,No,0.00,0.00
id#46,1810.3169,5856.62,3806.80,2197.5612,5856.62,9330.41,-0.372308,-37.23,1.076923,No,0.00,0.00
id#47,1810.3169,6928.08,4503.25,2197.5612,7126.54,7621.20,-0.064905,-6.49,1.107773,No,0.00,0.00
id#48,1810.3169,5232.22,3400.94,2197.5612,5264.97,5987.15,-0.120621,-12.06,1.083666,No,0.00,0.00
id#49,1810.3169,6941.18,4511.76,2197.5612,7620.54,7620.54,-0.000000,-0.00,1.182326,No,0.00,0.00
id#50,1810.3169,6317.15,4106.15,2197.5612,7088.52,7096.22,-0.001084,-0.11,1.208424,No,0.00,0.00
id#51,1810.3169,5815.59,3780.14,2197.5612,7006.64,7624.73,-0.081064,-8.11,1.297479,No,0.00,0.00
id#52,1810.3169,7232.99,4701.45,2197.5612,7232.99,9202.13,-0.213987,-21.40,1.076923,No,0.00,0.00
id#53,1810.3169,6066.47,3943.20,2197.5612,6138.69,6741.62,-0.089433,-8.94,1.089744,No,0.00,0.00
id#54,1810.3169,6170.55,4010.86,2197.5612,7259.18,7392.46,-0.018029,-1.80,1.266918,No,0.00,0.00
id#55,1810.3169,6392.98,4155.44,2197.5612,6590.32,7069.44,-0.067774,-6.78,1.110165,No,0.00,0.00
id#56,1810.3169,5267.13,3423.63,2197.5612,6373.73,6510.40,-0.020991,-2.10,1.303182,No,0.00,0.00
id#57,1810.3169,6852.72,4454.26,2197.5612,8146.64,8568.54,-0.049238,-4.92,1.280267,No,0.00,0.00
id#58,1810.3169,4548.83,2956.74,2197.5612,4548.83,6397.11,-0.288925,-28.89,1.076923,No,0.00,0.00
id#59,1810.3169,5577.04,3625.08,2197.5612,5589.02,6543.23,-0.145832,-14.58,1.079237,No,0.00,0.00
id#60,1810.3169,7441.89,4837.23,2197.5612,8467.65,8792.24,-0.036918,-3.69,1.225361,No,0.00,0.00
id#61,1810.3169,5628.61,3658.60,2197.5612,5628.68,6846.58,-0.177885,-17.79,1.076936,No,0.00,0.00
id#62,1810.3169,5491.47,3569.46,2197.5612,5810.26,5949.09,-0.023337,-2.33,1.139441,No,0.00,0.00
id#63,1810.3169,6369.16,4139.95,2197.5612,7476.91,7925.90,-0.056649,-5.66,1.264227,No,0.00,0.00
id#64,1810.3169,4978.90,3236.29,2197.5612,5886.66,6113.24,-0.037063,-3.71,1.273270,No,0.00,0.00
id#65,1810.3169,7561.88,4915.23,2197.5612,8645.67,8866.33,-0.024888,-2.49,1.231270,No,0.00,0.00
id#66,1810.3169,6584.52,4279.94,2197.5612,6584.89,7652.81,-0.139547,-13.95,1.076984,No,0.00,0.00
id#67,1810.3169,6839.04,4445.37,2197.5612,8301.97,9270.32,-0.104456,-10.45,1.307287,No,0.00,0.00
id#68,1810.3169,6758.74,4393.18,2197.5612,8204.49,10194.82,-0.195229,-19.52,1.307287,No,0.00,0.00
id#69,1810.3169,5011.72,3257.62,2197.5612,5958.46,6295.79,-0.053580,-5.36,1.280361,No,0.00,0.00
id#70,1810.3169,4348.45,2826.49,2197.5612,5278.63,6667.10,-0.208257,-20.83,1.307287,No,0.00,0.00
id#71,1810.3169,6225.77,4046.75,2197.5612,7157.57,7492.43,-0.044692,-4.47,1.238106,No,0.00,0.00
id#72,1810.3169,7399.67,4809.78,2197.5612,7758.22,8079.08,-0.039715,-3.97,1.129105,No,0.00,0.00
id#73,1810.3169,7814.22,5079.25,2197.5612,7814.22,9035.91,-0.135203,-13.52,1.076923,No,0.00,0.00
id#74,1810.3169,7763.34,5046.17,2197.5612,9337.61,9487.09,-0.015756,-1.58,1.295305,No,0.00,0.00
id#75,1810.3169,8161.53,5304.99,2197.5612,8304.86,9000.88,-0.077328,-7.73,1.095836,No,0.00,0.00
id#76,1810.3169,6136.23,3988.55,2197.5612,6136.23,8132.66,-0.245483,-24.55,1.076923,No,0.00,0.00
id#77,1810.3169,5716.96,3716.03,2197.5612,6287.41,6287.48,-0.000012,-0.00,1.184379,No,0.00,0.00
id#78,1810.3169,5706.78,3709.41,2197.5612,6637.63,6928.30,-0.041955,-4.20,1.252582,No,0.00,0.00
id#79,1810.3169,7850.48,5102.81,2197.5612,8081.81,8665.01,-0.067305,-6.73,1.108657,No,0.00,0.00
id#80,1810.3169,4354.70,2830.56,2197.5612,5286.22,5891.94,-0.102805,-10.28,1.307287,No,0.00,0.00
id#81,1810.3169,5118.08,3326.75,2197.5612,6212.89,7159.69,-0.132241,-13.22,1.307287,No,0.00,0.00
id#82,1810.3169,6163.02,4005.96,2197.5612,6402.24,6751.48,-0.051728,-5.17,1.118725,No,0.00,0.00
id#83,1810.3169,6160.42,4004.27,2197.5612,6160.42,7925.17,-0.222677,-22.27,1.076923,No,0.00,0.00
id#84,1810.3169,4748.39,3086.46,2197.5612,4748.39,6463.74,-0.265380,-26.54,1.076923,No,0.00,0.00
id#85,1810.3169,5386.81,3501.43,2197.5612,6539.10,8505.39,-0.231182,-23.12,1.307287,No,0.00,0.00
id#86,1810.3169,5848.65,3801.62,2197.5612,5848.65,8510.05,-0.312735,-31.27,1.076923,No,0.00,0.00
id#87,1810.3169,5548.78,3606.71,2197.5612,6735.72,8470.01,-0.204756,-20.48,1.307287,No,0.00,0.00
id#88,1810.3169,5282.45,3433.59,2197.5612,6001.99,6098.78,-0.015870,-1.59,1.223613,No,0.00,0.00
id#89,1810.3169,5427.25,3527.72,2197.5612,6588.20,7451.65,-0.115874,-11.59,1.307287,No,0.00,0.00
id#90,1810.3169,6990.79,4544.02,2197.5612,6990.79,9071.06,-0.229330,-22.93,1.076923,No,0.00,0.00
id#91,1810.3169,7690.04,4998.53,2197.5612,8677.48,8747.80,-0.008039,-0.80,1.215205,No,0.00,0.00
id#92,1810.3169,5305.05,3448.28,2197.5612,6347.67,6738.24,-0.057963,-5.80,1.288574,No,0.00,0.00
id#93,1810.3169,7335.01,4767.75,2197.5612,8114.56,8237.86,-0.014967,-1.50,1.191377,No,0.00,0.00
id#94,1810.3169,4714.41,3064.36,2197.5612,4714.41,7047.38,-0.331042,-33.10,1.076923,No,0.00,0.00
id#95,1810.3169,5147.39,3345.80,2197.5612,5428.40,5568.11,-0.025091,-2.51,1.135714,No,0.00,0.00
id#96,1810.3169,4278.34,2780.92,2197.5612,4278.34,5817.31,-0.264551,-26.46,1.076923,No,0.00,0.00
id#97,1810.3169,7975.55,5184.11,2197.5612,7975.67,9093.92,-0.122966,-12.30,1.076940,No,0.00,0.00
id#98,1810.3169,7046.66,4580.33,2197.5612,8308.10,8438.82,-0.015491,-1.55,1.269706,No,0.00,0.00
id#99,1810.3169,7525.65,4891.68,2197.5612,7643.66,8421.50,-0.092363,-9.24,1.093810,No,0.00,0.00
id#100,1810.3169,7841.75,5097.14,2197.5612,8274.40,8613.98,-0.039422,-3.94,1.136341,No,0.00,0.00
id#101,1810.3169,3945.16,2564.36,2197.5612,4789.07,6385.35,-0.249990,-25.00,1.307287,No,0.00,0.00
id#102,1810.3169,5617.95,3651.67,2197.5612,5805.87,6195.12,-0.062832,-6.28,1.112947,No,0.00,0.00
id#103,1810.3169,8314.69,5404.55,2197.5612,9622.77,9686.16,-0.006544,-0.65,1.246346,No,0.00,0.00
id#104,1810.3169,5017.32,3261.26,2197.5612,5968.94,6104.93,-0.022275,-2.23,1.281180,No,0.00,0.00
id#105,1810.3169,5478.05,3560.73,2197.5612,6444.61,6553.71,-0.016648,-1.66,1.266938,No,0.00,0.00
id#106,1810.3169,7004.52,4552.94,2197.5612,7004.52,9103.36,-0.230557,-23.06,1.076923,No,0.00,0.00
id#107,1810.3169,4931.58,3205.53,2197.5612,5833.92,6186.66,-0.057015,-5.70,1.273971,No,0.00,0.00
id#108,1810.3169,7538.71,4900.16,2197.5612,7624.31,8358.62,-0.087850,-8.79,1.089151,No,0.00,0.00
id#109,1810.3169,6402.21,4161.44,2197.5612,6456.29,7153.41,-0.097453,-9.75,1.086020,No,0.00,0.00
id#110,1810.3169,5440.98,3536.64,2197.5612,5440.98,8060.89,-0.325015,-32.50,1.076923,No,0.00,0.00
id#111,1810.3169,6989.29,4543.04,2197.5612,8153.28,8952.99,-0.089323,-8.93,1.256272,No,0.00,0.00
id#112,1810.3169,4106.24,2669.06,2197.5612,4106.24,7066.74,-0.418934,-41.89,1.076923,No,0.00,0.00
id#113,1810.3169,6682.90,4343.88,2197.5612,7091.44,7267.86,-0.024273,-2.43,1.142759,No,0.00,0.00
id#114,1810.3169,7075.11,4598.82,2197.5612,7128.44,8084.24,-0.118230,-11.82,1.085040,No,0.00,0.00
id#115,1810.3169,4154.43,2700.38,2197.5612,4154.43,5637.88,-0.263121,-26.31,1.076923,No,0.00,0.00
id#116,1810.3169,5706.39,3709.15,2197.5612,6927.04,8730.70,-0.206588,-20.66,1.307287,No,0.00,0.00
id#117,1810.3169,6718.47,4367.00,2197.5612,7582.20,7865.65,-0.036036,-3.60,1.215373,No,0.00,0.00
id#118,1810.3169,6920.95,4498.62,2197.5612,7227.51,7562.74,-0.044327,-4.43,1.124625,No,0.00,0.00
id#119,1810.3169,6497.62,4223.45,2197.5612,6497.62,7536.36,-0.137830,-13.78,1.076923,No,0.00,0.00
id#120,1810.3169,7026.17,4567.01,2197.5612,7282.16,7724.69,-0.057288,-5.73,1.116159,No,0.00,0.00
id#121,1810.3169,6308.99,4100.84,2197.5612,7457.59,8464.18,-0.118924,-11.89,1.272985,No,0.00,0.00
id#122,1810.3169,7250.67,4712.94,2197.5612,8179.11,8391.77,-0.025341,-2.53,1.214822,No,0.00,0.00
id#123,1810.3169,6967.78,4529.06,2197.5612,8067.65,8079.67,-0.001488,-0.15,1.246915,No,0.00,0.00
id#124,1810.3169,5427.44,3527.84,2197.5612,5427.44,8670.03,-0.374000,-37.40,1.076923,No,0.00,0.00
id#125,1810.3169,7108.98,4620.84,2197.5612,7903.01,8008.89,-0.013220,-1.32,1.197208,No,0.00,0.00
id#126,1810.3169,8057.49,5237.37,2197.5612,8064.87,9234.42,-0.126651,-12.67,1.077910,No,0.00,0.00
id#127,1810.3169,7292.20,4739.93,2197.5612,7690.92,7948.35,-0.032389,-3.24,1.135807,No,0.00,0.00
id#128,1810.3169,5368.13,3489.29,2197.5612,5368.13,8262.11,-0.350271,-35.03,1.076923,No,0.00,0.00
id#129,1810.3169,5799.42,3769.63,2197.5612,5799.42,8932.52,-0.350752,-35.08,1.076923,No,0.00,0.00
id#130,1810.3169,4996.86,3247.96,2197.5612,5478.39,5483.95,-0.001014,-0.10,1.180704,No,0.00,0.00
id#131,1810.3169,7107.80,4620.07,2197.5612,7207.88,7942.92,-0.092539,-9.25,1.092087,No,0.00,0.00
id#132,1810.3169,7445.50,4839.58,2197.5612,7554.10,8235.17,-0.082703,-8.27,1.092630,No,0.00,0.00
id#133,1810.3169,7228.20,4698.33,2197.5612,8095.28,8128.61,-0.004099,-0.41,1.206109,No,0.00,0.00
id#134,1810.3169,6124.29,3980.79,2197.5612,7278.63,8190.01,-0.111280,-11.13,1.279906,No,0.00,0.00
id#135,1810.3169,5804.70,3773.05,2197.5612,5804.70,7849.06,-0.260459,-26.05,1.076923,No,0.00,0.00
id#136,1810.3169,7194.20,4676.23,2197.5612,7639.60,7802.96,-0.020936,-2.09,1.143596,No,0.00,0.00
id#137,1810.3169,5635.25,3662.91,2197.5612,5635.25,8829.31,-0.361757,-36.18,1.076923,No,0.00,0.00
id#138,1810.3169,7174.76,4663.60,2197.5612,7174.76,9862.80,-0.272543,-27.25,1.076923,No,0.00,0.00
id#139,1810.3169,7596.03,4937.42,2197.5612,8143.83,8204.14,-0.007350,-0.74,1.154588,No,0.00,0.00
id#140,1810.3169,5241.39,3406.90,2197.5612,5388.06,5820.77,-0.074339,-7.43,1.107059,No,0.00,0.00
id#141,1810.3169,6281.73,4083.13,2197.5612,7471.11,8411.78,-0.111828,-11.18,1.280826,No,0.00,0.00
id#142,1810.3169,4565.93,2967.86,2197.5612,5542.63,6345.59,-0.126539,-12.65,1.307287,No,0.00,0.00
id#143,1810.3169,6918.71,4497.16,2197.5612,8398.68,9394.09,-0.105961,-10.60,1.307287,No,0.00,0.00
id#144,1810.3169,6899.96,4484.97,2197.5612,6899.96,7933.24,-0.130248,-13.02,1.076923,No,0.00,0.00
id#145,1810.3169,6082.04,3953.32,2197.5612,7383.04,8578.18,-0.139323,-13.93,1.307287,No,0.00,0.00
id#146,1810.3169,6980.64,4537.42,2197.5612,7681.28,7689.27,-0.001039,-0.10,1.185013,No,0.00,0.00
id#147,1810.3169,7824.60,5085.99,2197.5612,8433.53,8492.15,-0.006902,-0.69,1.160732,No,0.00,0.00
id#148,1810.3169,4170.44,2710.79,2197.5612,4170.44,7132.05,-0.415254,-41.53,1.076923,No,0.00,0.00
id#149,1810.3169,4299.50,2794.68,2197.5612,4299.50,5550.90,-0.225440,-22.54,1.076923,No,0.00,0.00
id#150,1810.3169,5590.57,3633.87,2197.5612,6786.45,8447.89,-0.196670,-19.67,1.307287,No,0.00,0.00
id#151,1810.3169,8358.23,5432.85,2197.5612,10005.87,10095.73,-0.008901,-0.89,1.289215,No,0.00,0.00
id#152,1810.3169,7228.41,4698.46,2197.5612,7407.21,8039.10,-0.078602,-7.86,1.103562,No,0.00,0.00
id#153,1810.3169,6583.31,4279.15,2197.5612,7865.24,7928.98,-0.008038,-0.80,1.286627,No,0.00,0.00
id#154,1810.3169,5138.83,3340.24,2197.5612,5138.83,7262.06,-0.292373,-29.24,1.076923,No,0.00,0.00
id#155,1810.3169,6193.64,4025.86,2197.5612,7518.51,9229.22,-0.185358,-18.54,1.307287,No,0.00,0.00
id#156,1810.3169,6694.36,4351.34,2197.5612,7277.06,7291.25,-0.001946,-0.19,1.170661,No,0.00,0.00
id#157,1810.3169,5252.99,3414.44,2197.5612,6376.41,6895.86,-0.075328,-7.53,1.307237,No,0.00,0.00
id#158,1810.3169,6404.42,4162.87,2197.5612,7631.52,8331.78,-0.084047,-8.40,1.283264,No,0.00,0.00
id#159,1810.3169,5369.39,3490.10,2197.5612,5369.39,8437.96,-0.363662,-36.37,1.076923,No,0.00,0.00
id#160,1810.3169,7805.30,5073.44,2197.5612,8574.89,8640.78,-0.007626,-0.76,1.183106,No,0.00,0.00
id#161,1810.3169,5544.59,3603.98,2197.5612,5544.59,6723.20,-0.175306,-17.53,1.076923,No,0.00,0.00
id#162,1810.3169,6586.62,4281.30,2197.5612,6586.62,8292.09,-0.205675,-20.57,1.076923,No,0.00,0.00
id#163,1810.3169,4350.86,2828.06,2197.5612,4350.86,6572.92,-0.338064,-33.81,1.076923,No,0.00,0.00
id#164,1810.3169,5906.63,3839.31,2197.5612,5906.71,7155.98,-0.174577,-17.46,1.076937,No,0.00,0.00
id#165,1810.3169,6126.40,3982.16,2197.5612,7409.55,7840.88,-0.055010,-5.50,1.302482,No,0.00,0.00
id#166,1810.3169,5375.77,3494.25,2197.5612,6525.70,8766.32,-0.255595,-25.56,1.307287,No,0.00,0.00
id#167,1810.3169,7873.01,5117.45,2197.5612,7921.13,8806.86,-0.100573,-10.06,1.083506,No,0.00,0.00
id#168,1810.3169,6134.29,3987.29,2197.5612,6134.29,8637.34,-0.289794,-28.98,1.076923,No,0.00,0.00
id#169,1810.3169,3991.07,2594.19,2197.5612,3991.07,5471.23,-0.270535,-27.05,1.076923,No,0.00,0.00
id#170,1810.3169,6274.33,4078.31,2197.5612,7301.63,7992.66,-0.086458,-8.65,1.253249,No,0.00,0.00
id#171,1810.3169,5371.70,3491.60,2197.5612,6036.01,6165.67,-0.021031,-2.10,1.210105,No,0.00,0.00
id#172,1810.3169,4439.32,2885.56,2197.5612,5388.93,7362.18,-0.268025,-26.80,1.307287,No,0.00,0.00
id#173,1810.3169,4675.98,3039.39,2197.5612,4675.98,6443.16,-0.274272,-27.43,1.076923,No,0.00,0.00
id#174,1810.3169,5611.23,3647.30,2197.5612,6811.53,9420.89,-0.276976,-27.70,1.307287,No,0.00,0.00
id#175,1810.3169,3718.02,2416.72,2197.5612,3718.02,5663.88,-0.343556,-34.36,1.076923,No,0.00,0.00
id#176,1810.3169,7398.19,4808.82,2197.5612,8676.32,8971.48,-0.032900,-3.29,1.262974,No,0.00,0.00
id#177,1810.3169,6655.18,4325.87,2197.5612,6762.56,7487.99,-0.096879,-9.69,1.094299,No,0.00,0.00
id#178,1810.3169,5294.91,3441.69,2197.5612,5300.17,6293.40,-0.157820,-15.78,1.077994,No,0.00,0.00
id#179,1810.3169,5204.54,3382.95,2197.5612,6317.84,8091.58,-0.219209,-21.92,1.307287,No,0.00,0.00
id#180,1810.3169,4432.48,2881.11,2197.5612,4432.48,5862.68,-0.243950,-24.40,1.076923,No,0.00,0.00
id#181,1810.3169,5948.91,3866.79,2197.5612,6863.58,7020.06,-0.022290,-2.23,1.242505,No,0.00,0.00
id#182,1810.3169,5719.45,3717.64,2197.5612,6027.70,6181.98,-0.024957,-2.50,1.134963,No,0.00,0.00
id#183,1810.3169,6083.98,3954.59,2197.5612,7183.58,7574.74,-0.051639,-5.16,1.271563,No,0.00,0.00
id#184,1810.3169,7736.23,5028.55,2197.5612,8517.86,8525.90,-0.000943,-0.09,1.185731,No,0.00,0.00
id#185,1810.3169,5049.75,3282.34,2197.5612,5049.75,6505.91,-0.223822,-22.38,1.076923,No,0.00,0.00
id#186,1810.3169,5847.19,3800.67,2197.5612,5847.19,7198.59,-0.187732,-18.77,1.076923,No,0.00,0.00
id#187,1810.3169,8192.59,5325.18,2197.5612,8199.46,9204.73,-0.109212,-10.92,1.077826,No,0.00,0.00
id#188,1810.3169,6696.68,4352.84,2197.5612,6721.12,7809.87,-0.139406,-13.94,1.080854,No,0.00,0.00
id#189,1810.3169,4226.79,2747.41,2197.5612,5093.04,5696.32,-0.105907,-10.59,1.297632,No,0.00,0.00
id#190,1810.3169,4749.84,3087.39,2197.5612,4749.84,7651.79,-0.379252,-37.93,1.076923,No,0.00,0.00
id#191,1810.3169,5971.67,3881.59,2197.5612,5971.67,8715.92,-0.314855,-31.49,1.076923,No,0.00,0.00
id#192,1810.3169,5875.11,3818.82,2197.5612,7131.85,8965.37,-0.204511,-20.45,1.307287,No,0.00,0.00
id#193,1810.3169,7389.25,4803.01,2197.5612,8969.89,10137.33,-0.115163,-11.52,1.307287,No,0.00,0.00
id#194,1810.3169,3813.07,2478.49,2197.5612,4628.72,6344.52,-0.270438,-27.04,1.307287,No,0.00,0.00
id#195,1810.3169,4742.58,3082.68,2197.5612,4742.58,5836.53,-0.187431,-18.74,1.076923,No,0.00,0.00
id#196,1810.3169,5662.38,3680.54,2197.5612,6847.90,7590.00,-0.097773,-9.78,1.302398,No,0.00,0.00
id#197,1810.3169,5533.26,3596.62,2197.5612,5533.26,9076.77,-0.390394,-39.04,1.076923,No,0.00,0.00
id#198,1810.3169,4629.12,3008.93,2197.5612,4629.12,6745.94,-0.313792,-31.38,1.076923,No,0.00,0.00
id#199,1810.3169,4224.42,2745.88,2197.5612,5128.07,6854.87,-0.251909,-25.19,1.307287,No,0.00,0.00
id#200,1810.3169,5676.16,3689.51,2197.5612,5819.88,6262.18,-0.070631,-7.06,1.104189,No,0.00,0.00
id#201,1810.3169,5858.41,3807.96,2197.5612,7111.58,8522.75,-0.165577,-16.56,1.307287,No,0.00,0.00
id#202,1810.3169,7293.42,4740.72,2197.5612,8177.36,8223.77,-0.005643,-0.56,1.207443,No,0.00,0.00
id#203,1810.3169,5428.96,3528.83,2197.5612,6590.27,9281.03,-0.289920,-28.99,1.307287,No,0.00,0.00
id#204,1810.3169,7866.69,5113.35,2197.5612,8237.23,8586.21,-0.040644,-4.06,1.127650,No,0.00,0.00
id#205,1810.3169,5540.16,3601.11,2197.5612,5540.16,7049.33,-0.214086,-21.41,1.076923,No,0.00,0.00
id#206,1810.3169,3764.73,2447.07,2197.5612,3764.73,5764.99,-0.346967,-34.70,1.076923,No,0.00,0.00
id#207,1810.3169,4833.07,3141.50,2197.5612,5866.91,7353.39,-0.202149,-20.21,1.307287,No,0.00,0.00
id#208,1810.3169,5449.72,3542.32,2197.5612,6615.47,7445.02,-0.111423,-11.14,1.307287,No,0.00,0.00
id#209,1810.3169,5884.44,3824.89,2197.5612,5884.44,6857.52,-0.141899,-14.19,1.076923,No,0.00,0.00
id#210,1810.3169,7447.55,4840.91,2197.5612,7447.55,9645.60,-0.227881,-22.79,1.076923,No,0.00,0.00
id#211,1810.3169,4440.10,2886.06,2197.5612,4440.10,6322.85,-0.297770,-29.78,1.076923,No,0.00,0.00
id#212,1810.3169,3894.63,2531.51,2197.5612,4727.73,5786.50,-0.182973,-18.30,1.307287,No,0.00,0.00
id#213,1810.3169,5411.22,3517.29,2197.5612,6035.49,6164.00,-0.020848,-2.08,1.201164,No,0.00,0.00
id#214,1810.3169,6219.78,4042.85,2197.5612,6219.78,8691.80,-0.284409,-28.44,1.076923,No,0.00,0.00
id#215,1810.3169,4454.89,2895.68,2197.5612,5367.89,6478.02,-0.171369,-17.14,1.297629,No,0.00,0.00
id#216,1810.3169,5751.31,3738.35,2197.5612,6428.33,6446.01,-0.002743,-0.27,1.203694,No,0.00,0.00
id#217,1810.3169,7146.85,4645.45,2197.5612,8314.02,8453.67,-0.016519,-1.65,1.252798,No,0.00,0.00
id#218,1810.3169,5519.17,3587.46,2197.5612,5519.17,6633.87,-0.168032,-16.80,1.076923,No,0.00,0.00
id#219,1810.3169,4037.68,2624.49,2197.5612,4901.38,6030.31,-0.187210,-18.72,1.307287,No,0.00,0.00
id#220,1810.3169,6112.60,3973.19,2197.5612,7062.26,7266.75,-0.028140,-2.81,1.244235,No,0.00,0.00
id#221,1810.3169,6006.55,3904.26,2197.5612,7291.41,9728.33,-0.250498,-25.05,1.307287,No,0.00,0.00
id#222,1810.3169,5981.82,3888.19,2197.5612,6564.87,6574.16,-0.001413,-0.14,1.181891,No,0.00,0.00
id#223,1810.3169,5430.76,3530.00,2197.5612,6029.55,6083.57,-0.008880,-0.89,1.195663,No,0.00,0.00
id#224,1810.3169,7562.07,4915.35,2197.5612,8714.93,8721.86,-0.000795,-0.08,1.241102,No,0.00,0.00
id#225,1810.3169,7582.53,4928.65,2197.5612,8896.26,9307.69,-0.044203,-4.42,1.263508,No,0.00,0.00
id#226,1810.3169,5164.95,3357.22,2197.5612,6172.61,6695.60,-0.078110,-7.81,1.287026,No,0.00,0.00
id#227,1810.3169,7034.26,4572.27,2197.5612,7034.26,8708.50,-0.192253,-19.23,1.076923,No,0.00,0.00
id#228,1810.3169,7847.80,5101.07,2197.5612,8294.00,8533.46,-0.028061,-2.81,1.138152,No,0.00,0.00
id#229,1810.3169,6072.30,3946.99,2197.5612,6841.06,7005.70,-0.023502,-2.35,1.213262,No,0.00,0.00
id#230,1810.3169,5560.93,3614.60,2197.5612,6750.47,9377.68,-0.280156,-28.02,1.307287,No,0.00,0.00
id#231,1810.3169,4664.42,3031.87,2197.5612,5345.18,5738.18,-0.068489,-6.85,1.234098,No,0.00,0.00
id#232,1810.3169,8615.16,5599.85,2197.5612,8634.10,9670.71,-0.107191,-10.72,1.079290,No,0.00,0.00
id#233,1810.3169,6478.43,4210.98,2197.5612,6703.80,7134.14,-0.060320,-6.03,1.114387,No,0.00,0.00
id#234,1810.3169,7198.87,4679.27,2197.5612,7214.83,8361.14,-0.137099,-13.71,1.079310,No,0.00,0.00
id#235,1810.3169,4292.44,2790.08,2197.5612,4983.38,5494.02,-0.092944,-9.29,1.250273,No,0.00,0.00
id#236,1810.3169,5907.30,3839.74,2197.5612,6422.78,6450.71,-0.004329,-0.43,1.170897,No,0.00,0.00
id#237,1810.3169,5319.04,3457.37,2197.5612,5319.04,8947.24,-0.405511,-40.55,1.076923,No,0.00,0.00
id#238,1810.3169,4246.56,2760.26,2197.5612,4246.56,5408.61,-0.214852,-21.49,1.076923,No,0.00,0.00
id#239,1810.3169,6509.21,4230.99,2197.5612,7874.56,8733.03,-0.098302,-9.83,1.302814,No,0.00,0.00
id#240,1810.3169,4669.39,3035.10,2197.5612,4669.39,7049.97,-0.337673,-33.77,1.076923,No,0.00,0.00
id#241,1810.3169,7997.48,5198.36,2197.5612,8345.50,8792.22,-0.050809,-5.08,1.123788,No,0.00,0.00
id#242,1810.3169,5225.04,3396.28,2197.5612,6003.34,6196.33,-0.031147,-3.11,1.237336,No,0.00,0.00
id#243,1810.3169,6527.44,4242.83,2197.5612,7194.96,7250.95,-0.007721,-0.77,1.187055,No,0.00,0.00
id#244,1810.3169,5940.88,3861.57,2197.5612,7211.69,8984.39,-0.197309,-19.73,1.307287,No,0.00,0.00
id#245,1810.3169,7997.86,5198.61,2197.5612,8506.28,8656.75,-0.017382,-1.74,1.145383,No,0.00,0.00
id#246,1810.3169,5491.41,3569.42,2197.5612,6137.68,6206.41,-0.011074,-1.11,1.203663,No,0.00,0.00
id#247,1810.3169,4799.29,3119.54,2197.5612,4799.29,5745.58,-0.164698,-16.47,1.076923,No,0.00,0.00
id#248,1810.3169,5529.00,3593.85,2197.5612,6321.05,6767.18,-0.065926,-6.59,1.231198,No,0.00,0.00
id#249,1810.3169,5596.85,3637.95,2197.5612,6603.41,6964.60,-0.051861,-5.19,1.270601,No,0.00,0.00
id#250,1810.3169,6366.54,4138.25,2197.5612,7293.44,7360.69,-0.009137,-0.91,1.233711,No,0.00,0.00
id#251,1810.3169,5821.51,3783.98,2197.5612,5821.51,8105.07,-0.281745,-28.17,1.076923,No,0.00,0.00
id#252,1810.3169,6791.27,4414.32,2197.5612,7878.59,7878.71,-0.000014,-0.00,1.249346,No,0.00,0.00
id#253,1810.3169,5869.97,3815.48,2197.5612,6237.21,6459.21,-0.034370,-3.44,1.144299,No,0.00,0.00
id#254,1810.3169,5150.33,3347.72,2197.5612,5178.21,5861.98,-0.116644,-11.66,1.082752,No,0.00,0.00
id#255,1810.3169,5689.16,3697.95,2197.5612,6473.17,6668.29,-0.029261,-2.93,1.225331,No,0.00,0.00
id#256,1810.3169,6047.36,3930.78,2197.5612,6047.36,7997.17,-0.243813,-24.38,1.076923,No,0.00,0.00
id#257,1810.3169,7335.81,4768.28,2197.5612,8135.90,8150.12,-0.001745,-0.17,1.194378,No,0.00,0.00
id#258,1810.3169,5529.23,3594.00,2197.5612,6711.99,8961.14,-0.250990,-25.10,1.307287,No,0.00,0.00
id#259,1810.3169,7288.47,4737.51,2197.5612,8520.15,9094.54,-0.063158,-6.32,1.258912,No,0.00,0.00
id#260,1810.3169,4576.17,2974.51,2197.5612,4576.17,6866.59,-0.333560,-33.36,1.076923,No,0.00,0.00
id#261,1810.3169,5132.59,3336.18,2197.5612,5132.59,6588.07,-0.220926,-22.09,1.076923,No,0.00,0.00
id#262,1810.3169,8146.33,5295.11,2197.5612,8713.90,8812.50,-0.011188,-1.12,1.151955,No,0.00,0.00
id#263,1810.3169,7830.16,5089.60,2197.5612,8893.77,8938.79,-0.005037,-0.50,1.223206,No,0.00,0.00
id#264,1810.3169,4309.93,2801.45,2197.5612,4309.93,6112.81,-0.294935,-29.49,1.076923,No,0.00,0.00
id#265,1810.3169,5190.94,3374.11,2197.5612,5958.36,6009.23,-0.008466,-0.85,1.236133,No,0.00,0.00
id#266,1810.3169,7574.58,4923.48,2197.5612,8467.98,8488.82,-0.002455,-0.25,1.203943,No,0.00,0.00
id#267,1810.3169,5115.82,3325.28,2197.5612,5126.12,5917.92,-0.133797,-13.38,1.079092,No,0.00,0.00
id#268,1810.3169,6718.99,4367.34,2197.5612,7463.93,7489.83,-0.003458,-0.35,1.196323,No,0.00,0.00
id#269,1810.3169,7940.05,5161.03,2197.5612,8072.11,8793.36,-0.082023,-8.20,1.094834,No,0.00,0.00
id#270,1810.3169,3835.85,2493.30,2197.5612,3835.85,6408.21,-0.401417,-40.14,1.076923,No,0.00,0.00
id#271,1810.3169,5735.29,3727.94,2197.5612,5735.29,7221.34,-0.205786,-20.58,1.076923,No,0.00,0.00
id#272,1810.3169,7391.77,4804.65,2197.5612,7661.68,8124.66,-0.056985,-5.70,1.116248,No,0.00,0.00
id#273,1810.3169,6044.32,3928.81,2197.5612,6538.81,6566.44,-0.004207,-0.42,1.165028,No,0.00,0.00
id#274,1810.3169,5405.22,3513.39,2197.5612,6561.45,7541.86,-0.129996,-13.00,1.307287,No,0.00,0.00
id#275,1810.3169,6807.34,4424.77,2197.5612,8036.70,8183.89,-0.017986,-1.80,1.271408,No,0.00,0.00
id#276,1810.3169,4818.35,3131.93,2197.5612,4818.35,7484.07,-0.356186,-35.62,1.076923,No,0.00,0.00
id#277,1810.3169,4686.97,3046.53,2197.5612,4686.97,6949.59,-0.325576,-32.56,1.076923,No,0.00,0.00
id#278,1810.3169,4709.96,3061.48,2197.5612,5523.28,5870.97,-0.059222,-5.92,1.262886,No,0.00,0.00
id#279,1810.3169,6097.47,3963.36,2197.5612,6097.47,7796.39,-0.217911,-21.79,1.076923,No,0.00,0.00
id#280,1810.3169,6021.83,3914.19,2197.5612,7309.96,8543.74,-0.144408,-14.44,1.307287,No,0.00,0.00
id#281,1810.3169,7171.93,4661.75,2197.5612,7797.70,7799.32,-0.000207,-0.02,1.170888,No,0.00,0.00
id#282,1810.3169,7045.76,4579.74,2197.5612,8552.92,10060.18,-0.149824,-14.98,1.307287,No,0.00,0.00
id#283,1810.3169,4634.41,3012.37,2197.5612,4634.41,7276.48,-0.363097,-36.31,1.076923,No,0.00,0.00
id#284,1810.3169,8544.79,5554.11,2197.5612,9923.39,9924.39,-0.000100,-0.01,1.250673,No,0.00,0.00
id#285,1810.3169,9322.16,6059.40,2197.5612,9867.28,10272.65,-0.039460,-3.95,1.139898,No,0.00,0.00
id#286,1810.3169,3943.41,2563.22,2197.5612,4786.95,6259.00,-0.235189,-23.52,1.307287,No,0.00,0.00
id#287,1810.3169,4679.84,3041.89,2197.5612,4679.84,5784.96,-0.191033,-19.10,1.076923,No,0.00,0.00
id#288,1810.3169,7984.29,5189.79,2197.5612,7984.29,9487.79,-0.158467,-15.85,1.076923,No,0.00,0.00
id#289,1810.3169,6179.40,4016.61,2197.5612,6214.65,7190.14,-0.135671,-13.57,1.083065,No,0.00,0.00
id#290,1810.3169,5208.28,3385.39,2197.5612,5351.04,5768.09,-0.072303,-7.23,1.106441,No,0.00,0.00
id#291,1810.3169,5845.59,3799.63,2197.5612,6997.91,7375.23,-0.051160,-5.12,1.289214,No,0.00,0.00
id#292,1810.3169,6283.01,4083.95,2197.5612,6283.01,9066.39,-0.307000,-30.70,1.076923,No,0.00,0.00
id#293,1810.3169,6160.10,4004.07,2197.5612,6160.10,8611.02,-0.284625,-28.46,1.076923,No,0.00,0.00
id#294,1810.3169,5655.86,3676.31,2197.5612,6827.61,7361.04,-0.072466,-7.25,1.300034,No,0.00,0.00
id#295,1810.3169,5549.73,3607.32,2197.5612,5824.92,6017.12,-0.031942,-3.19,1.130325,No,0.00,0.00
id#296,1810.3169,6653.60,4324.84,2197.5612,7827.08,8347.96,-0.062396,-6.24,1.266857,No,0.00,0.00
id#297,1810.3169,4319.75,2807.84,2197.5612,4319.75,6584.50,-0.343952,-34.40,1.076923,No,0.00,0.00
id#298,1810.3169,6520.71,4238.46,2197.5612,6723.23,7197.73,-0.065923,-6.59,1.110371,No,0.00,0.00
id#299,1810.3169,5237.92,3404.65,2197.5612,5852.11,5987.68,-0.022643,-2.26,1.203200,No,0.00,0.00
id#300,1810.3169,4910.91,3192.09,2197.5612,5766.69,6158.99,-0.063695,-6.37,1.264590,No,0.00,0.00
id#301,1810.3169,5829.09,3788.91,2197.5612,7075.99,8221.58,-0.139339,-13.93,1.307287,No,0.00,0.00
id#302,1810.3169,6035.96,3923.37,2197.5612,6035.96,7481.50,-0.193215,-19.32,1.076923,No,0.00,0.00
id#303,1810.3169,5193.51,3375.78,2197.5612,5193.51,6416.65,-0.190619,-19.06,1.076923,No,0.00,0.00
id#304,1810.3169,7586.34,4931.12,2197.5612,7586.34,9988.28,-0.240476,-24.05,1.076923,No,0.00,0.00
id#305,1810.3169,6357.56,4132.41,2197.5612,6357.56,8966.40,-0.290958,-29.10,1.076923,No,0.00,0.00
id#306,1810.3169,4687.38,3046.79,2197.5612,5690.05,6725.73,-0.153988,-15.40,1.307287,No,0.00,0.00
id#307,1810.3169,6235.14,4052.84,2197.5612,6830.79,6847.87,-0.002494,-0.25,1.179803,No,0.00,0.00
id#308,1810.3169,9079.06,5901.39,2197.5612,9608.39,9953.27,-0.034650,-3.47,1.139710,No,0.00,0.00
id#309,1810.3169,5765.98,3747.89,2197.5612,6059.81,6330.72,-0.042793,-4.28,1.131802,No,0.00,0.00
id#310,1810.3169,5636.81,3663.93,2197.5612,5636.81,6981.08,-0.192559,-19.26,1.076923,No,0.00,0.00
id#311,1810.3169,5457.52,3547.39,2197.5612,5457.52,8310.68,-0.343312,-34.33,1.076923,No,0.00,0.00
id#312,1810.3169,4612.73,2998.28,2197.5612,4756.09,5101.50,-0.067707,-6.77,1.110393,No,0.00,0.00
id#313,1810.3169,5168.33,3359.41,2197.5612,5168.33,6566.79,-0.212961,-21.30,1.076923,No,0.00,0.00
id#314,1810.3169,7317.03,4756.07,2197.5612,8328.23,8872.74,-0.061369,-6.14,1.225751,No,0.00,0.00
id#315,1810.3169,3562.78,2315.81,2197.5612,3562.78,5567.17,-0.360037,-36.00,1.076923,No,0.00,0.00
id#316,1810.3169,5756.68,3741.84,2197.5612,6121.25,6209.66,-0.014238,-1.42,1.145124,No,0.00,0.00
id#317,1810.3169,6032.26,3920.97,2197.5612,6847.23,6896.07,-0.007082,-0.71,1.222418,No,0.00,0.00
id#318,1810.3169,4544.93,2954.21,2197.5612,4544.93,6966.60,-0.347611,-34.76,1.076923,No,0.00,0.00
id#319,1810.3169,7240.95,4706.62,2197.5612,7786.06,7871.05,-0.010799,-1.08,1.157995,No,0.00,0.00
id#320,1810.3169,6039.43,3925.63,2197.5612,6808.50,6995.66,-0.026754,-2.68,1.214060,No,0.00,0.00
id#321,1810.3169,5806.85,3774.45,2197.5612,6479.79,6499.30,-0.003002,-0.30,1.201725,No,0.00,0.00
id#322,1810.3169,6071.58,3946.53,2197.5612,6486.15,6629.22,-0.021583,-2.16,1.150455,No,0.00,0.00
id#323,1810.3169,6357.56,4132.41,2197.5612,7599.43,8077.24,-0.059154,-5.92,1.287288,No,0.00,0.00
id#324,1810.3169,4770.32,3100.71,2197.5612,5449.98,5832.43,-0.065574,-6.56,1.230359,No,0.00,0.00
id#325,1810.3169,5551.90,3608.74,2197.5612,5727.95,6130.32,-0.065637,-6.56,1.111072,No,0.00,0.00
id#326,1810.3169,5415.84,3520.29,2197.5612,6574.34,8187.40,-0.197018,-19.70,1.307287,No,0.00,0.00
id#327,1810.3169,5542.50,3602.62,2197.5612,5542.50,8104.63,-0.316132,-31.61,1.076923,No,0.00,0.00
id#328,1810.3169,4615.11,2999.82,2197.5612,4615.11,6261.90,-0.262986,-26.30,1.076923,No,0.00,0.00
id#329,1810.3169,5420.74,3523.48,2197.5612,5936.22,5969.68,-0.005605,-0.56,1.179333,No,0.00,0.00
id#330,1810.3169,4106.09,2668.96,2197.5612,4984.42,6346.48,-0.214617,-21.46,1.307287,No,0.00,0.00
id#331,1810.3169,7431.03,4830.17,2197.5612,8203.99,8247.78,-0.005310,-0.53,1.188943,No,0.00,0.00
id#332,1810.3169,5225.51,3396.58,2197.5612,5873.19,5943.70,-0.011864,-1.19,1.210403,No,0.00,0.00
id#333,1810.3169,7629.69,4959.30,2197.5612,8052.72,8348.44,-0.035422,-3.54,1.136634,No,0.00,0.00
id#334,1810.3169,7032.64,4571.21,2197.5612,7354.40,7735.87,-0.049312,-4.93,1.126195,No,0.00,0.00
id#335,1810.3169,7218.55,4692.06,2197.5612,7261.13,8369.01,-0.132380,-13.24,1.083275,No,0.00,0.00
id#336,1810.3169,4894.71,3181.56,2197.5612,4894.71,7625.94,-0.358150,-35.81,1.076923,No,0.00,0.00
id#337,1810.3169,8452.47,5494.11,2197.5612,8948.96,9199.53,-0.027237,-2.72,1.140181,No,0.00,0.00
id#338,1810.3169,5734.64,3727.51,2197.5612,5734.64,6748.35,-0.150217,-15.02,1.076923,No,0.00,0.00
id#339,1810.3169,6002.96,3901.92,2197.5612,6003.07,7098.36,-0.154303,-15.43,1.076943,No,0.00,0.00
id#340,1810.3169,6722.07,4369.34,2197.5612,6957.21,7400.06,-0.059844,-5.98,1.114595,No,0.00,0.00
id#341,1810.3169,5575.32,3623.96,2197.5612,6767.94,7948.17,-0.148490,-14.85,1.307287,No,0.00,0.00
id#342,1810.3169,4965.74,3227.73,2197.5612,5490.97,5535.29,-0.008006,-0.80,1.190830,No,0.00,0.00
id#343,1810.3169,6164.32,4006.81,2197.5612,6243.86,6989.04,-0.106621,-10.66,1.090819,No,0.00,0.00
id#344,1810.3169,5103.60,3317.34,2197.5612,5103.60,6191.26,-0.175676,-17.57,1.076923,No,0.00,0.00
id#345,1810.3169,5628.83,3658.74,2197.5612,5916.66,6105.38,-0.030909,-3.09,1.131993,No,0.00,0.00
id#346,1810.3169,6818.90,4432.29,2197.5612,8229.76,8441.55,-0.025088,-2.51,1.299743,No,0.00,0.00
id#347,1810.3169,7340.38,4771.25,2197.5612,7549.09,8112.39,-0.069437,-6.94,1.107543,No,0.00,0.00
id#348,1810.3169,5850.25,3802.66,2197.5612,5924.81,6476.97,-0.085250,-8.52,1.090648,No,0.00,0.00
id#349,1810.3169,5520.10,3588.06,2197.5612,6700.90,8938.65,-0.250345,-25.03,1.307287,No,0.00,0.00
id#350,1810.3169,4205.94,2733.86,2197.5612,4205.94,6873.55,-0.388098,-38.81,1.076923,No,0.00,0.00
id#351,1810.3169,5716.88,3715.97,2197.5612,5716.88,8775.34,-0.348529,-34.85,1.076923,No,0.00,0.00
id#352,1810.3169,4939.45,3210.64,2197.5612,4939.45,8540.05,-0.421613,-42.16,1.076923,No,0.00,0.00
id#353,1810.3169,7064.03,4591.62,2197.5612,7561.89,7728.37,-0.021542,-2.15,1.152821,No,0.00,0.00
id#354,1810.3169,7021.89,4564.23,2197.5612,7021.89,9667.46,-0.273657,-27.37,1.076923,No,0.00,0.00
id#355,1810.3169,8754.11,5690.17,2197.5612,9462.61,9592.73,-0.013564,-1.36,1.164082,No,0.00,0.00
id#356,1810.3169,3823.40,2485.21,2197.5612,3823.40,5178.14,-0.261626,-26.16,1.076923,No,0.00,0.00
id#357,1810.3169,5244.94,3409.21,2197.5612,5244.94,6982.35,-0.248829,-24.88,1.076923,No,0.00,0.00
id#358,1810.3169,6595.53,4287.09,2197.5612,7844.38,8339.91,-0.059417,-5.94,1.280837,No,0.00,0.00
id#359,1810.3169,5996.01,3897.41,2197.5612,6768.17,6786.21,-0.002659,-0.27,1.215607,No,0.00,0.00
id#360,1810.3169,6986.73,4541.37,2197.5612,7096.51,7915.39,-0.103454,-10.35,1.093845,No,0.00,0.00
id#361,1810.3169,4374.04,2843.13,2197.5612,5309.69,6190.67,-0.142308,-14.23,1.307287,No,0.00,0.00
id#362,1810.3169,5032.57,3271.17,2197.5612,5032.57,6702.88,-0.249193,-24.92,1.076923,No,0.00,0.00
id#363,1810.3169,6484.34,4214.82,2197.5612,7871.38,8308.53,-0.052615,-5.26,1.307283,No,0.00,0.00
id#364,1810.3169,4975.11,3233.82,2197.5612,5017.91,5667.69,-0.114647,-11.46,1.086188,No,0.00,0.00
id#365,1810.3169,7357.62,4782.45,2197.5612,7970.00,8025.41,-0.006903,-0.69,1.166556,No,0.00,0.00
id#366,1810.3169,8028.39,5218.45,2197.5612,8041.36,9273.96,-0.132910,-13.29,1.078662,No,0.00,0.00
id#367,1810.3169,4342.56,2822.66,2197.5612,4342.56,6534.26,-0.335417,-33.54,1.076923,No,0.00,0.00
id#368,1810.3169,5487.07,3566.59,2197.5612,5806.62,5987.11,-0.030146,-3.01,1.139641,No,0.00,0.00
id#369,1810.3169,8108.91,5270.79,2197.5612,9538.80,9557.30,-0.001935,-0.19,1.266823,No,0.00,0.00
id#370,1810.3169,5900.42,3835.27,2197.5612,5900.42,7309.41,-0.192764,-19.28,1.076923,No,0.00,0.00
id#371,1810.3169,5077.07,3300.09,2197.5612,5077.07,7515.88,-0.324488,-32.45,1.076923,No,0.00,0.00
id#372,1810.3169,5441.82,3537.19,2197.5612,5441.82,7952.32,-0.315694,-31.57,1.076923,No,0.00,0.00
id#373,1810.3169,8209.94,5336.46,2197.5612,8209.94,10068.60,-0.184599,-18.46,1.076923,No,0.00,0.00
id#374,1810.3169,6381.69,4148.10,2197.5612,6381.69,8920.32,-0.284589,-28.46,1.076923,No,0.00,0.00
id#375,1810.3169,4886.84,3176.45,2197.5612,5784.57,6401.87,-0.096425,-9.64,1.274758,No,0.00,0.00
id#376,1810.3169,4848.22,3151.34,2197.5612,4848.22,6108.57,-0.206325,-20.63,1.076923,No,0.00,0.00
id#377,1810.3169,4939.10,3210.42,2197.5612,4939.10,8297.14,-0.404722,-40.47,1.076923,No,0.00,0.00
id#378,1810.3169,5271.08,3426.20,2197.5612,5271.08,7566.65,-0.303380,-30.34,1.076923,No,0.00,0.00
id#379,1810.3169,4215.36,2739.98,2197.5612,5117.06,6389.28,-0.199118,-19.91,1.307287,No,0.00,0.00
id#380,1810.3169,5786.37,3761.14,2197.5612,5786.37,7416.47,-0.219794,-21.98,1.076923,No,0.00,0.00
id#381,1810.3169,5954.88,3870.67,2197.5612,5956.64,7033.38,-0.153090,-15.31,1.077242,No,0.00,0.00
id#382,1810.3169,5176.58,3364.78,2197.5612,6283.90,7462.44,-0.157930,-15.79,1.307287,No,0.00,0.00
id#383,1810.3169,6452.95,4194.42,2197.5612,6482.94,7530.99,-0.139166,-13.92,1.081927,No,0.00,0.00
id#384,1810.3169,5479.33,3561.56,2197.5612,6651.41,8276.55,-0.196355,-19.64,1.307287,No,0.00,0.00
id#385,1810.3169,4741.89,3082.23,2197.5612,4741.89,6215.80,-0.237123,-23.71,1.076923,No,0.00,0.00
id#386,1810.3169,5586.47,3631.21,2197.5612,5897.46,6058.31,-0.026551,-2.66,1.136874,No,0.00,0.00
id#387,1810.3169,5530.42,3594.77,2197.5612,5743.40,6067.80,-0.053463,-5.35,1.118395,No,0.00,0.00
id#388,1810.3169,6019.64,3912.77,2197.5612,6858.90,7039.52,-0.025658,-2.57,1.227067,No,0.00,0.00
id#389,1810.3169,5834.70,3792.56,2197.5612,6796.83,7346.97,-0.074881,-7.49,1.254504,No,0.00,0.00
id#390,1810.3169,5556.12,3611.48,2197.5612,6259.35,6302.48,-0.006843,-0.68,1.213229,No,0.00,0.00
id#391,1810.3169,6502.53,4226.65,2197.5612,6502.53,9267.96,-0.298386,-29.84,1.076923,No,0.00,0.00
id#392,1810.3169,7313.08,4753.51,2197.5612,8213.36,8298.12,-0.010215,-1.02,1.209498,No,0.00,0.00
id#393,1810.3169,7142.06,4642.34,2197.5612,7142.06,8852.33,-0.193200,-19.32,1.076923,No,0.00,0.00
id#394,1810.3169,7349.56,4777.21,2197.5612,8721.20,8917.69,-0.022033,-2.20,1.277908,No,0.00,0.00
id#395,1810.3169,5462.48,3550.61,2197.5612,6378.28,6380.32,-0.000320,-0.03,1.257471,No,0.00,0.00
id#396,1810.3169,7990.78,5194.01,2197.5612,8506.17,8679.76,-0.019999,-2.00,1.146383,No,0.00,0.00
id#397,1810.3169,5603.00,3641.95,2197.5612,5910.80,6058.00,-0.024298,-2.43,1.136085,No,0.00,0.00
id#398,1810.3169,4294.10,2791.16,2197.5612,4294.10,6371.77,-0.326075,-32.61,1.076923,No,0.00,0.00
id#399,1810.3169,6049.11,3931.92,2197.5612,6677.63,6690.21,-0.001880,-0.19,1.188819,No,0.00,0.00
id#400,1810.3169,6224.87,4046.16,2197.5612,7556.43,9303.77,-0.187810,-18.78,1.307287,No,0.00,0.00
id#401,1810.3169,6340.77,4121.50,2197.5612,7142.02,7274.97,-0.018275,-1.83,1.213009,No,0.00,0.00
id#402,1810.3169,4550.89,2958.08,2197.5612,4550.89,6930.92,-0.343393,-34.34,1.076923,No,0.00,0.00
id#403,1810.3169,4866.51,3163.23,2197.5612,4866.51,6660.77,-0.269377,-26.94,1.076923,No,0.00,0.00
id#404,1810.3169,8616.56,5600.76,2197.5612,8616.56,9891.77,-0.128916,-12.89,1.076923,No,0.00,0.00
id#405,1810.3169,6188.06,4022.24,2197.5612,7217.97,7420.92,-0.027348,-2.73,1.256162,No,0.00,0.00
id#406,1810.3169,4149.48,2697.16,2197.5612,4149.48,5520.61,-0.248366,-24.84,1.076923,No,0.00,0.00
id#407,1810.3169,4829.87,3139.42,2197.5612,5809.12,6569.49,-0.115743,-11.57,1.295268,No,0.00,0.00
id#408,1810.3169,7117.75,4626.54,2197.5612,7117.75,8242.46,-0.136454,-13.65,1.076923,No,0.00,0.00
id#409,1810.3169,6034.94,3922.71,2197.5612,6474.59,6502.19,-0.004244,-0.42,1.155378,No,0.00,0.00
id#410,1810.3169,6232.98,4051.44,2197.5612,7099.44,7118.57,-0.002687,-0.27,1.226629,No,0.00,0.00
id#411,1810.3169,5510.24,3581.66,2197.5612,5739.67,6020.53,-0.046651,-4.67,1.121761,No,0.00,0.00
id#412,1810.3169,7556.90,4911.99,2197.5612,7556.90,8935.97,-0.154328,-15.43,1.076923,No,0.00,0.00
id#413,1810.3169,4274.23,2778.25,2197.5612,4274.23,6610.08,-0.353377,-35.34,1.076923,No,0.00,0.00
id#414,1810.3169,4203.90,2732.54,2197.5612,4203.90,5703.79,-0.262963,-26.30,1.076923,No,0.00,0.00
id#415,1810.3169,6180.76,4017.49,2197.5612,6871.03,6938.66,-0.009747,-0.97,1.197195,No,0.00,0.00
id#416,1810.3169,5914.06,3844.14,2197.5612,7179.14,8589.06,-0.164153,-16.42,1.307287,No,0.00,0.00
id#417,1810.3169,5952.04,3868.83,2197.5612,6565.07,6565.11,-0.000005,-0.00,1.187841,No,0.00,0.00
id#418,1810.3169,7621.22,4953.79,2197.5612,8524.85,8527.60,-0.000322,-0.03,1.204612,No,0.00,0.00
id#419,1810.3169,6071.83,3946.69,2197.5612,6987.29,6988.29,-0.000144,-0.01,1.239292,No,0.00,0.00
id#420,1810.3169,7809.71,5076.31,2197.5612,7809.71,9571.01,-0.184024,-18.40,1.076923,No,0.00,0.00
id#421,1810.3169,5461.34,3549.87,2197.5612,5897.04,6005.09,-0.017993,-1.80,1.162839,No,0.00,0.00
id#422,1810.3169,6010.62,3906.90,2197.5612,7014.51,7145.01,-0.018265,-1.83,1.256789,No,0.00,0.00
id#423,1810.3169,7755.86,5041.31,2197.5612,8475.06,8476.41,-0.000160,-0.02,1.176785,No,0.00,0.00
id#424,1810.3169,5963.40,3876.21,2197.5612,5963.40,8148.27,-0.268139,-26.81,1.076923,No,0.00,0.00
id#425,1810.3169,4875.33,3168.97,2197.5612,5907.27,6221.87,-0.050564,-5.06,1.304869,No,0.00,0.00
id#426,1810.3169,4703.73,3057.43,2197.5612,5674.18,6341.64,-0.105250,-10.52,1.299109,No,0.00,0.00
id#427,1810.3169,3839.17,2495.46,2197.5612,4660.41,6304.18,-0.260744,-26.07,1.307287,No,0.00,0.00
id#428,1810.3169,6278.50,4081.03,2197.5612,6410.51,7043.08,-0.089815,-8.98,1.099565,No,0.00,0.00
id#429,1810.3169,7183.01,4668.96,2197.5612,7860.02,7861.67,-0.000209,-0.02,1.178425,No,0.00,0.00
id#430,1810.3169,5386.90,3501.49,2197.5612,6425.64,6641.55,-0.032508,-3.25,1.284583,No,0.00,0.00
id#431,1810.3169,4737.92,3079.65,2197.5612,4737.92,6186.44,-0.234145,-23.41,1.076923,No,0.00,0.00
id#432,1810.3169,6502.42,4226.57,2197.5612,6502.42,7637.36,-0.148604,-14.86,1.076923,No,0.00,0.00
id#433,1810.3169,7311.18,4752.26,2197.5612,8586.29,8605.53,-0.002236,-0.22,1.264745,No,0.00,0.00
id#434,1810.3169,5234.13,3402.18,2197.5612,6204.80,6428.12,-0.034741,-3.47,1.276639,No,0.00,0.00
id#435,1810.3169,6794.94,4416.71,2197.5612,6794.94,7957.41,-0.146087,-14.61,1.076923,No,0.00,0.00
id#436,1810.3169,5542.62,3602.70,2197.5612,6723.40,6957.66,-0.033668,-3.37,1.306348,No,0.00,0.00
id#437,1810.3169,7956.16,5171.51,2197.5612,8808.53,8810.32,-0.000204,-0.02,1.192296,No,0.00,0.00
id#438,1810.3169,5185.50,3370.57,2197.5612,6287.15,7718.01,-0.185392,-18.54,1.305714,No,0.00,0.00
id#439,1810.3169,4834.83,3142.64,2197.5612,5305.60,5321.63,-0.003012,-0.30,1.181783,No,0.00,0.00
id#440,1810.3169,7999.90,5199.93,2197.5612,9140.00,9264.80,-0.013470,-1.35,1.230401,No,0.00,0.00
id#441,1810.3169,5695.59,3702.13,2197.5612,5695.59,6802.89,-0.162769,-16.28,1.076923,No,0.00,0.00
id#442,1810.3169,5830.26,3789.67,2197.5612,5830.26,8666.66,-0.327277,-32.73,1.076923,No,0.00,0.00
id#443,1810.3169,8264.40,5371.86,2197.5612,8442.81,9112.77,-0.073520,-7.35,1.100171,No,0.00,0.00
id#444,1810.3169,5870.67,3815.93,2197.5612,7002.59,7176.47,-0.024228,-2.42,1.284565,No,0.00,0.00
id#445,1810.3169,4654.01,3025.11,2197.5612,5581.15,5889.48,-0.052351,-5.24,1.291461,No,0.00,0.00
id#446,1810.3169,4098.02,2663.71,2197.5612,4098.02,6037.46,-0.321234,-32.12,1.076923,No,0.00,0.00
id#447,1810.3169,6451.33,4193.36,2197.5612,6451.33,9073.69,-0.289007,-28.90,1.076923,No,0.00,0.00
id#448,1810.3169,7755.27,5040.93,2197.5612,9057.20,9387.43,-0.035177,-3.52,1.257714,No,0.00,0.00
id#449,1810.3169,4966.39,3228.15,2197.5612,6028.75,6578.48,-0.083566,-8.36,1.307287,No,0.00,0.00
id#450,1810.3169,6017.00,3911.05,2197.5612,7304.10,7994.91,-0.086407,-8.64,1.307287,No,0.00,0.00
id#451,1810.3169,6555.02,4260.76,2197.5612,7128.14,7128.15,-0.000002,-0.00,1.171080,No,0.00,0.00
id#452,1810.3169,4000.22,2600.14,2197.5612,4000.22,6069.87,-0.340970,-34.10,1.076923,No,0.00,0.00
id#453,1810.3169,6535.20,4247.88,2197.5612,7695.40,7855.44,-0.020374,-2.04,1.268109,No,0.00,0.00
id#454,1810.3169,3858.33,2507.92,2197.5612,3858.33,6357.73,-0.393128,-39.31,1.076923,No,0.00,0.00
id#455,1810.3169,8451.39,5493.40,2197.5612,8544.98,9440.65,-0.094874,-9.49,1.088849,No,0.00,0.00
id#456,1810.3169,7874.33,5118.32,2197.5612,7893.43,8872.95,-0.110393,-11.04,1.079535,No,0.00,0.00
id#457,1810.3169,5025.53,3266.60,2197.5612,5043.34,5816.00,-0.132852,-13.29,1.080739,No,0.00,0.00
id#458,1810.3169,5321.66,3459.08,2197.5612,5621.47,5790.53,-0.029195,-2.92,1.137595,No,0.00,0.00
id#459,1810.3169,7049.55,4582.21,2197.5612,7049.55,8975.87,-0.214611,-21.46,1.076923,No,0.00,0.00
id#460,1810.3169,5137.67,3339.48,2197.5612,5944.43,6295.22,-0.055723,-5.57,1.246031,No,0.00,0.00
id#461,1810.3169,4861.52,3159.98,2197.5612,5516.98,5625.99,-0.019375,-1.94,1.222123,No,0.00,0.00
id#462,1810.3169,4362.51,2835.63,2197.5612,5228.76,5781.82,-0.095655,-9.57,1.290763,No,0.00,0.00
id#463,1810.3169,6126.17,3982.01,2197.5612,6126.17,7143.26,-0.142384,-14.24,1.076923,No,0.00,0.00
id#464,1810.3169,6890.85,4479.06,2197.5612,8364.87,9753.09,-0.142336,-14.23,1.307287,No,0.00,0.00
id#465,1810.3169,6815.53,4430.09,2197.5612,7742.62,7888.29,-0.018467,-1.85,1.223413,No,0.00,0.00
id#466,1810.3169,7690.89,4999.08,2197.5612,7839.20,8617.98,-0.090367,-9.04,1.097690,No,0.00,0.00
id#467,1810.3169,6060.91,3939.59,2197.5612,7153.69,7257.68,-0.014328,-1.43,1.271093,No,0.00,0.00
id#468,1810.3169,5627.30,3657.74,2197.5612,5627.30,8069.06,-0.302608,-30.26,1.076923,No,0.00,0.00
id#469,1810.3169,8005.55,5203.61,2197.5612,8944.42,8994.19,-0.005533,-0.55,1.203223,No,0.00,0.00
id#470,1810.3169,7514.32,4884.31,2197.5612,8636.74,8994.95,-0.039823,-3.98,1.237784,No,0.00,0.00
id#471,1810.3169,5795.37,3766.99,2197.5612,5795.37,7609.71,-0.238424,-23.84,1.076923,No,0.00,0.00
id#472,1810.3169,5264.60,3421.99,2197.5612,5264.60,8470.80,-0.378501,-37.85,1.076923,No,0.00,0.00
id#473,1810.3169,5319.88,3457.92,2197.5612,6306.62,6620.78,-0.047451,-4.75,1.276674,No,0.00,0.00
id#474,1810.3169,6654.78,4325.61,2197.5612,8062.11,8309.51,-0.029773,-2.98,1.304667,No,0.00,0.00
id#475,1810.3169,5119.16,3327.45,2197.5612,5881.50,6049.97,-0.027846,-2.78,1.237297,No,0.00,0.00
id#476,1810.3169,6990.45,4543.79,2197.5612,7998.23,8018.05,-0.002472,-0.25,1.232179,No,0.00,0.00
id#477,1810.3169,5475.63,3559.16,2197.5612,5615.58,6056.54,-0.072807,-7.28,1.104447,No,0.00,0.00
id#478,1810.3169,5595.27,3636.92,2197.5612,6792.15,9261.03,-0.266588,-26.66,1.307287,No,0.00,0.00
id#479,1810.3169,6696.63,4352.81,2197.5612,7300.61,7302.43,-0.000249,-0.02,1.174052,No,0.00,0.00
id#480,1810.3169,5749.63,3737.26,2197.5612,6979.54,8342.62,-0.163388,-16.34,1.307287,No,0.00,0.00
id#481,1810.3169,5343.62,3473.35,2197.5612,5851.04,5851.04,-0.000000,-0.00,1.179186,No,0.00,0.00
id#482,1810.3169,3854.89,2505.68,2197.5612,3854.89,6376.93,-0.395494,-39.55,1.076923,No,0.00,0.00
id#483,1810.3169,4591.49,2984.47,2197.5612,5573.66,6608.49,-0.156591,-15.66,1.307287,No,0.00,0.00
id#484,1810.3169,6922.47,4499.60,2197.5612,8260.47,8621.74,-0.041903,-4.19,1.285075,No,0.00,0.00
id#485,1810.3169,4106.21,2669.04,2197.5612,4970.93,5966.18,-0.166814,-16.68,1.303711,No,0.00,0.00
id#486,1810.3169,5593.06,3635.49,2197.5612,5793.72,6152.60,-0.058330,-5.83,1.115560,No,0.00,0.00
id#487,1810.3169,6240.32,4056.21,2197.5612,7500.83,7739.77,-0.030872,-3.09,1.294454,No,0.00,0.00
id#488,1810.3169,7290.37,4738.74,2197.5612,8231.36,8283.65,-0.006313,-0.63,1.215925,No,0.00,0.00
id#489,1810.3169,6628.08,4308.25,2197.5612,6776.25,7417.39,-0.086437,-8.64,1.100998,No,0.00,0.00
id#490,1810.3169,7458.79,4848.21,2197.5612,7735.45,8196.14,-0.056208,-5.62,1.116870,No,0.00,0.00
id#491,1810.3169,3817.78,2481.56,2197.5612,3817.78,6579.42,-0.419739,-41.97,1.076923,No,0.00,0.00
id#492,1810.3169,7270.53,4725.84,2197.5612,7849.60,8041.93,-0.023916,-2.39,1.162696,No,0.00,0.00
id#493,1810.3169,3935.29,2557.94,2197.5612,4777.08,6075.46,-0.213709,-21.37,1.307287,No,0.00,0.00
id#494,1810.3169,7220.45,4693.29,2197.5612,7221.91,8543.09,-0.154649,-15.46,1.077141,No,0.00,0.00
id#495,1810.3169,5387.73,3502.02,2197.5612,6264.58,7028.60,-0.108701,-10.87,1.252192,No,0.00,0.00
id#496,1810.3169,9043.23,5878.10,2197.5612,9043.23,10477.32,-0.136876,-13.69,1.076923,No,0.00,0.00
id#497,1810.3169,6130.07,3984.54,2197.5612,6130.07,8358.51,-0.266608,-26.66,1.076923,No,0.00,0.00
id#498,1810.3169,7248.41,4711.46,2197.5612,7364.17,8202.03,-0.102152,-10.22,1.094123,No,0.00,0.00
id#499,1810.3169,7076.16,4599.51,2197.5612,7735.28,7735.77,-0.000063,-0.01,1.177235,No,0.00,0.00
