position_id,seed_price,position_value_at_seed,loan_amount,close_price,position_value_at_close,hold_value,impermanent_loss,impermanent_loss_pct,health_factor,should_liquidate,repay_amount,collateral_to_take
id#0,253.1557,5082.29,3303.49,263.2221,5284.38,6261.51,-0.156053,-15.61,1.119746,No,0.00,0.00
id#1,253.1557,4525.59,2941.63,263.2221,4525.59,5186.93,-0.127501,-12.75,1.076923,No,0.00,0.00
id#2,253.1557,4869.39,3165.10,263.2221,5051.44,6021.51,-0.161101,-16.11,1.117186,No,0.00,0.00
id#3,253.1557,5842.88,3797.87,263.2221,6075.21,8934.48,-0.320026,-32.00,1.119746,No,0.00,0.00
id#4,253.1557,6171.67,4011.59,263.2221,6387.28,7066.83,-0.096160,-9.62,1.114545,No,0.00,0.00
id#5,253.1557,8502.33,5526.51,263.2221,8840.41,9397.21,-0.059252,-5.93,1.119746,No,0.00,0.00
id#6,253.1557,3831.51,2490.48,263.2221,3983.87,5744.04,-0.306435,-30.64,1.119746,No,0.00,0.00
id#7,253.1557,5468.76,3554.70,263.2221,5607.48,5822.18,-0.036877,-3.69,1.104239,No,0.00,0.00
id#8,253.1557,5098.59,3314.08,263.2221,5098.59,6231.43,-0.181795,-18.18,1.076923,No,0.00,0.00
id#9,253.1557,7299.82,4744.88,263.2221,7507.27,7715.70,-0.027013,-2.70,1.107529,No,0.00,0.00
id#10,253.1557,5028.78,3268.70,263.2221,5080.58,5155.36,-0.014505,-1.45,1.088018,No,0.00,0.00
id#11,253.1557,4885.90,3175.84,263.2221,4994.21,5096.68,-0.020105,-2.01,1.100796,No,0.00,0.00
id#12,253.1557,8135.45,5288.04,263.2221,8458.94,8895.24,-0.049048,-4.90,1.119746,No,0.00,0.00
id#13,253.1557,5761.79,3745.16,263.2221,5926.17,6301.16,-0.059512,-5.95,1.107648,No,0.00,0.00
id#14,253.1557,5683.28,3694.13,263.2221,5820.50,5982.53,-0.027083,-2.71,1.102926,No,0.00,0.00
id#15,253.1557,5380.39,3497.25,263.2221,5380.39,6704.58,-0.197506,-19.75,1.076923,No,0.00,0.00
id#16,253.1557,4670.85,3036.06,263.2221,4670.85,6506.44,-0.282118,-28.21,1.076923,No,0.00,0.00
id#17,253.1557,6353.72,4129.92,263.2221,6353.72,7407.08,-0.142210,-14.22,1.076923,No,0.00,0.00
id#18,253.1557,7430.78,4830.01,263.2221,7679.12,8431.15,-0.089196,-8.92,1.112914,No,0.00,0.00
id#19,253.1557,6308.83,4100.74,263.2221,6559.69,7131.54,-0.080186,-8.02,1.119746,No,0.00,0.00
id#20,253.1557,6828.80,4438.72,263.2221,6982.85,7133.95,-0.021181,-2.12,1.101216,No,0.00,0.00
id#21,253.1557,5985.99,3890.89,263.2221,5985.99,7335.50,-0.183970,-18.40,1.076923,No,0.00,0.00
id#22,253.1557,6006.17,3904.01,263.2221,6166.84,6462.47,-0.045745,-4.57,1.105733,No,0.00,0.00
id#23,253.1557,6381.90,4148.23,263.2221,6616.23,8669.52,-0.236841,-23.68,1.116465,No,0.00,0.00
id#24,253.1557,4988.27,3242.37,263.2221,4988.27,6027.21,-0.172375,-17.24,1.076923,No,0.00,0.00
id#25,253.1557,5377.79,3495.56,263.2221,5377.79,6828.75,-0.212478,-21.25,1.076923,No,0.00,0.00
id#26,253.1557,4805.27,3123.43,263.2221,4996.35,7239.00,-0.309801,-30.98,1.119746,No,0.00,0.00
id#27,253.1557,7848.67,5101.64,263.2221,7971.30,7974.55,-0.000408,-0.04,1.093749,No,0.00,0.00
id#28,253.1557,5459.75,3548.84,263.2221,5460.38,6084.84,-0.102625,-10.26,1.077047,No,0.00,0.00
id#29,253.1557,6285.86,4085.81,263.2221,6535.81,7791.88,-0.161202,-16.12,1.119746,No,0.00,0.00
id#30,253.1557,6260.44,4069.29,263.2221,6285.75,6713.23,-0.063677,-6.37,1.081277,No,0.00,0.00
id#31,253.1557,5515.08,3584.80,263.2221,5515.08,6253.06,-0.118018,-11.80,1.076923,No,0.00,0.00
id#32,253.1557,6717.33,4366.26,263.2221,6756.90,7080.93,-0.045761,-4.58,1.083267,No,0.00,0.00
id#33,253.1557,4872.82,3167.34,263.2221,4872.82,5637.89,-0.135701,-13.57,1.076923,No,0.00,0.00
id#34,253.1557,5529.73,3594.33,263.2221,5749.62,6892.60,-0.165827,-16.58,1.119746,No,0.00,0.00
id#35,253.1557,5823.50,3785.28,263.2221,6055.07,8118.94,-0.254204,-25.42,1.119746,No,0.00,0.00
id#36,253.1557,4838.54,3145.05,263.2221,4982.47,5601.49,-0.110509,-11.05,1.108958,No,0.00,0.00
id#37,253.1557,6084.59,3954.99,263.2221,6122.94,6305.38,-0.028933,-2.89,1.083710,No,0.00,0.00
id#38,253.1557,5643.66,3668.38,263.2221,5868.08,6431.66,-0.087627,-8.76,1.119746,No,0.00,0.00
id#39,253.1557,7132.40,4636.06,263.2221,7169.75,7559.38,-0.051543,-5.15,1.082561,No,0.00,0.00
id#40,253.1557,5800.54,3770.35,263.2221,5800.54,7209.10,-0.195386,-19.54,1.076923,No,0.00,0.00
id#41,253.1557,5819.17,3782.46,263.2221,6022.68,6489.30,-0.071905,-7.19,1.114585,No,0.00,0.00
id#42,253.1557,5316.84,3455.95,263.2221,5362.45,5495.46,-0.024204,-2.42,1.086160,No,0.00,0.00
id#43,253.1557,6712.96,4363.43,263.2221,6891.10,7138.58,-0.034667,-3.47,1.105501,No,0.00,0.00
id#44,253.1557,7360.26,4784.17,263.2221,7544.13,7951.52,-0.051234,-5.12,1.103825,No,0.00,0.00
id#45,253.1557,6365.71,4137.71,263.2221,6618.83,8561.04,-0.226866,-22.69,1.119746,No,0.00,0.00
id#46,253.1557,7790.74,5063.98,263.2221,7874.67,7975.26,-0.012612,-1.26,1.088525,No,0.00,0.00
id#47,253.1557,7323.96,4760.57,263.2221,7387.82,7564.84,-0.023400,-2.34,1.086314,No,0.00,0.00
id#48,253.1557,5065.51,3292.58,263.2221,5233.51,6266.14,-0.164796,-16.48,1.112640,No,0.00,0.00
id#49,253.1557,5456.96,3547.02,263.2221,5673.95,7663.93,-0.259655,-25.97,1.119746,No,0.00,0.00
id#50,253.1557,4380.93,2847.61,263.2221,4380.93,5207.26,-0.158687,-15.87,1.076923,No,0.00,0.00
id#51,253.1557,6138.04,3989.73,263.2221,6201.60,6293.33,-0.014576,-1.46,1.088074,No,0.00,0.00
id#52,253.1557,5338.62,3470.10,263.2221,5346.59,5691.31,-0.060569,-6.06,1.078531,No,0.00,0.00
id#53,253.1557,5555.82,3611.28,263.2221,5776.74,6782.33,-0.148266,-14.83,1.119746,No,0.00,0.00
id#54,253.1557,4977.81,3235.58,263.2221,5164.62,5946.30,-0.131456,-13.15,1.117339,No,0.00,0.00
id#55,253.1557,4859.98,3158.99,263.2221,4964.55,5096.58,-0.025905,-2.59,1.100095,No,0.00,0.00
id#56,253.1557,6706.48,4359.21,263.2221,6973.16,9100.98,-0.233801,-23.38,1.119746,No,0.00,0.00
id#57,253.1557,6656.23,4326.55,263.2221,6672.15,7125.65,-0.063643,-6.36,1.079499,No,0.00,0.00
id#58,253.1557,4844.47,3148.90,263.2221,4844.47,5545.02,-0.126340,-12.63,1.076923,No,0.00,0.00
id#59,253.1557,4274.67,2778.53,263.2221,4274.67,5631.10,-0.240882,-24.09,1.076923,No,0.00,0.00
id#60,253.1557,7407.41,4814.82,263.2221,7488.88,7561.97,-0.009665,-0.97,1.088767,No,0.00,0.00
id#61,253.1557,6170.18,4010.62,263.2221,6415.53,8206.39,-0.218227,-21.82,1.119746,No,0.00,0.00
id#62,253.1557,5760.66,3744.43,263.2221,5989.73,8823.88,-0.321191,-32.12,1.119746,No,0.00,0.00
id#63,253.1557,5883.34,3824.17,263.2221,5889.45,6499.59,-0.093874,-9.39,1.078042,No,0.00,0.00
id#64,253.1557,5008.73,3255.68,263.2221,5046.29,5208.50,-0.031143,-3.11,1.084998,No,0.00,0.00
id#65,253.1557,4114.74,2674.58,263.2221,4278.36,5571.93,-0.232160,-23.22,1.119746,No,0.00,0.00
id#66,253.1557,7389.77,4803.35,263.2221,7683.61,8705.87,-0.117422,-11.74,1.119746,No,0.00,0.00
id#67,253.1557,6870.34,4465.72,263.2221,7143.49,7763.69,-0.079885,-7.99,1.119738,No,0.00,0.00
id#68,253.1557,4856.48,3156.71,263.2221,4866.51,5233.33,-0.070094,-7.01,1.079147,No,0.00,0.00
id#69,253.1557,7039.86,4575.91,263.2221,7288.83,7870.40,-0.073893,-7.39,1.115011,No,0.00,0.00
id#70,253.1557,4530.41,2944.76,263.2221,4710.55,6653.46,-0.292014,-29.20,1.119746,No,0.00,0.00
id#71,253.1557,6992.60,4545.19,263.2221,7174.93,7452.23,-0.037209,-3.72,1.105004,No,0.00,0.00
id#72,253.1557,8341.17,5421.76,263.2221,8523.62,8588.75,-0.007583,-0.76,1.100479,No,0.00,0.00
id#73,253.1557,7524.94,4891.21,263.2221,7628.88,7639.19,-0.001350,-0.13,1.091798,No,0.00,0.00
id#74,253.1557,4717.78,3066.56,263.2221,4884.31,5401.99,-0.095830,-9.58,1.114937,No,0.00,0.00
id#75,253.1557,6841.08,4446.70,263.2221,6917.33,6997.72,-0.011487,-1.15,1.088927,No,0.00,0.00
id#76,253.1557,5178.81,3366.23,263.2221,5257.34,5265.92,-0.001629,-0.16,1.093253,No,0.00,0.00
id#77,253.1557,6568.66,4269.63,263.2221,6764.58,7494.17,-0.097354,-9.74,1.109043,No,0.00,0.00
id#78,253.1557,6432.60,4181.19,263.2221,6536.08,6536.86,-0.000119,-0.01,1.094248,No,0.00,0.00
id#79,253.1557,6508.22,4230.35,263.2221,6767.02,7487.55,-0.096231,-9.62,1.119746,No,0.00,0.00
id#80,253.1557,4447.46,2890.85,263.2221,4592.67,5355.81,-0.142488,-14.25,1.112085,No,0.00,0.00
id#81,253.1557,5292.05,3439.83,263.2221,5449.64,5909.46,-0.077811,-7.78,1.108992,No,0.00,0.00
id#82,253.1557,5925.48,3851.56,263.2221,5925.48,7167.91,-0.173332,-17.33,1.076923,No,0.00,0.00
id#83,253.1557,6987.47,4541.86,263.2221,7111.59,7112.09,-0.000071,-0.01,1.096052,No,0.00,0.00
id#84,253.1557,5854.10,3805.16,263.2221,5854.10,6606.22,-0.113851,-11.39,1.076923,No,0.00,0.00
id#85,253.1557,7200.35,4680.23,263.2221,7254.17,7495.92,-0.032251,-3.23,1.084972,No,0.00,0.00
id#86,253.1557,4200.62,2730.40,263.2221,4367.65,6003.43,-0.272474,-27.25,1.119746,No,0.00,0.00
id#87,253.1557,5327.95,3463.17,263.2221,5539.81,7653.45,-0.276168,-27.62,1.119746,No,0.00,0.00
id#88,253.1557,6562.35,4265.53,263.2221,6823.30,8782.58,-0.223088,-22.31,1.119746,No,0.00,0.00
id#89,253.1557,5777.66,3755.48,263.2221,5777.66,6363.94,-0.092125,-9.21,1.076923,No,0.00,0.00
id#90,253.1557,4171.92,2711.75,263.2221,4171.92,5566.15,-0.250485,-25.05,1.076923,No,0.00,0.00
id#91,253.1557,6105.50,3968.58,263.2221,6105.50,7412.96,-0.176375,-17.64,1.076923,No,0.00,0.00
id#92,253.1557,4643.40,3018.21,263.2221,4643.40,6003.86,-0.226597,-22.66,1.076923,No,0.00,0.00
id#93,253.1557,6499.19,4224.47,263.2221,6503.27,7135.17,-0.088560,-8.86,1.077600,No,0.00,0.00
id#94,253.1557,4266.56,2773.26,263.2221,4266.56,5609.58,-0.239416,-23.94,1.076923,No,0.00,0.00
id#95,253.1557,5612.75,3648.29,263.2221,5780.19,5917.29,-0.023170,-2.32,1.109049,No,0.00,0.00
id#96,253.1557,5083.50,3304.27,263.2221,5083.50,7090.20,-0.283025,-28.30,1.076923,No,0.00,0.00
id#97,253.1557,5767.04,3748.58,263.2221,5834.53,5890.19,-0.009450,-0.94,1.089525,No,0.00,0.00
id#98,253.1557,6817.93,4431.65,263.2221,6903.30,6926.56,-0.003358,-0.34,1.090408,No,0.00,0.00
id#99,253.1557,6250.35,4062.73,263.2221,6498.89,8339.53,-0.220713,-22.07,1.119746,No,0.00,0.00
id#100,253.1557,6823.35,4435.17,263.2221,6870.24,7096.75,-0.031917,-3.19,1.084324,No,0.00,0.00
id#101,253.1557,7458.43,4847.98,263.2221,7518.52,7734.26,-0.027894,-2.79,1.085599,No,0.00,0.00
id#102,253.1557,5787.22,3761.69,263.2221,5868.81,5883.71,-0.002531,-0.25,1.092107,No,0.00,0.00
id#103,253.1557,5555.97,3611.38,263.2221,5555.97,6597.27,-0.157839,-15.78,1.076923,No,0.00,0.00
id#104,253.1557,5589.03,3632.87,263.2221,5635.20,5788.30,-0.026450,-2.64,1.085820,No,0.00,0.00
id#105,253.1557,7927.11,5152.62,263.2221,8127.09,8259.21,-0.015997,-1.60,1.104090,No,0.00,0.00
id#106,253.1557,6104.41,3967.87,263.2221,6343.05,7480.62,-0.152069,-15.21,1.119024,No,0.00,0.00
id#107,253.1557,8312.24,5402.96,263.2221,8639.28,8918.20,-0.031275,-3.13,1.119294,No,0.00,0.00
id#108,253.1557,5470.91,3556.09,263.2221,5554.96,5555.23,-0.000048,-0.00,1.093468,No,0.00,0.00
id#109,253.1557,7119.07,4627.40,263.2221,7119.07,7688.03,-0.074006,-7.40,1.076923,No,0.00,0.00
id#110,253.1557,5101.59,3316.03,263.2221,5301.03,6291.57,-0.157440,-15.74,1.119023,No,0.00,0.00
id#111,253.1557,5135.14,3337.84,263.2221,5149.83,5511.46,-0.065613,-6.56,1.080005,No,0.00,0.00
id#112,253.1557,4051.37,2633.39,263.2221,4051.37,4650.81,-0.128889,-12.89,1.076923,No,0.00,0.00
id#113,253.1557,5124.64,3331.02,263.2221,5303.39,6610.44,-0.197726,-19.77,1.114486,No,0.00,0.00
id#114,253.1557,5451.74,3543.63,263.2221,5668.52,6377.98,-0.111235,-11.12,1.119746,No,0.00,0.00
id#115,253.1557,5678.96,3691.33,263.2221,5904.78,8621.49,-0.315109,-31.51,1.119746,No,0.00,0.00
id#116,253.1557,4981.71,3238.11,263.2221,5056.85,5058.91,-0.000408,-0.04,1.093166,No,0.00,0.00
id#117,253.1557,4882.92,3173.90,263.2221,4882.92,6087.32,-0.197854,-19.79,1.076923,No,0.00,0.00
id#118,253.1557,5928.90,3853.79,263.2221,5928.90,6807.75,-0.129095,-12.91,1.076923,No,0.00,0.00
id#119,253.1557,4553.82,2959.98,263.2221,4734.90,6851.40,-0.308915,-30.89,1.119746,No,0.00,0.00
id#120,253.1557,5604.05,3642.63,263.2221,5826.89,6451.63,-0.096835,-9.68,1.119746,No,0.00,0.00
id#121,253.1557,3664.79,2382.11,263.2221,3810.52,5669.51,-0.327893,-32.79,1.119746,No,0.00,0.00
id#122,253.1557,5302.86,3446.86,263.2221,5513.72,7385.82,-0.253471,-25.35,1.119746,No,0.00,0.00
id#123,253.1557,6055.94,3936.36,263.2221,6296.74,9213.96,-0.316609,-31.66,1.119746,No,0.00,0.00
id#124,253.1557,7505.16,4878.36,263.2221,7523.60,8096.01,-0.070703,-7.07,1.079569,No,0.00,0.00
id#125,253.1557,6105.80,3968.77,263.2221,6348.59,8492.82,-0.252476,-25.25,1.119746,No,0.00,0.00
id#126,253.1557,3706.44,2409.19,263.2221,3706.44,4748.72,-0.219486,-21.95,1.076923,No,0.00,0.00
id#127,253.1557,5322.73,3459.77,263.2221,5534.38,6782.33,-0.184001,-18.40,1.119746,No,0.00,0.00
id#128,253.1557,7608.92,4945.80,263.2221,7798.78,8381.48,-0.069522,-6.95,1.103795,No,0.00,0.00
id#129,253.1557,5883.59,3824.33,263.2221,6117.08,7300.88,-0.162144,-16.21,1.119662,No,0.00,0.00
id#130,253.1557,5894.75,3831.59,263.2221,5995.85,5999.79,-0.000658,-0.07,1.095392,No,0.00,0.00
id#131,253.1557,5868.92,3814.80,263.2221,5973.72,5973.73,-0.000002,-0.00,1.096152,No,0.00,0.00
id#132,253.1557,8302.55,5396.66,263.2221,8476.30,8504.54,-0.003321,-0.33,1.099460,No,0.00,0.00
id#133,253.1557,3556.20,2311.53,263.2221,3556.20,4902.08,-0.274553,-27.46,1.076923,No,0.00,0.00
id#134,253.1557,7227.81,4698.07,263.2221,7227.81,7963.69,-0.092405,-9.24,1.076923,No,0.00,0.00
id#135,253.1557,5690.07,3698.54,263.2221,5690.07,7227.41,-0.212710,-21.27,1.076923,No,0.00,0.00
id#136,253.1557,4988.29,3242.39,263.2221,4988.29,5786.33,-0.137918,-13.79,1.076923,No,0.00,0.00
id#137,253.1557,7898.27,5133.87,263.2221,8015.66,8015.73,-0.000008,-0.00,1.092930,No,0.00,0.00
id#138,253.1557,5328.68,3463.64,263.2221,5328.68,8475.12,-0.371256,-37.13,1.076923,No,0.00,0.00
id#139,253.1557,7069.64,4595.26,263.2221,7246.79,7689.85,-0.057616,-5.76,1.103908,No,0.00,0.00
id#140,253.1557,8115.74,5275.23,263.2221,8331.46,8611.39,-0.032507,-3.25,1.105548,No,0.00,0.00
id#141,253.1557,6198.92,4029.30,263.2221,6198.92,7132.64,-0.130907,-13.09,1.076923,No,0.00,0.00
id#142,253.1557,4783.18,3109.07,263.2221,4973.38,5918.79,-0.159730,-15.97,1.119746,No,0.00,0.00
id#143,253.1557,5170.23,3360.65,263.2221,5170.23,5780.14,-0.105518,-10.55,1.076923,No,0.00,0.00
id#144,253.1557,5286.63,3436.31,263.2221,5354.34,5387.25,-0.006110,-0.61,1.090716,No,0.00,0.00
id#145,253.1557,4035.23,2622.90,263.2221,4035.23,5097.54,-0.208396,-20.84,1.076923,No,0.00,0.00
id#146,253.1557,4506.14,2928.99,263.2221,4685.33,6102.08,-0.232175,-23.22,1.119746,No,0.00,0.00
id#147,253.1557,5022.76,3264.80,263.2221,5222.49,7507.84,-0.304395,-30.44,1.119746,No,0.00,0.00
id#148,253.1557,4012.33,2608.02,263.2221,4012.33,4989.50,-0.195844,-19.58,1.076923,No,0.00,0.00
id#149,253.1557,5613.28,3648.63,263.2221,5802.27,6440.98,-0.099163,-9.92,1.113182,No,0.00,0.00
id#150,253.1557,4020.77,2613.50,263.2221,4020.77,5654.40,-0.288912,-28.89,1.076923,No,0.00,0.00
id#151,253.1557,4767.59,3098.94,263.2221,4957.17,6632.02,-0.252540,-25.25,1.119746,No,0.00,0.00
id#152,253.1557,6305.03,4098.27,263.2221,6453.93,6683.71,-0.034379,-3.44,1.102354,No,0.00,0.00
id#153,253.1557,5595.78,3637.26,263.2221,5774.00,6450.21,-0.104834,-10.48,1.111221,No,0.00,0.00
id#154,253.1557,8059.93,5238.95,263.2221,8163.37,8215.98,-0.006404,-0.64,1.090745,No,0.00,0.00
id#155,253.1557,5982.14,3888.39,263.2221,6220.01,7087.50,-0.122396,-12.24,1.119746,No,0.00,0.00
id#156,253.1557,5808.06,3775.24,263.2221,5988.12,6210.62,-0.035826,-3.58,1.110310,No,0.00,0.00
id#157,253.1557,7026.42,4567.17,263.2221,7207.29,7246.02,-0.005344,-0.53,1.104645,No,0.00,0.00
id#158,253.1557,4663.40,3031.21,263.2221,4663.40,6744.61,-0.308574,-30.86,1.076923,No,0.00,0.00
id#159,253.1557,6695.15,4351.85,263.2221,6961.37,8243.86,-0.155569,-15.56,1.119746,No,0.00,0.00
id#160,253.1557,7653.10,4974.51,263.2221,7957.41,9029.10,-0.118693,-11.87,1.119746,No,0.00,0.00
id#161,253.1557,4649.86,3022.41,263.2221,4834.76,7113.85,-0.320374,-32.04,1.119746,No,0.00,0.00
id#162,253.1557,7201.08,4680.70,263.2221,7320.46,7326.50,-0.000824,-0.08,1.094777,No,0.00,0.00
id#163,253.1557,6691.19,4349.27,263.2221,6702.64,7294.10,-0.081087,-8.11,1.078767,No,0.00,0.00
id#164,253.1557,6765.94,4397.86,263.2221,6986.83,7707.01,-0.093445,-9.34,1.112083,No,0.00,0.00
id#165,253.1557,5998.91,3899.29,263.2221,5998.91,7369.14,-0.185941,-18.59,1.076923,No,0.00,0.00
id#166,253.1557,8031.34,5220.37,263.2221,8031.34,8878.11,-0.095378,-9.54,1.076923,No,0.00,0.00
id#167,253.1557,4811.81,3127.67,263.2221,4811.81,6904.58,-0.303099,-30.31,1.076923,No,0.00,0.00
id#168,253.1557,4477.79,2910.56,263.2221,4477.79,5614.69,-0.202487,-20.25,1.076923,No,0.00,0.00
id#169,253.1557,6207.91,4035.14,263.2221,6409.27,6847.29,-0.063970,-6.40,1.111855,No,0.00,0.00
id#170,253.1557,8149.82,5297.38,263.2221,8432.38,8890.15,-0.051492,-5.15,1.114260,No,0.00,0.00
id#171,253.1557,7806.40,5074.16,263.2221,7895.50,7980.76,-0.010684,-1.07,1.089215,No,0.00,0.00
id#172,253.1557,6593.48,4285.76,263.2221,6676.32,6710.05,-0.005027,-0.50,1.090455,No,0.00,0.00
id#173,253.1557,5644.78,3669.11,263.2221,5644.78,6541.66,-0.137103,-13.71,1.076923,No,0.00,0.00
id#174,253.1557,8109.87,5271.41,263.2221,8186.68,8315.64,-0.015508,-1.55,1.087124,No,0.00,0.00
id#175,253.1557,3706.99,2409.54,263.2221,3706.99,4909.28,-0.244902,-24.49,1.076923,No,0.00,0.00
id#176,253.1557,6663.10,4331.02,263.2221,6926.70,8205.15,-0.155811,-15.58,1.119527,No,0.00,0.00
id#177,253.1557,6945.69,4514.70,263.2221,7221.88,8162.02,-0.115185,-11.52,1.119746,No,0.00,0.00
id#178,253.1557,7184.82,4670.13,263.2221,7295.73,7297.97,-0.000307,-0.03,1.093547,No,0.00,0.00
id#179,253.1557,4055.47,2636.05,263.2221,4216.73,6070.42,-0.305365,-30.54,1.119746,No,0.00,0.00
id#180,253.1557,6048.55,3931.56,263.2221,6252.29,6707.96,-0.067929,-6.79,1.113198,No,0.00,0.00
id#181,253.1557,4483.68,2914.39,263.2221,4483.68,5511.57,-0.186497,-18.65,1.076923,No,0.00,0.00
id#182,253.1557,5234.16,3402.20,263.2221,5442.28,7051.74,-0.228235,-22.82,1.119746,No,0.00,0.00
id#183,253.1557,6068.67,3944.64,263.2221,6309.98,8173.17,-0.227964,-22.80,1.119746,No,0.00,0.00
id#184,253.1557,5924.79,3851.11,263.2221,6106.72,6731.28,-0.092785,-9.28,1.109991,No,0.00,0.00
id#185,253.1557,5420.57,3523.37,263.2221,5506.85,5511.23,-0.000794,-0.08,1.094066,No,0.00,0.00
id#186,253.1557,5416.65,3520.82,263.2221,5632.04,7253.70,-0.223563,-22.36,1.119746,No,0.00,0.00
id#187,253.1557,7544.85,4904.15,263.2221,7705.14,7761.01,-0.007199,-0.72,1.099802,No,0.00,0.00
id#188,253.1557,4736.67,3078.84,263.2221,4736.67,6625.38,-0.285072,-28.51,1.076923,No,0.00,0.00
id#189,253.1557,6107.78,3970.06,263.2221,6350.65,8758.55,-0.274920,-27.49,1.119746,No,0.00,0.00
id#190,253.1557,5422.60,3524.69,263.2221,5422.60,6295.56,-0.138663,-13.87,1.076923,No,0.00,0.00
id#191,253.1557,5542.00,3602.30,263.2221,5542.00,8271.65,-0.330001,-33.00,1.076923,No,0.00,0.00
id#192,253.1557,5081.10,3302.71,263.2221,5283.14,7834.69,-0.325674,-32.57,1.119746,No,0.00,0.00
id#193,253.1557,6657.52,4327.39,263.2221,6657.52,8279.40,-0.195893,-19.59,1.076923,No,0.00,0.00
id#194,253.1557,6813.34,4428.67,263.2221,7024.02,7965.22,-0.118164,-11.82,1.110223,No,0.00,0.00
id#195,253.1557,7992.93,5195.41,263.2221,8001.91,8386.22,-0.045826,-4.58,1.078132,No,0.00,0.00
id#196,253.1557,4789.79,3113.36,263.2221,4980.25,6658.52,-0.252049,-25.20,1.119746,No,0.00,0.00
id#197,253.1557,5038.91,3275.29,263.2221,5153.33,5384.50,-0.042932,-4.29,1.101376,No,0.00,0.00
id#198,253.1557,5973.27,3882.63,263.2221,5973.27,7481.22,-0.201564,-20.16,1.076923,No,0.00,0.00
id#199,253.1557,7616.68,4950.84,263.2221,7864.24,8090.92,-0.028017,-2.80,1.111925,No,0.00,0.00
id#200,253.1557,5022.35,3264.53,263.2221,5054.87,5261.08,-0.039196,-3.92,1.083897,No,0.00,0.00
id#201,253.1557,6624.64,4306.02,263.2221,6624.64,7467.58,-0.112880,-11.29,1.076923,No,0.00,0.00
id#202,253.1557,5932.02,3855.81,263.2221,6004.73,6040.00,-0.005839,-0.58,1.090123,No,0.00,0.00
id#203,253.1557,8210.69,5336.95,263.2221,8497.77,8690.64,-0.022192,-2.22,1.114578,No,0.00,0.00
id#204,253.1557,6252.61,4064.19,263.2221,6281.93,6661.80,-0.057022,-5.70,1.081973,No,0.00,0.00
id#205,253.1557,5836.46,3793.70,263.2221,5937.01,5940.72,-0.000624,-0.06,1.095477,No,0.00,0.00
id#206,253.1557,4078.59,2651.08,263.2221,4240.77,6153.48,-0.310833,-31.08,1.119746,No,0.00,0.00
id#207,253.1557,6822.13,4434.38,263.2221,6887.04,7018.78,-0.018769,-1.88,1.087170,No,0.00,0.00
id#208,253.1557,5560.53,3614.34,263.2221,5670.24,5672.86,-0.000460,-0.05,1.098173,No,0.00,0.00
id#209,253.1557,6320.24,4108.16,263.2221,6475.39,6633.26,-0.023799,-2.38,1.103359,No,0.00,0.00
id#210,253.1557,5782.69,3758.75,263.2221,5815.22,6094.97,-0.045897,-4.59,1.082982,No,0.00,0.00
id#211,253.1557,3958.09,2572.76,263.2221,3958.09,4897.38,-0.191794,-19.18,1.076923,No,0.00,0.00
id#212,253.1557,5121.31,3328.85,263.2221,5121.31,6517.89,-0.214268,-21.43,1.076923,No,0.00,0.00
id#213,253.1557,4371.79,2841.66,263.2221,4371.79,5770.49,-0.242389,-24.24,1.076923,No,0.00,0.00
id#214,253.1557,6489.24,4218.00,263.2221,6747.27,7949.26,-0.151207,-15.12,1.119746,No,0.00,0.00
id#215,253.1557,6563.84,4266.49,263.2221,6745.57,6787.26,-0.006144,-0.61,1.106739,No,0.00,0.00
id#216,253.1557,4201.92,2731.25,263.2221,4369.00,6434.36,-0.320988,-32.10,1.119746,No,0.00,0.00
id#217,253.1557,6275.15,4078.85,263.2221,6524.67,8989.79,-0.274213,-27.42,1.119746,No,0.00,0.00
id#218,253.1557,4052.64,2634.21,263.2221,4052.64,4993.67,-0.188445,-18.84,1.076923,No,0.00,0.00
id#219,253.1557,6769.26,4400.02,263.2221,6769.26,7904.27,-0.143595,-14.36,1.076923,No,0.00,0.00
id#220,253.1557,7007.02,4554.56,263.2221,7054.18,7255.11,-0.027696,-2.77,1.084172,No,0.00,0.00
id#221,253.1557,7302.57,4746.67,263.2221,7336.23,7635.66,-0.039215,-3.92,1.081887,No,0.00,0.00
id#222,253.1557,4843.82,3148.48,263.2221,4843.82,6066.57,-0.201555,-20.16,1.076923,No,0.00,0.00
id#223,253.1557,6695.16,4351.86,263.2221,6961.39,8561.84,-0.186928,-18.69,1.119746,No,0.00,0.00
id#224,253.1557,5501.27,3575.83,263.2221,5720.02,6657.33,-0.140793,-14.08,1.119746,No,0.00,0.00
id#225,253.1557,5507.63,3579.96,263.2221,5507.63,7182.05,-0.233139,-23.31,1.076923,No,0.00,0.00
id#226,253.1557,5112.89,3323.38,263.2221,5179.43,5204.20,-0.004760,-0.48,1.090939,No,0.00,0.00
id#227,253.1557,5640.95,3666.61,263.2221,5865.25,6623.89,-0.114531,-11.45,1.119746,No,0.00,0.00
id#228,253.1557,6914.08,4494.15,263.2221,7189.01,9594.09,-0.250683,-25.07,1.119746,No,0.00,0.00
id#229,253.1557,7465.39,4852.50,263.2221,7528.87,7720.02,-0.024761,-2.48,1.086080,No,0.00,0.00
id#230,253.1557,5836.27,3793.58,263.2221,6016.43,6955.90,-0.135062,-13.51,1.110166,No,0.00,0.00
id#231,253.1557,5699.53,3704.69,263.2221,5699.53,6844.73,-0.167311,-16.73,1.076923,No,0.00,0.00
id#232,253.1557,5320.45,3458.29,263.2221,5457.52,5816.70,-0.061750,-6.18,1.104668,No,0.00,0.00
id#233,253.1557,6890.95,4479.12,263.2221,6970.26,7035.78,-0.009312,-0.93,1.089317,No,0.00,0.00
id#234,253.1557,3966.60,2578.29,263.2221,3966.60,5737.44,-0.308646,-30.86,1.076923,No,0.00,0.00
id#235,253.1557,4821.04,3133.67,263.2221,5012.74,6357.93,-0.211577,-21.16,1.119746,No,0.00,0.00
id#236,253.1557,4096.55,2662.76,263.2221,4259.44,6168.19,-0.309450,-30.95,1.119746,No,0.00,0.00
id#237,253.1557,5352.99,3479.44,263.2221,5381.37,5633.69,-0.044788,-4.48,1.082632,No,0.00,0.00
id#238,253.1557,6026.94,3917.51,263.2221,6026.94,8441.64,-0.286046,-28.60,1.076923,No,0.00,0.00
id#239,253.1557,6321.08,4108.70,263.2221,6321.08,7062.72,-0.105007,-10.50,1.076923,No,0.00,0.00
id#240,253.1557,6733.81,4376.98,263.2221,6733.81,8482.70,-0.206171,-20.62,1.076923,No,0.00,0.00
id#241,253.1557,4484.61,2914.99,263.2221,4484.61,5801.16,-0.226947,-22.69,1.076923,No,0.00,0.00
id#242,253.1557,7650.73,4972.97,263.2221,7869.06,8146.45,-0.034050,-3.41,1.107656,No,0.00,0.00
id#243,253.1557,6740.50,4381.33,263.2221,6917.99,7455.93,-0.072149,-7.21,1.105281,No,0.00,0.00
id#244,253.1557,5481.80,3563.17,263.2221,5590.25,5592.74,-0.000446,-0.04,1.098229,No,0.00,0.00
id#245,253.1557,4965.95,3227.87,263.2221,4993.45,5226.41,-0.044573,-4.46,1.082886,No,0.00,0.00
id#246,253.1557,5878.23,3820.85,263.2221,5878.23,7493.82,-0.215590,-21.56,1.076923,No,0.00,0.00
id#247,253.1557,5814.02,3779.11,263.2221,5814.02,6761.74,-0.140159,-14.02,1.076923,No,0.00,0.00
id#248,253.1557,5859.80,3808.87,263.2221,6092.81,8566.41,-0.288756,-28.88,1.119746,No,0.00,0.00
id#249,253.1557,7341.62,4772.05,263.2221,7341.62,8080.28,-0.091415,-9.14,1.076923,No,0.00,0.00
id#250,253.1557,7118.12,4626.78,263.2221,7233.57,7237.58,-0.000554,-0.06,1.094390,No,0.00,0.00
id#251,253.1557,7139.59,4640.73,263.2221,7144.34,7692.99,-0.071318,-7.13,1.077640,No,0.00,0.00
id#252,253.1557,5661.16,3679.75,263.2221,5661.16,6785.40,-0.165685,-16.57,1.076923,No,0.00,0.00
id#253,253.1557,6630.87,4310.07,263.2221,6630.87,7862.54,-0.156650,-15.67,1.076923,No,0.00,0.00
id#254,253.1557,6272.49,4077.12,263.2221,6329.34,6460.49,-0.020301,-2.03,1.086684,No,0.00,0.00
id#255,253.1557,7691.12,4999.23,263.2221,7749.33,7999.77,-0.031306,-3.13,1.085074,No,0.00,0.00
id#256,253.1557,5072.38,3297.04,263.2221,5072.38,7099.45,-0.285526,-28.55,1.076923,No,0.00,0.00
id#257,253.1557,5872.47,3817.11,263.2221,6026.18,6579.88,-0.084151,-8.42,1.105110,No,0.00,0.00
id#258,253.1557,6070.43,3945.78,263.2221,6070.43,7385.21,-0.178028,-17.80,1.076923,No,0.00,0.00
id#259,253.1557,6641.25,4316.81,263.2221,6725.77,6773.31,-0.007020,-0.70,1.090628,No,0.00,0.00
id#260,253.1557,6192.08,4024.85,263.2221,6438.30,7567.41,-0.149207,-14.92,1.119746,No,0.00,0.00
id#261,253.1557,6072.71,3947.26,263.2221,6072.71,7610.96,-0.202109,-20.21,1.076923,No,0.00,0.00
id#262,253.1557,8188.98,5322.84,263.2221,8218.89,8633.59,-0.048033,-4.80,1.080856,No,0.00,0.00
id#263,253.1557,4186.46,2721.20,263.2221,4352.92,6236.75,-0.302052,-30.21,1.119746,No,0.00,0.00
id#264,253.1557,8301.80,5396.17,263.2221,8332.89,8562.62,-0.026829,-2.68,1.080956,No,0.00,0.00
id#265,253.1557,5615.90,3650.34,263.2221,5615.90,6375.36,-0.119124,-11.91,1.076923,No,0.00,0.00
id#266,253.1557,6943.79,4513.46,263.2221,7219.90,8231.92,-0.122938,-12.29,1.119746,No,0.00,0.00
id#267,253.1557,5719.87,3717.92,263.2221,5719.87,8244.22,-0.306197,-30.62,1.076923,No,0.00,0.00
id#268,253.1557,7716.99,5016.05,263.2221,7874.23,7922.49,-0.006092,-0.61,1.098866,No,0.00,0.00
id#269,253.1557,7576.96,4925.02,263.2221,7768.81,8261.29,-0.059612,-5.96,1.104191,No,0.00,0.00
id#270,253.1557,5545.88,3604.82,263.2221,5545.88,7247.23,-0.234759,-23.48,1.076923,No,0.00,0.00
id#271,253.1557,4590.94,2984.11,263.2221,4737.92,5491.45,-0.137218,-13.72,1.111403,No,0.00,0.00
id#272,253.1557,5364.32,3486.81,263.2221,5364.32,7090.50,-0.243450,-24.35,1.076923,No,0.00,0.00
id#273,253.1557,5989.41,3893.12,263.2221,5989.41,7088.42,-0.155042,-15.50,1.076923,No,0.00,0.00
id#274,253.1557,4607.14,2994.64,263.2221,4790.34,5543.60,-0.135878,-13.59,1.119746,No,0.00,0.00
id#275,253.1557,3332.95,2166.42,263.2221,3332.95,4427.68,-0.247248,-24.72,1.076923,No,0.00,0.00
id#276,253.1557,4173.23,2712.60,263.2221,4339.17,5815.57,-0.253870,-25.39,1.119746,No,0.00,0.00
id#277,253.1557,4984.00,3239.60,263.2221,5046.21,5065.40,-0.003788,-0.38,1.090364,No,0.00,0.00
id#278,253.1557,3461.81,2250.18,263.2221,3461.81,4666.03,-0.258082,-25.81,1.076923,No,0.00,0.00
id#279,253.1557,4923.39,3200.20,263.2221,5083.02,5443.96,-0.066300,-6.63,1.111840,No,0.00,0.00
id#280,253.1557,4548.68,2956.65,263.2221,4548.68,5977.97,-0.239092,-23.91,1.076923,No,0.00,0.00
id#281,253.1557,5659.22,3678.49,263.2221,5659.22,6407.34,-0.116761,-11.68,1.076923,No,0.00,0.00
id#282,253.1557,5827.42,3787.83,263.2221,5942.54,5954.78,-0.002056,-0.21,1.098197,No,0.00,0.00
id#283,253.1557,7500.90,4875.59,263.2221,7615.29,7615.77,-0.000062,-0.01,1.093347,No,0.00,0.00
id#284,253.1557,6071.28,3946.33,263.2221,6118.89,6236.35,-0.018835,-1.88,1.085367,No,0.00,0.00
id#285,253.1557,4775.79,3104.26,263.2221,4775.79,5960.16,-0.198715,-19.87,1.076923,No,0.00,0.00
id#286,253.1557,6076.44,3949.69,263.2221,6144.57,6212.11,-0.010872,-1.09,1.088997,No,0.00,0.00
id#287,253.1557,4105.72,2668.72,263.2221,4105.72,5509.35,-0.254772,-25.48,1.076923,No,0.00,0.00
id#288,253.1557,5990.08,3893.55,263.2221,5990.08,6445.86,-0.070709,-7.07,1.076923,No,0.00,0.00
id#289,253.1557,5404.26,3512.77,263.2221,5513.11,5560.78,-0.008573,-0.86,1.098614,No,0.00,0.00
id#290,253.1557,4873.46,3167.75,263.2221,5008.39,5258.36,-0.047539,-4.75,1.106739,No,0.00,0.00
id#291,253.1557,8212.13,5337.88,263.2221,8217.94,8616.56,-0.046262,-4.63,1.077685,No,0.00,0.00
id#292,253.1557,6350.29,4127.69,263.2221,6602.80,7914.38,-0.165721,-16.57,1.119746,No,0.00,0.00
id#293,253.1557,6330.94,4115.11,263.2221,6345.31,6894.07,-0.079598,-7.96,1.079368,No,0.00,0.00
id#294,253.1557,4484.54,2914.95,263.2221,4484.54,5202.50,-0.138003,-13.80,1.076923,No,0.00,0.00
id#295,253.1557,5914.15,3844.20,263.2221,5914.15,9132.27,-0.352390,-35.24,1.076923,No,0.00,0.00
id#296,253.1557,6560.98,4264.63,263.2221,6562.16,7237.28,-0.093284,-9.33,1.077117,No,0.00,0.00
id#297,253.1557,7226.53,4697.25,263.2221,7329.45,7349.71,-0.002757,-0.28,1.092260,No,0.00,0.00
id#298,253.1557,5180.15,3367.10,263.2221,5290.13,5311.19,-0.003965,-0.40,1.099788,No,0.00,0.00
id#299,253.1557,5237.42,3404.32,263.2221,5445.68,6113.66,-0.109260,-10.93,1.119746,No,0.00,0.00
id#300,253.1557,7648.84,4971.75,263.2221,7823.62,8148.57,-0.039877,-3.99,1.101531,No,0.00,0.00
id#301,253.1557,4921.90,3199.24,263.2221,4921.90,5781.71,-0.148712,-14.87,1.076923,No,0.00,0.00
id#302,253.1557,5804.77,3773.10,263.2221,5804.77,6635.10,-0.125142,-12.51,1.076923,No,0.00,0.00
id#303,253.1557,6726.47,4372.20,263.2221,6842.78,6851.62,-0.001290,-0.13,1.095545,No,0.00,0.00
id#304,253.1557,8397.76,5458.54,263.2221,8493.28,8585.12,-0.010698,-1.07,1.089173,No,0.00,0.00
id#305,253.1557,4493.72,2920.92,263.2221,4493.72,5722.66,-0.214749,-21.47,1.076923,No,0.00,0.00
id#306,253.1557,8527.17,5542.66,263.2221,8663.37,8672.93,-0.001103,-0.11,1.094124,No,0.00,0.00
id#307,253.1557,5780.17,3757.11,263.2221,5841.72,5911.21,-0.011754,-1.18,1.088392,No,0.00,0.00
id#308,253.1557,7582.55,4928.66,263.2221,7757.91,7805.67,-0.006118,-0.61,1.101829,No,0.00,0.00
id#309,253.1557,6129.11,3983.92,263.2221,6372.82,7195.98,-0.114392,-11.44,1.119746,No,0.00,0.00
id#310,253.1557,4751.93,3088.76,263.2221,4751.93,5693.03,-0.165307,-16.53,1.076923,No,0.00,0.00
id#311,253.1557,7817.72,5081.52,263.2221,8128.58,9286.20,-0.124661,-12.47,1.119746,No,0.00,0.00
id#312,253.1557,7365.51,4787.58,263.2221,7563.17,8106.91,-0.067070,-6.71,1.105824,No,0.00,0.00
id#313,253.1557,6793.29,4415.64,263.2221,6793.29,8876.21,-0.234664,-23.47,1.076923,No,0.00,0.00
id#314,253.1557,6696.11,4352.47,263.2221,6962.37,7768.07,-0.103720,-10.37,1.119746,No,0.00,0.00
id#315,253.1557,6042.74,3927.78,263.2221,6042.74,9264.26,-0.347736,-34.77,1.076923,No,0.00,0.00
id#316,253.1557,8076.18,5249.52,263.2221,8245.25,8280.41,-0.004246,-0.42,1.099467,No,0.00,0.00
id#317,253.1557,5523.42,3590.22,263.2221,5523.42,6597.93,-0.162855,-16.29,1.076923,No,0.00,0.00
id#318,253.1557,4891.87,3179.72,263.2221,5086.39,6182.63,-0.177310,-17.73,1.119746,No,0.00,0.00
id#319,253.1557,6548.26,4256.37,263.2221,6585.84,6728.32,-0.021177,-2.12,1.083103,No,0.00,0.00
id#320,253.1557,6489.87,4218.41,263.2221,6489.87,7926.22,-0.181215,-18.12,1.076923,No,0.00,0.00
id#321,253.1557,4424.46,2875.90,263.2221,4424.46,5757.49,-0.231529,-23.15,1.076923,No,0.00,0.00
id#322,253.1557,5895.16,3831.86,263.2221,6129.58,7171.90,-0.145334,-14.53,1.119746,No,0.00,0.00
id#323,253.1557,5578.75,3626.19,263.2221,5662.28,5665.87,-0.000633,-0.06,1.093048,No,0.00,0.00
id#324,253.1557,5138.31,3339.90,263.2221,5138.31,6888.25,-0.254047,-25.40,1.076923,No,0.00,0.00
id#325,253.1557,5649.28,3672.03,263.2221,5649.28,6285.63,-0.101239,-10.12,1.076923,No,0.00,0.00
id#326,253.1557,5411.81,3517.68,263.2221,5411.81,7129.53,-0.240931,-24.09,1.076923,No,0.00,0.00
id#327,253.1557,4920.38,3198.24,263.2221,5116.03,7584.85,-0.325494,-32.55,1.119746,No,0.00,0.00
id#328,253.1557,6745.71,4384.71,263.2221,6829.77,6868.51,-0.005641,-0.56,1.090343,No,0.00,0.00
id#329,253.1557,6701.39,4355.90,263.2221,6933.59,8155.41,-0.149817,-14.98,1.114238,No,0.00,0.00
id#330,253.1557,6210.37,4036.74,263.2221,6210.37,8056.98,-0.229193,-22.92,1.076923,No,0.00,0.00
id#331,253.1557,6985.47,4540.55,263.2221,7117.97,7137.85,-0.002785,-0.28,1.097351,No,0.00,0.00
id#332,253.1557,5722.24,3719.46,263.2221,5722.24,6199.51,-0.076985,-7.70,1.076923,No,0.00,0.00
id#333,253.1557,6125.22,3981.39,263.2221,6125.22,8467.52,-0.276622,-27.66,1.076923,No,0.00,0.00
id#334,253.1557,5576.18,3624.52,263.2221,5576.18,7333.52,-0.239631,-23.96,1.076923,No,0.00,0.00
id#335,253.1557,6078.45,3950.99,263.2221,6300.46,7015.17,-0.101880,-10.19,1.116258,No,0.00,0.00
id#336,253.1557,5521.24,3588.80,263.2221,5527.11,6001.02,-0.078971,-7.90,1.078069,No,0.00,0.00
id#337,253.1557,5147.10,3345.61,263.2221,5164.57,5530.78,-0.066213,-6.62,1.080578,No,0.00,0.00
id#338,253.1557,5033.77,3271.95,263.2221,5233.93,6275.25,-0.165941,-16.59,1.119746,No,0.00,0.00
id#339,253.1557,5118.76,3327.19,263.2221,5310.07,6742.55,-0.212454,-21.25,1.117173,No,0.00,0.00
id#340,253.1557,4283.67,2784.39,263.2221,4283.67,5162.80,-0.170281,-17.03,1.076923,No,0.00,0.00
id#341,253.1557,5822.64,3784.71,263.2221,5930.10,5978.92,-0.008166,-0.82,1.096798,No,0.00,0.00
id#342,253.1557,5933.62,3856.85,263.2221,5993.21,6085.67,-0.015192,-1.52,1.087739,No,0.00,0.00
id#343,253.1557,3752.66,2439.23,263.2221,3752.66,5253.45,-0.285677,-28.57,1.076923,No,0.00,0.00
id#344,253.1557,4289.90,2788.43,263.2221,4460.48,5974.51,-0.253415,-25.34,1.119746,No,0.00,0.00
id#345,253.1557,5660.90,3679.58,263.2221,5836.00,6148.12,-0.050767,-5.08,1.110235,No,0.00,0.00
id#346,253.1557,6095.02,3961.77,263.2221,6095.02,6596.90,-0.076078,-7.61,1.076923,No,0.00,0.00
id#347,253.1557,4960.44,3224.29,263.2221,4960.44,7188.70,-0.309967,-31.00,1.076923,No,0.00,0.00
id#348,253.1557,4799.79,3119.86,263.2221,4799.79,6792.43,-0.293363,-29.34,1.076923,No,0.00,0.00
id#349,253.1557,5236.36,3403.64,263.2221,5292.26,5357.96,-0.012261,-1.23,1.088419,No,0.00,0.00
id#350,253.1557,7145.85,4644.80,263.2221,7145.85,7718.68,-0.074214,-7.42,1.076923,No,0.00,0.00
id#351,253.1557,5296.51,3442.73,263.2221,5487.50,5853.85,-0.062583,-6.26,1.115757,No,0.00,0.00
id#352,253.1557,5166.87,3358.47,263.2221,5372.33,6629.35,-0.189615,-18.96,1.119746,No,0.00,0.00
id#353,253.1557,5491.10,3569.21,263.2221,5491.10,6304.98,-0.129086,-12.91,1.076923,No,0.00,0.00
id#354,253.1557,8276.94,5380.01,263.2221,8441.61,8450.85,-0.001093,-0.11,1.098349,No,0.00,0.00
id#355,253.1557,4745.35,3084.48,263.2221,4858.57,5096.32,-0.046651,-4.67,1.102618,No,0.00,0.00
id#356,253.1557,4445.58,2889.63,263.2221,4445.58,6162.88,-0.278652,-27.87,1.076923,No,0.00,0.00
id#357,253.1557,5529.92,3594.45,263.2221,5724.97,6361.54,-0.100066,-10.01,1.114907,No,0.00,0.00
id#358,253.1557,8205.11,5333.32,263.2221,8384.99,8414.85,-0.003547,-0.35,1.100533,No,0.00,0.00
id#359,253.1557,4691.52,3049.49,263.2221,4691.52,6862.38,-0.316341,-31.63,1.076923,No,0.00,0.00
id#360,253.1557,5389.61,3503.25,263.2221,5481.71,5493.48,-0.002142,-0.21,1.095326,No,0.00,0.00
id#361,253.1557,5333.51,3466.78,263.2221,5333.51,6851.19,-0.221521,-22.15,1.076923,No,0.00,0.00
id#362,253.1557,4340.95,2821.62,263.2221,4498.74,5532.74,-0.186888,-18.69,1.116066,No,0.00,0.00
id#363,253.1557,5384.13,3499.69,263.2221,5428.77,5571.83,-0.025677,-2.57,1.085851,No,0.00,0.00
id#364,253.1557,4809.65,3126.27,263.2221,4809.65,6888.88,-0.301825,-30.18,1.076923,No,0.00,0.00
id#365,253.1557,5359.00,3483.35,263.2221,5454.98,5458.15,-0.000579,-0.06,1.096211,No,0.00,0.00
id#366,253.1557,5425.89,3526.83,263.2221,5481.75,5555.46,-0.013268,-1.33,1.088010,No,0.00,0.00
id#367,253.1557,8654.06,5625.14,263.2221,8886.96,8977.30,-0.010064,-1.01,1.105905,No,0.00,0.00
id#368,253.1557,6878.92,4471.30,263.2221,6878.92,8229.52,-0.164116,-16.41,1.076923,No,0.00,0.00
id#369,253.1557,4343.59,2823.34,263.2221,4343.59,6161.75,-0.295071,-29.51,1.076923,No,0.00,0.00
id#370,253.1557,6645.57,4319.62,263.2221,6730.09,6760.46,-0.004492,-0.45,1.090619,No,0.00,0.00
id#371,253.1557,6278.60,4081.09,263.2221,6377.86,6380.49,-0.000412,-0.04,1.093948,No,0.00,0.00
id#372,253.1557,6041.41,3926.91,263.2221,6130.45,6134.79,-0.000707,-0.07,1.092796,No,0.00,0.00
id#373,253.1557,8584.36,5579.84,263.2221,8925.71,9458.63,-0.056342,-5.63,1.119746,No,0.00,0.00
id#374,253.1557,7394.05,4806.14,263.2221,7423.58,7860.26,-0.055556,-5.56,1.081223,No,0.00,0.00
id#375,253.1557,4621.90,3004.24,263.2221,4805.69,5818.76,-0.174104,-17.41,1.119746,No,0.00,0.00
id#376,253.1557,5000.49,3250.32,263.2221,5000.49,5541.72,-0.097666,-9.77,1.076923,No,0.00,0.00
id#377,253.1557,4124.85,2681.15,263.2221,4124.85,5553.96,-0.257314,-25.73,1.076923,No,0.00,0.00
id#378,253.1557,6217.38,4041.30,263.2221,6414.09,6716.94,-0.045088,-4.51,1.110995,No,0.00,0.00
id#379,253.1557,3701.60,2406.04,263.2221,3701.60,4844.45,-0.235909,-23.59,1.076923,No,0.00,0.00
id#380,253.1557,7022.14,4564.39,263.2221,7022.14,7732.55,-0.091873,-9.19,1.076923,No,0.00,0.00
id#381,253.1557,7108.53,4620.55,263.2221,7278.05,7305.17,-0.003712,-0.37,1.102604,No,0.00,0.00
id#382,253.1557,7077.75,4600.53,263.2221,7353.36,8076.35,-0.089519,-8.95,1.118860,No,0.00,0.00
id#383,253.1557,8396.83,5457.94,263.2221,8582.21,8592.40,-0.001185,-0.12,1.100699,No,0.00,0.00
id#384,253.1557,4750.29,3087.69,263.2221,4939.18,6282.32,-0.213797,-21.38,1.119746,No,0.00,0.00
id#385,253.1557,4725.96,3071.87,263.2221,4877.09,5391.11,-0.095347,-9.53,1.111361,No,0.00,0.00
id#386,253.1557,5117.88,3326.62,263.2221,5117.88,6550.43,-0.218696,-21.87,1.076923,No,0.00,0.00
id#387,253.1557,5382.84,3498.85,263.2221,5566.31,6169.71,-0.097800,-9.78,1.113630,No,0.00,0.00
id#388,253.1557,6835.33,4442.96,263.2221,7107.12,8032.04,-0.115153,-11.52,1.119746,No,0.00,0.00
id#389,253.1557,5474.43,3558.38,263.2221,5583.95,5588.04,-0.000733,-0.07,1.098467,No,0.00,0.00
id#390,253.1557,5660.72,3679.47,263.2221,5660.72,7638.75,-0.258947,-25.89,1.076923,No,0.00,0.00
id#391,253.1557,5610.87,3647.07,263.2221,5828.80,7063.82,-0.174837,-17.48,1.118751,No,0.00,0.00
id#392,253.1557,4440.71,2886.46,263.2221,4617.29,6087.61,-0.241527,-24.15,1.119746,No,0.00,0.00
id#393,253.1557,7369.76,4790.34,263.2221,7452.66,7532.33,-0.010578,-1.06,1.089037,No,0.00,0.00
id#394,253.1557,7239.29,4705.54,263.2221,7356.45,7357.04,-0.000080,-0.01,1.094351,No,0.00,0.00
id#395,253.1557,5940.34,3861.22,263.2221,6116.98,6769.34,-0.096371,-9.64,1.108945,No,0.00,0.00
id#396,253.1557,4338.98,2820.34,263.2221,4511.51,6366.61,-0.291379,-29.14,1.119746,No,0.00,0.00
id#397,253.1557,8282.46,5383.60,263.2221,8414.75,8415.65,-0.000106,-0.01,1.094124,No,0.00,0.00
id#398,253.1557,5635.14,3662.84,263.2221,5836.51,6960.70,-0.161506,-16.15,1.115406,No,0.00,0.00
id#399,253.1557,4404.68,2863.04,263.2221,4404.68,6323.59,-0.303452,-30.35,1.076923,No,0.00,0.00
id#400,253.1557,4859.60,3158.74,263.2221,4859.60,6369.60,-0.237063,-23.71,1.076923,No,0.00,0.00
id#401,253.1557,8641.60,5617.04,263.2221,8710.71,8906.92,-0.022028,-2.20,1.085536,No,0.00,0.00
id#402,253.1557,3799.30,2469.54,263.2221,3799.30,5050.67,-0.247763,-24.78,1.076923,No,0.00,0.00
id#403,253.1557,5212.58,3388.18,263.2221,5383.90,6541.52,-0.176965,-17.70,1.112318,No,0.00,0.00
id#404,253.1557,4865.13,3162.33,263.2221,5058.58,6052.64,-0.164235,-16.42,1.119746,No,0.00,0.00
id#405,253.1557,6107.63,3969.96,263.2221,6308.58,7194.74,-0.123168,-12.32,1.112355,No,0.00,0.00
id#406,253.1557,6769.89,4400.43,263.2221,6769.89,7527.28,-0.100620,-10.06,1.076923,No,0.00,0.00
id#407,253.1557,5205.28,3383.43,263.2221,5370.53,5858.06,-0.083224,-8.32,1.111111,No,0.00,0.00
id#408,253.1557,7257.02,4717.06,263.2221,7355.10,7364.65,-0.001296,-0.13,1.091479,No,0.00,0.00
id#409,253.1557,7960.79,5174.52,263.2221,8036.01,8167.26,-0.016070,-1.61,1.087098,No,0.00,0.00
id#410,253.1557,7303.29,4747.14,263.2221,7358.53,7561.40,-0.026830,-2.68,1.085070,No,0.00,0.00
id#411,253.1557,4219.11,2742.42,263.2221,4219.11,5483.96,-0.230645,-23.06,1.076923,No,0.00,0.00
id#412,253.1557,5838.89,3795.28,263.2221,5838.89,7882.85,-0.259292,-25.93,1.076923,No,0.00,0.00
id#413,253.1557,5558.52,3613.04,263.2221,5558.52,6636.11,-0.162383,-16.24,1.076923,No,0.00,0.00
id#414,253.1557,6300.72,4095.47,263.2221,6533.90,6795.53,-0.038500,-3.85,1.116778,No,0.00,0.00
id#415,253.1557,6154.47,4000.41,263.2221,6154.47,8191.52,-0.248677,-24.87,1.076923,No,0.00,0.00
id#416,253.1557,5626.11,3656.97,263.2221,5849.83,8648.14,-0.323574,-32.36,1.119746,No,0.00,0.00
id#417,253.1557,5430.03,3529.52,263.2221,5551.21,5665.09,-0.020102,-2.01,1.100956,No,0.00,0.00
id#418,253.1557,5425.10,3526.32,263.2221,5425.10,6096.31,-0.110100,-11.01,1.076923,No,0.00,0.00
id#419,253.1557,7687.32,4996.76,263.2221,7687.32,9034.03,-0.149071,-14.91,1.076923,No,0.00,0.00
id#420,253.1557,7578.08,4925.75,263.2221,7614.05,7849.21,-0.029959,-3.00,1.082035,No,0.00,0.00
id#421,253.1557,5333.15,3466.55,263.2221,5545.21,8262.50,-0.328869,-32.89,1.119746,No,0.00,0.00
id#422,253.1557,7097.30,4613.25,263.2221,7154.41,7354.09,-0.027152,-2.72,1.085588,No,0.00,0.00
id#423,253.1557,6533.17,4246.56,263.2221,6533.17,7517.66,-0.130957,-13.10,1.076923,No,0.00,0.00
id#424,253.1557,5696.38,3702.65,263.2221,5696.38,6422.58,-0.113069,-11.31,1.076923,No,0.00,0.00
id#425,253.1557,4230.62,2749.90,263.2221,4230.62,5139.17,-0.176789,-17.68,1.076923,No,0.00,0.00
id#426,253.1557,6282.55,4083.66,263.2221,6282.55,6932.88,-0.093804,-9.38,1.076923,No,0.00,0.00
id#427,253.1557,6831.46,4440.45,263.2221,7039.05,8091.00,-0.130015,-13.00,1.109648,No,0.00,0.00
id#428,253.1557,5331.00,3465.15,263.2221,5542.99,7404.08,-0.251360,-25.14,1.119746,No,0.00,0.00
id#429,253.1557,6797.71,4418.51,263.2221,6928.36,7022.61,-0.013421,-1.34,1.097621,No,0.00,0.00
id#430,253.1557,7092.78,4610.30,263.2221,7093.30,7448.98,-0.047749,-4.77,1.077003,No,0.00,0.00
id#431,253.1557,6342.71,4122.76,263.2221,6342.71,7105.64,-0.107370,-10.74,1.076923,No,0.00,0.00
id#432,253.1557,7290.66,4738.93,263.2221,7497.46,8389.52,-0.106331,-10.63,1.107469,No,0.00,0.00
id#433,253.1557,4714.00,3064.10,263.2221,4714.00,6693.03,-0.295685,-29.57,1.076923,No,0.00,0.00
id#434,253.1557,7904.71,5138.06,263.2221,7904.71,8589.76,-0.079752,-7.98,1.076923,No,0.00,0.00
id#435,253.1557,7427.23,4827.70,263.2221,7427.25,8198.27,-0.094046,-9.40,1.076926,No,0.00,0.00
id#436,253.1557,7365.20,4787.38,263.2221,7425.61,7629.23,-0.026689,-2.67,1.085757,No,0.00,0.00
id#437,253.1557,7128.10,4633.27,263.2221,7191.04,7355.32,-0.022335,-2.23,1.086432,No,0.00,0.00
id#438,253.1557,5324.77,3461.10,263.2221,5324.77,7255.04,-0.266059,-26.61,1.076923,No,0.00,0.00
id#439,253.1557,7221.78,4694.16,263.2221,7438.01,8182.28,-0.090961,-9.10,1.109168,No,0.00,0.00
id#440,253.1557,5992.64,3895.22,263.2221,5992.64,8502.77,-0.295213,-29.52,1.076923,No,0.00,0.00
id#441,253.1557,5254.61,3415.50,263.2221,5254.61,7178.40,-0.267997,-26.80,1.076923,No,0.00,0.00
id#442,253.1557,5596.66,3637.83,263.2221,5603.60,5931.32,-0.055253,-5.53,1.078258,No,0.00,0.00
id#443,253.1557,7141.87,4642.22,263.2221,7231.94,7262.88,-0.004260,-0.43,1.090505,No,0.00,0.00
id#444,253.1557,3927.68,2552.99,263.2221,3927.68,6034.43,-0.349122,-34.91,1.076923,No,0.00,0.00
id#445,253.1557,6881.05,4472.68,263.2221,7059.24,7325.53,-0.036350,-3.63,1.104811,No,0.00,0.00
id#446,253.1557,4968.95,3229.82,263.2221,5100.92,5328.46,-0.042703,-4.27,1.105525,No,0.00,0.00
id#447,253.1557,7181.66,4668.08,263.2221,7312.22,7314.95,-0.000374,-0.04,1.096500,No,0.00,0.00
id#448,253.1557,4120.37,2678.24,263.2221,4284.21,5807.96,-0.262357,-26.24,1.119746,No,0.00,0.00
id#449,253.1557,7414.69,4819.55,263.2221,7509.47,7561.99,-0.006945,-0.69,1.090690,No,0.00,0.00
id#450,253.1557,6482.08,4213.35,263.2221,6702.55,7497.42,-0.106019,-10.60,1.113552,No,0.00,0.00
id#451,253.1557,4699.61,3054.74,263.2221,4886.48,6781.95,-0.279487,-27.95,1.119746,No,0.00,0.00
id#452,253.1557,6989.25,4543.01,263.2221,7133.54,7181.84,-0.006726,-0.67,1.099155,No,0.00,0.00
id#453,253.1557,4024.69,2616.05,263.2221,4024.69,4852.92,-0.170665,-17.07,1.076923,No,0.00,0.00
id#454,253.1557,8077.59,5250.43,263.2221,8077.59,9286.54,-0.130183,-13.02,1.076923,No,0.00,0.00
id#455,253.1557,6252.13,4063.88,263.2221,6252.13,7502.97,-0.166713,-16.67,1.076923,No,0.00,0.00
id#456,253.1557,5908.79,3840.71,263.2221,6143.74,8438.04,-0.271899,-27.19,1.119746,No,0.00,0.00
id#457,253.1557,5888.22,3827.34,263.2221,6122.36,8625.54,-0.290206,-29.02,1.119746,No,0.00,0.00
id#458,253.1557,6086.69,3956.35,263.2221,6328.72,7998.97,-0.208809,-20.88,1.119746,No,0.00,0.00
id#459,253.1557,5821.65,3784.07,263.2221,5821.65,6422.24,-0.093516,-9.35,1.076923,No,0.00,0.00
id#460,253.1557,5712.10,3712.86,263.2221,5878.96,6566.70,-0.104731,-10.47,1.108382,No,0.00,0.00
id#461,253.1557,4877.96,3170.67,263.2221,4877.96,6437.74,-0.242287,-24.23,1.076923,No,0.00,0.00
id#462,253.1557,4160.76,2704.50,263.2221,4326.21,5643.18,-0.233373,-23.34,1.119746,No,0.00,0.00
id#463,253.1557,5474.50,3558.43,263.2221,5677.88,6108.53,-0.070499,-7.05,1.116931,No,0.00,0.00
id#464,253.1557,6107.37,3969.79,263.2221,6107.37,7293.10,-0.162582,-16.26,1.076923,No,0.00,0.00
id#465,253.1557,5261.47,3419.96,263.2221,5359.31,5368.07,-0.001632,-0.16,1.096948,No,0.00,0.00
id#466,253.1557,6047.49,3930.87,263.2221,6268.61,6623.97,-0.053648,-5.36,1.116299,No,0.00,0.00
id#467,253.1557,5472.69,3557.25,263.2221,5690.31,7389.18,-0.229913,-22.99,1.119746,No,0.00,0.00
id#468,253.1557,7154.05,4650.13,263.2221,7196.55,7500.50,-0.040524,-4.05,1.083321,No,0.00,0.00
id#469,253.1557,5787.04,3761.58,263.2221,6017.16,7171.57,-0.160971,-16.10,1.119746,No,0.00,0.00
id#470,253.1557,6260.48,4069.31,263.2221,6445.42,6501.78,-0.008670,-0.87,1.108736,No,0.00,0.00
id#471,253.1557,6420.54,4173.35,263.2221,6420.54,7249.77,-0.114380,-11.44,1.076923,No,0.00,0.00
id#472,253.1557,3719.16,2417.46,263.2221,3867.05,5432.53,-0.288167,-28.82,1.119746,No,0.00,0.00
id#473,253.1557,6854.31,4455.30,263.2221,6854.31,7955.24,-0.138390,-13.84,1.076923,No,0.00,0.00
id#474,253.1557,3664.01,2381.61,263.2221,3664.01,5213.92,-0.297264,-29.73,1.076923,No,0.00,0.00
id#475,253.1557,6298.59,4094.08,263.2221,6377.32,6420.99,-0.006801,-0.68,1.090384,No,0.00,0.00
id#476,253.1557,4913.82,3193.98,263.2221,5084.74,5724.52,-0.111762,-11.18,1.114382,No,0.00,0.00
id#477,253.1557,6965.22,4527.39,263.2221,7087.96,7095.96,-0.001127,-0.11,1.095900,No,0.00,0.00
id#478,253.1557,6085.40,3955.51,263.2221,6327.38,7957.25,-0.204828,-20.48,1.119746,No,0.00,0.00
id#479,253.1557,8048.59,5231.58,263.2221,8048.59,8922.40,-0.097935,-9.79,1.076923,No,0.00,0.00
id#480,253.1557,5283.17,3434.06,263.2221,5283.17,6496.44,-0.186760,-18.68,1.076923,No,0.00,0.00
id#481,253.1557,5824.62,3786.00,263.2221,6050.90,6359.66,-0.048549,-4.85,1.118761,No,0.00,0.00
id#482,253.1557,7709.58,5011.23,263.2221,7709.58,8387.42,-0.080816,-8.08,1.076923,No,0.00,0.00
id#483,253.1557,5040.43,3276.28,263.2221,5148.43,5239.60,-0.017399,-1.74,1.099998,No,0.00,0.00
id#484,253.1557,5728.54,3723.55,263.2221,5913.61,6403.95,-0.076568,-7.66,1.111715,No,0.00,0.00
id#485,253.1557,6319.86,4107.91,263.2221,6540.64,6864.80,-0.047221,-4.72,1.114545,No,0.00,0.00
id#486,253.1557,6259.13,4068.44,263.2221,6259.13,7502.42,-0.165718,-16.57,1.076923,No,0.00,0.00
id#487,253.1557,5738.03,3729.72,263.2221,5761.02,6126.29,-0.059625,-5.96,1.081236,No,0.00,0.00
id#488,253.1557,6197.62,4028.46,263.2221,6335.06,6449.18,-0.017695,-1.77,1.100805,No,0.00,0.00
id#489,253.1557,6315.47,4105.05,263.2221,6315.47,7920.40,-0.202632,-20.26,1.076923,No,0.00,0.00
id#490,253.1557,7453.00,4844.45,263.2221,7692.83,8129.55,-0.053720,-5.37,1.111577,No,0.00,0.00
id#491,253.1557,5875.85,3819.30,263.2221,5876.81,6350.26,-0.074555,-7.46,1.077099,No,0.00,0.00
id#492,253.1557,4887.35,3176.78,263.2221,4887.35,6723.13,-0.273054,-27.31,1.076923,No,0.00,0.00
id#493,253.1557,5092.09,3309.86,263.2221,5092.09,6299.69,-0.191692,-19.17,1.076923,No,0.00,0.00
id#494,253.1557,6418.92,4172.30,263.2221,6418.92,8680.73,-0.260555,-26.06,1.076923,No,0.00,0.00
id#495,253.1557,4767.75,3099.04,263.2221,4957.34,6038.93,-0.179104,-17.91,1.119746,No,0.00,0.00
id#496,253.1557,6013.61,3908.84,263.2221,6013.61,7857.03,-0.234621,-23.46,1.076923,No,0.00,0.00
id#497,253.1557,7232.69,4701.25,263.2221,7296.87,7431.85,-0.018163,-1.82,1.086479,No,0.00,0.00
id#498,253.1557,4470.60,2905.89,263.2221,4648.37,6941.99,-0.330398,-33.04,1.119746,No,0.00,0.00
id#499,253.1557,8342.80,5422.82,263.2221,8674.54,9481.12,-0.085072,-8.51,1.119746,No,0.00,0.00
