position_id,seed_price,position_value_at_seed,loan_amount,close_price,position_value_at_close,hold_value,impermanent_loss,impermanent_loss_pct,health_factor,should_liquidate,repay_amount,collateral_to_take
id#0,232.8237,747.84,486.10,227.0200,729.20,3665.56,-0.801067,-80.11,1.050078,No,0.00,0.00
id#1,232.8237,854.75,555.59,227.0200,833.44,4284.65,-0.805482,-80.55,1.050078,No,0.00,0.00
id#2,232.8237,624.98,406.24,227.0200,609.40,4426.93,-0.862342,-86.23,1.050078,No,0.00,0.00
id#3,232.8237,531.51,345.48,227.0200,518.26,5521.34,-0.906135,-90.61,1.050078,No,0.00,0.00
id#4,232.8237,437.50,284.38,227.0200,426.60,4125.64,-0.896599,-89.66,1.050078,No,0.00,0.00
id#5,232.8237,447.31,290.75,227.0200,436.16,4569.29,-0.904546,-90.45,1.050078,No,0.00,0.00
id#6,232.8237,1245.45,809.54,227.0200,1214.40,3933.00,-0.691228,-69.12,1.050078,No,0.00,0.00
id#7,232.8237,870.67,565.93,227.0200,848.96,5045.68,-0.831745,-83.17,1.050078,No,0.00,0.00
id#8,232.8237,1122.25,729.46,227.0200,1094.27,3345.47,-0.672910,-67.29,1.050078,No,0.00,0.00
id#9,232.8237,519.70,337.80,227.0200,506.74,4040.29,-0.874578,-87.46,1.050078,No,0.00,0.00
id#10,232.8237,842.68,547.74,227.0200,821.68,4211.12,-0.804879,-80.49,1.050078,No,0.00,0.00
id#11,232.8237,1215.54,790.10,227.0200,1185.24,3560.16,-0.667082,-66.71,1.050078,No,0.00,0.00
id#12,232.8237,681.95,443.27,227.0200,664.95,4184.26,-0.841084,-84.11,1.050078,No,0.00,0.00
id#13,232.8237,861.32,559.86,227.0200,839.85,4855.84,-0.827043,-82.70,1.050078,No,0.00,0.00
id#14,232.8237,470.29,305.69,227.0200,458.57,3787.95,-0.878940,-87.89,1.050078,No,0.00,0.00
id#15,232.8237,711.89,462.73,227.0200,694.14,5208.83,-0.866737,-86.67,1.050078,No,0.00,0.00
id#16,232.8237,1067.28,693.73,227.0200,1040.68,4204.83,-0.752504,-75.25,1.050078,No,0.00,0.00
id#17,232.8237,695.22,451.89,227.0200,677.89,4711.12,-0.856109,-85.61,1.050078,No,0.00,0.00
id#18,232.8237,611.07,397.20,227.0200,595.84,3807.10,-0.843493,-84.35,1.050078,No,0.00,0.00
id#19,232.8237,527.54,342.90,227.0200,514.39,6893.48,-0.925380,-92.54,1.050078,No,0.00,0.00
id#20,232.8237,780.59,507.38,227.0200,761.13,3857.74,-0.802701,-80.27,1.050078,No,0.00,0.00
id#21,232.8237,533.69,346.90,227.0200,520.39,3998.20,-0.869844,-86.98,1.050078,No,0.00,0.00
id#22,232.8237,574.16,373.21,227.0200,559.85,3193.54,-0.824693,-82.47,1.050078,No,0.00,0.00
id#23,232.8237,479.51,311.68,227.0200,467.55,3888.89,-0.879772,-87.98,1.050078,No,0.00,0.00
id#24,232.8237,939.84,610.89,227.0200,916.41,4160.25,-0.779723,-77.97,1.050078,No,0.00,0.00
id#25,232.8237,944.66,614.03,227.0200,921.11,2596.41,-0.645238,-64.52,1.050078,No,0.00,0.00
id#26,232.8237,864.26,561.77,227.0200,842.72,5454.45,-0.845499,-84.55,1.050078,No,0.00,0.00
id#27,232.8237,1023.88,665.52,227.0200,998.36,3690.83,-0.729502,-72.95,1.050078,No,0.00,0.00
id#28,232.8237,672.55,437.16,227.0200,655.78,5255.93,-0.875230,-87.52,1.050078,No,0.00,0.00
id#29,232.8237,789.03,512.87,227.0200,769.36,5781.04,-0.866917,-86.69,1.050078,No,0.00,0.00
id#30,232.8237,806.33,524.11,227.0200,786.23,3150.99,-0.750482,-75.05,1.050078,No,0.00,0.00
id#31,232.8237,635.57,413.12,227.0200,619.72,2798.90,-0.778583,-77.86,1.050078,No,0.00,0.00
id#32,232.8237,677.82,440.58,227.0200,660.92,6094.20,-0.891549,-89.15,1.050078,No,0.00,0.00
id#33,232.8237,691.61,449.54,227.0200,674.37,3101.04,-0.782536,-78.25,1.050078,No,0.00,0.00
id#34,232.8237,499.88,324.92,227.0200,487.42,3628.98,-0.865687,-86.57,1.050078,No,0.00,0.00
id#35,232.8237,716.26,465.57,227.0200,698.41,3405.48,-0.794917,-79.49,1.050078,No,0.00,0.00
id#36,232.8237,712.52,463.14,227.0200,694.76,3980.25,-0.825448,-82.54,1.050078,No,0.00,0.00
id#37,232.8237,1124.95,731.22,227.0200,1096.91,3969.89,-0.723692,-72.37,1.050078,No,0.00,0.00
id#38,232.8237,899.10,584.41,227.0200,876.68,2900.91,-0.697790,-69.78,1.050078,No,0.00,0.00
id#39,232.8237,438.45,285.00,227.0200,427.52,4826.01,-0.911412,-91.14,1.050078,No,0.00,0.00
id#40,232.8237,624.08,405.65,227.0200,608.52,4785.89,-0.872851,-87.29,1.050078,No,0.00,0.00
id#41,232.8237,666.79,433.41,227.0200,650.17,3202.43,-0.796977,-79.70,1.050078,No,0.00,0.00
id#42,232.8237,650.17,422.61,227.0200,633.96,3118.19,-0.796689,-79.67,1.050078,No,0.00,0.00
id#43,232.8237,562.16,365.40,227.0200,548.15,3306.86,-0.834239,-83.42,1.050078,No,0.00,0.00
id#44,232.8237,687.24,446.70,227.0200,670.10,4476.69,-0.850313,-85.03,1.050078,No,0.00,0.00
id#45,232.8237,1060.58,689.38,227.0200,1034.15,3753.66,-0.724497,-72.45,1.050078,No,0.00,0.00
id#46,232.8237,369.91,240.44,227.0200,360.68,4526.11,-0.920310,-92.03,1.050078,No,0.00,0.00
id#47,232.8237,493.67,320.89,227.0200,481.37,5590.84,-0.913901,-91.39,1.050078,No,0.00,0.00
id#48,232.8237,1029.97,669.48,227.0200,1004.30,3285.06,-0.694284,-69.43,1.050078,No,0.00,0.00
id#49,232.8237,982.51,638.63,227.0200,958.01,3216.08,-0.702117,-70.21,1.050078,No,0.00,0.00
id#50,232.8237,403.01,261.96,227.0200,392.97,4557.29,-0.913771,-91.38,1.050078,No,0.00,0.00
id#51,232.8237,1029.06,668.89,227.0200,1003.41,3921.70,-0.744140,-74.41,1.050078,No,0.00,0.00
id#52,232.8237,983.42,639.22,227.0200,958.90,3983.01,-0.759252,-75.93,1.050078,No,0.00,0.00
id#53,232.8237,819.11,532.42,227.0200,798.69,3772.47,-0.788283,-78.83,1.050078,No,0.00,0.00
id#54,232.8237,1098.87,714.27,227.0200,1071.48,3430.86,-0.687693,-68.77,1.050078,No,0.00,0.00
id#55,232.8237,648.42,421.47,227.0200,632.26,6169.30,-0.897516,-89.75,1.050078,No,0.00,0.00
id#56,232.8237,503.58,327.33,227.0200,491.03,3586.95,-0.863107,-86.31,1.050078,No,0.00,0.00
id#57,232.8237,850.40,552.76,227.0200,829.20,3318.40,-0.750120,-75.01,1.050078,No,0.00,0.00
id#58,232.8237,498.61,324.10,227.0200,486.18,5462.94,-0.911003,-91.10,1.050078,No,0.00,0.00
id#59,232.8237,463.67,301.39,227.0200,452.11,4477.04,-0.899016,-89.90,1.050078,No,0.00,0.00
id#60,232.8237,616.71,400.86,227.0200,601.34,3076.26,-0.804523,-80.45,1.050078,No,0.00,0.00
id#61,232.8237,1014.68,659.54,227.0200,989.39,3601.62,-0.725295,-72.53,1.050078,No,0.00,0.00
id#62,232.8237,762.75,495.79,227.0200,743.73,4042.70,-0.816030,-81.60,1.050078,No,0.00,0.00
id#63,232.8237,570.25,370.66,227.0200,556.04,5216.75,-0.893413,-89.34,1.050078,No,0.00,0.00
id#64,232.8237,899.59,584.73,227.0200,877.16,2682.68,-0.673027,-67.30,1.050078,No,0.00,0.00
id#65,232.8237,739.17,480.46,227.0200,720.74,3629.13,-0.801401,-80.14,1.050078,No,0.00,0.00
id#66,232.8237,692.71,450.26,227.0200,675.44,5575.62,-0.878858,-87.89,1.050078,No,0.00,0.00
id#67,232.8237,1329.71,864.31,227.0200,1296.56,3285.76,-0.605400,-60.54,1.050078,No,0.00,0.00
id#68,232.8237,679.10,441.41,227.0200,662.17,6163.11,-0.892559,-89.26,1.050078,No,0.00,0.00
id#69,232.8237,973.83,632.99,227.0200,949.56,4373.58,-0.782888,-78.29,1.050078,No,0.00,0.00
id#70,232.8237,983.96,639.57,227.0200,959.43,4233.21,-0.773356,-77.34,1.050078,No,0.00,0.00
id#71,232.8237,1010.86,657.06,227.0200,985.66,3286.18,-0.700059,-70.01,1.050078,No,0.00,0.00
id#72,232.8237,693.48,450.76,227.0200,676.19,2896.88,-0.766580,-76.66,1.050078,No,0.00,0.00
id#73,232.8237,775.77,504.25,227.0200,756.43,2325.14,-0.674673,-67.47,1.050078,No,0.00,0.00
id#74,232.8237,745.49,484.57,227.0200,726.91,5750.69,-0.873596,-87.36,1.050078,No,0.00,0.00
id#75,232.8237,719.54,467.70,227.0200,701.61,2540.09,-0.723786,-72.38,1.050078,No,0.00,0.00
id#76,232.8237,955.94,621.36,227.0200,932.11,3249.66,-0.713167,-71.32,1.050078,No,0.00,0.00
id#77,232.8237,465.77,302.75,227.0200,454.16,5970.86,-0.923937,-92.39,1.050078,No,0.00,0.00
id#78,232.8237,701.65,456.07,227.0200,684.16,3598.54,-0.809878,-80.99,1.050078,No,0.00,0.00
id#79,232.8237,954.88,620.67,227.0200,931.08,4397.45,-0.788269,-78.83,1.050078,No,0.00,0.00
id#80,232.8237,668.61,434.60,227.0200,651.94,3251.97,-0.799524,-79.95,1.050078,No,0.00,0.00
id#81,232.8237,1260.26,819.17,227.0200,1228.85,3502.88,-0.649189,-64.92,1.050078,No,0.00,0.00
id#82,232.8237,862.42,560.57,227.0200,840.92,4777.99,-0.824001,-82.40,1.050078,No,0.00,0.00
id#83,232.8237,421.35,273.88,227.0200,410.85,4582.37,-0.910342,-91.03,1.050078,No,0.00,0.00
id#84,232.8237,785.05,510.28,227.0200,765.48,3324.64,-0.769755,-76.98,1.050078,No,0.00,0.00
id#85,232.8237,423.63,275.36,227.0200,413.07,5190.67,-0.920421,-92.04,1.050078,No,0.00,0.00
id#86,232.8237,851.10,553.22,227.0200,829.89,3172.58,-0.738418,-73.84,1.050078,No,0.00,0.00
id#87,232.8237,653.93,425.06,227.0200,637.63,2795.18,-0.771882,-77.19,1.050078,No,0.00,0.00
id#88,232.8237,1003.62,652.35,227.0200,978.60,4515.43,-0.783276,-78.33,1.050078,No,0.00,0.00
id#89,232.8237,961.36,624.89,227.0200,937.40,2984.55,-0.685916,-68.59,1.050078,No,0.00,0.00
id#90,232.8237,889.61,578.25,227.0200,867.43,5110.21,-0.830255,-83.03,1.050078,No,0.00,0.00
id#91,232.8237,521.56,339.01,227.0200,508.56,6548.19,-0.922336,-92.23,1.050078,No,0.00,0.00
id#92,232.8237,796.90,517.98,227.0200,777.03,4854.10,-0.839922,-83.99,1.050078,No,0.00,0.00
id#93,232.8237,1085.18,705.37,227.0200,1058.13,4155.34,-0.745358,-74.54,1.050078,No,0.00,0.00
id#94,232.8237,520.68,338.44,227.0200,507.70,6177.85,-0.917819,-91.78,1.050078,No,0.00,0.00
id#95,232.8237,861.85,560.20,227.0200,840.37,4150.89,-0.797546,-79.75,1.050078,No,0.00,0.00
id#96,232.8237,796.58,517.78,227.0200,776.73,4769.10,-0.837133,-83.71,1.050078,No,0.00,0.00
id#97,232.8237,1184.18,769.72,227.0200,1154.66,3359.17,-0.656266,-65.63,1.050078,No,0.00,0.00
id#98,232.8237,684.97,445.23,227.0200,667.90,6271.67,-0.893506,-89.35,1.050078,No,0.00,0.00
id#99,232.8237,754.91,490.69,227.0200,736.09,5315.26,-0.861514,-86.15,1.050078,No,0.00,0.00
id#100,232.8237,875.49,569.07,227.0200,853.66,5167.35,-0.834797,-83.48,1.050078,No,0.00,0.00
id#101,232.8237,739.25,480.51,227.0200,720.82,4799.71,-0.849820,-84.98,1.050078,No,0.00,0.00
id#102,232.8237,978.58,636.08,227.0200,954.18,2871.96,-0.667758,-66.78,1.050078,No,0.00,0.00
id#103,232.8237,621.23,403.80,227.0200,605.75,5081.61,-0.880796,-88.08,1.050078,No,0.00,0.00
id#104,232.8237,784.11,509.67,227.0200,764.56,3276.12,-0.766625,-76.66,1.050078,No,0.00,0.00
id#105,232.8237,779.26,506.52,227.0200,759.84,3124.70,-0.756828,-75.68,1.050078,No,0.00,0.00
id#106,232.8237,800.71,520.46,227.0200,780.75,5452.75,-0.856816,-85.68,1.050078,No,0.00,0.00
id#107,232.8237,625.96,406.88,227.0200,610.36,5036.21,-0.878806,-87.88,1.050078,No,0.00,0.00
id#108,232.8237,493.91,321.04,227.0200,481.60,6417.17,-0.924951,-92.50,1.050078,No,0.00,0.00
id#109,232.8237,775.42,504.02,227.0200,756.09,2833.74,-0.733183,-73.32,1.050078,No,0.00,0.00
id#110,232.8237,866.70,563.35,227.0200,845.10,5180.77,-0.836879,-83.69,1.050078,No,0.00,0.00
id#111,232.8237,430.91,280.09,227.0200,420.17,4331.86,-0.903006,-90.30,1.050078,No,0.00,0.00
id#112,232.8237,732.91,476.39,227.0200,714.64,5062.71,-0.858842,-85.88,1.050078,No,0.00,0.00
id#113,232.8237,573.75,372.93,227.0200,559.44,5872.34,-0.904732,-90.47,1.050078,No,0.00,0.00
id#114,232.8237,648.68,421.64,227.0200,632.51,5804.37,-0.891029,-89.10,1.050078,No,0.00,0.00
id#115,232.8237,1028.79,668.71,227.0200,1003.14,3409.18,-0.705753,-70.58,1.050078,No,0.00,0.00
id#116,232.8237,568.12,369.28,227.0200,553.96,6355.09,-0.912833,-91.28,1.050078,No,0.00,0.00
id#117,232.8237,701.83,456.19,227.0200,684.34,5593.51,-0.877655,-87.77,1.050078,No,0.00,0.00
id#118,232.8237,664.65,432.03,227.0200,648.09,6528.00,-0.900722,-90.07,1.050078,No,0.00,0.00
id#119,232.8237,947.26,615.72,227.0200,923.65,4283.91,-0.784391,-78.44,1.050078,No,0.00,0.00
id#120,232.8237,525.56,341.61,227.0200,512.46,3840.28,-0.866557,-86.66,1.050078,No,0.00,0.00
id#121,232.8237,513.46,333.75,227.0200,500.67,4413.09,-0.886550,-88.65,1.050078,No,0.00,0.00
id#122,232.8237,824.90,536.19,227.0200,804.34,5464.55,-0.852808,-85.28,1.050078,No,0.00,0.00
id#123,232.8237,825.17,536.36,227.0200,804.60,3231.07,-0.750979,-75.10,1.050078,No,0.00,0.00
id#124,232.8237,731.29,475.34,227.0200,713.06,3586.59,-0.801186,-80.12,1.050078,No,0.00,0.00
id#125,232.8237,1042.76,677.79,227.0200,1016.77,4344.30,-0.765953,-76.60,1.050078,No,0.00,0.00
id#126,232.8237,979.01,636.35,227.0200,954.60,3810.77,-0.749499,-74.95,1.050078,No,0.00,0.00
id#127,232.8237,612.24,397.95,227.0200,596.97,5062.78,-0.882086,-88.21,1.050078,No,0.00,0.00
id#128,232.8237,910.70,591.95,227.0200,888.00,3542.34,-0.749319,-74.93,1.050078,No,0.00,0.00
id#129,232.8237,571.03,371.17,227.0200,556.80,3563.93,-0.843769,-84.38,1.050078,No,0.00,0.00
id#130,232.8237,723.98,470.59,227.0200,705.93,3266.64,-0.783896,-78.39,1.050078,No,0.00,0.00
id#131,232.8237,669.22,434.99,227.0200,652.54,4554.61,-0.856730,-85.67,1.050078,No,0.00,0.00
id#132,232.8237,1252.18,813.92,227.0200,1220.97,3685.13,-0.668677,-66.87,1.050078,No,0.00,0.00
id#133,232.8237,455.30,295.94,227.0200,443.95,3706.61,-0.880228,-88.02,1.050078,No,0.00,0.00
id#134,232.8237,756.20,491.53,227.0200,737.35,2862.27,-0.742388,-74.24,1.050078,No,0.00,0.00
id#135,232.8237,601.70,391.10,227.0200,586.70,3519.35,-0.833294,-83.33,1.050078,No,0.00,0.00
id#136,232.8237,804.57,522.97,227.0200,784.52,2633.55,-0.702106,-70.21,1.050078,No,0.00,0.00
id#137,232.8237,936.77,608.90,227.0200,913.42,3711.16,-0.753872,-75.39,1.050078,No,0.00,0.00
id#138,232.8237,690.34,448.72,227.0200,673.13,4464.38,-0.849221,-84.92,1.050078,No,0.00,0.00
id#139,232.8237,495.43,322.03,227.0200,483.08,4724.38,-0.897748,-89.77,1.050078,No,0.00,0.00
id#140,232.8237,595.66,387.18,227.0200,580.81,6822.51,-0.914868,-91.49,1.050078,No,0.00,0.00
id#141,232.8237,584.28,379.78,227.0200,569.71,5121.64,-0.888764,-88.88,1.050078,No,0.00,0.00
id#142,232.8237,617.77,401.55,227.0200,602.37,3906.35,-0.845797,-84.58,1.050078,No,0.00,0.00
id#143,232.8237,513.37,333.69,227.0200,500.57,5283.06,-0.905249,-90.52,1.050078,No,0.00,0.00
id#144,232.8237,390.03,253.52,227.0200,380.31,4046.43,-0.906013,-90.60,1.050078,No,0.00,0.00
id#145,232.8237,564.38,366.85,227.0200,550.31,4876.90,-0.887160,-88.72,1.050078,No,0.00,0.00
id#146,232.8237,675.24,438.90,227.0200,658.41,4095.24,-0.839227,-83.92,1.050078,No,0.00,0.00
id#147,232.8237,1155.45,751.05,227.0200,1126.65,3153.48,-0.642727,-64.27,1.050078,No,0.00,0.00
id#148,232.8237,1313.26,853.62,227.0200,1280.53,3189.74,-0.598547,-59.85,1.050078,No,0.00,0.00
id#149,232.8237,642.00,417.30,227.0200,625.99,3117.17,-0.799179,-79.92,1.050078,No,0.00,0.00
id#150,232.8237,589.11,382.92,227.0200,574.43,7030.74,-0.918297,-91.83,1.050078,No,0.00,0.00
id#151,232.8237,698.09,453.76,227.0200,680.69,6145.12,-0.889231,-88.92,1.050078,No,0.00,0.00
id#152,232.8237,563.82,366.49,227.0200,549.77,3717.54,-0.852115,-85.21,1.050078,No,0.00,0.00
id#153,232.8237,783.38,509.20,227.0200,763.86,4662.67,-0.836176,-83.62,1.050078,No,0.00,0.00
id#154,232.8237,896.49,582.72,227.0200,874.14,4432.56,-0.802791,-80.28,1.050078,No,0.00,0.00
id#155,232.8237,944.90,614.18,227.0200,921.34,5168.06,-0.821724,-82.17,1.050078,No,0.00,0.00
id#156,232.8237,874.49,568.42,227.0200,852.69,4696.64,-0.818446,-81.84,1.050078,No,0.00,0.00
id#157,232.8237,989.26,643.02,227.0200,964.61,3166.13,-0.695337,-69.53,1.050078,No,0.00,0.00
id#158,232.8237,1102.40,716.56,227.0200,1074.92,3261.65,-0.670436,-67.04,1.050078,No,0.00,0.00
id#159,232.8237,896.64,582.82,227.0200,874.29,5103.49,-0.828688,-82.87,1.050078,No,0.00,0.00
id#160,232.8237,555.97,361.38,227.0200,542.11,3594.26,-0.849173,-84.92,1.050078,No,0.00,0.00
id#161,232.8237,562.17,365.41,227.0200,548.16,3539.18,-0.845116,-84.51,1.050078,No,0.00,0.00
id#162,232.8237,824.78,536.11,227.0200,804.22,3183.07,-0.747344,-74.73,1.050078,No,0.00,0.00
id#163,232.8237,573.32,372.66,227.0200,559.03,5802.61,-0.903659,-90.37,1.050078,No,0.00,0.00
id#164,232.8237,638.99,415.34,227.0200,623.06,3177.09,-0.803890,-80.39,1.050078,No,0.00,0.00
id#165,232.8237,663.58,431.33,227.0200,647.04,4601.67,-0.859391,-85.94,1.050078,No,0.00,0.00
id#166,232.8237,825.46,536.55,227.0200,804.89,3689.50,-0.781844,-78.18,1.050078,No,0.00,0.00
id#167,232.8237,567.04,368.58,227.0200,552.90,4652.74,-0.881166,-88.12,1.050078,No,0.00,0.00
id#168,232.8237,659.64,428.77,227.0200,643.20,5889.93,-0.890797,-89.08,1.050078,No,0.00,0.00
id#169,232.8237,856.80,556.92,227.0200,835.44,5615.57,-0.851228,-85.12,1.050078,No,0.00,0.00
id#170,232.8237,829.75,539.34,227.0200,809.06,5023.85,-0.838955,-83.90,1.050078,No,0.00,0.00
id#171,232.8237,595.17,386.86,227.0200,580.33,5065.27,-0.885429,-88.54,1.050078,No,0.00,0.00
id#172,232.8237,854.93,555.71,227.0200,833.62,2559.92,-0.674356,-67.44,1.050078,No,0.00,0.00
id#173,232.8237,475.85,309.30,227.0200,463.99,4269.76,-0.891331,-89.13,1.050078,No,0.00,0.00
id#174,232.8237,566.88,368.47,227.0200,552.75,3513.73,-0.842690,-84.27,1.050078,No,0.00,0.00
id#175,232.8237,715.12,464.83,227.0200,697.29,2889.42,-0.758674,-75.87,1.050078,No,0.00,0.00
id#176,232.8237,769.37,500.09,227.0200,750.20,2893.35,-0.740718,-74.07,1.050078,No,0.00,0.00
id#177,232.8237,628.03,408.22,227.0200,612.37,3108.89,-0.803025,-80.30,1.050078,No,0.00,0.00
id#178,232.8237,879.45,571.64,227.0200,857.53,4675.60,-0.816594,-81.66,1.050078,No,0.00,0.00
id#179,232.8237,1176.41,764.67,227.0200,1147.09,3898.41,-0.705755,-70.58,1.050078,No,0.00,0.00
id#180,232.8237,542.97,352.93,227.0200,529.43,3697.02,-0.856794,-85.68,1.050078,No,0.00,0.00
id#181,232.8237,595.31,386.95,227.0200,580.47,5710.23,-0.898346,-89.83,1.050078,No,0.00,0.00
id#182,232.8237,502.56,326.66,227.0200,490.03,5374.23,-0.908819,-90.88,1.050078,No,0.00,0.00
id#183,232.8237,633.08,411.50,227.0200,617.30,5831.63,-0.894147,-89.41,1.050078,No,0.00,0.00
id#184,232.8237,622.60,404.69,227.0200,607.08,3286.43,-0.815277,-81.53,1.050078,No,0.00,0.00
id#185,232.8237,565.96,367.87,227.0200,551.85,3646.84,-0.848678,-84.87,1.050078,No,0.00,0.00
id#186,232.8237,1021.48,663.96,227.0200,996.02,4514.38,-0.779368,-77.94,1.050078,No,0.00,0.00
id#187,232.8237,681.05,442.68,227.0200,664.08,6694.69,-0.900805,-90.08,1.050078,No,0.00,0.00
id#188,232.8237,612.24,397.95,227.0200,596.98,4612.50,-0.870574,-87.06,1.050078,No,0.00,0.00
id#189,232.8237,931.69,605.60,227.0200,908.47,5133.76,-0.823040,-82.30,1.050078,No,0.00,0.00
id#190,232.8237,886.28,576.08,227.0200,864.19,4890.17,-0.823281,-82.33,1.050078,No,0.00,0.00
id#191,232.8237,1187.11,771.62,227.0200,1157.52,3485.03,-0.667859,-66.79,1.050078,No,0.00,0.00
id#192,232.8237,811.64,527.56,227.0200,791.40,3630.73,-0.782026,-78.20,1.050078,No,0.00,0.00
id#193,232.8237,896.78,582.91,227.0200,874.43,2447.33,-0.642701,-64.27,1.050078,No,0.00,0.00
id#194,232.8237,652.17,423.91,227.0200,635.91,6613.49,-0.903846,-90.38,1.050078,No,0.00,0.00
id#195,232.8237,648.67,421.63,227.0200,632.50,6213.96,-0.898214,-89.82,1.050078,No,0.00,0.00
id#196,232.8237,726.62,472.30,227.0200,708.50,4361.16,-0.837542,-83.75,1.050078,No,0.00,0.00
id#197,232.8237,679.97,441.98,227.0200,663.02,4435.96,-0.850535,-85.05,1.050078,No,0.00,0.00
id#198,232.8237,499.19,324.48,227.0200,486.75,5952.43,-0.918227,-91.82,1.050078,No,0.00,0.00
id#199,232.8237,486.40,316.16,227.0200,474.27,3869.10,-0.877420,-87.74,1.050078,No,0.00,0.00
id#200,232.8237,692.36,450.03,227.0200,675.10,4751.03,-0.857904,-85.79,1.050078,No,0.00,0.00
id#201,232.8237,838.50,545.02,227.0200,817.60,5414.89,-0.849009,-84.90,1.050078,No,0.00,0.00
id#202,232.8237,722.86,469.86,227.0200,704.84,5931.49,-0.881170,-88.12,1.050078,No,0.00,0.00
id#203,232.8237,346.17,225.01,227.0200,337.54,4500.27,-0.924995,-92.50,1.050078,No,0.00,0.00
id#204,232.8237,566.67,368.34,227.0200,552.55,3766.08,-0.853283,-85.33,1.050078,No,0.00,0.00
id#205,232.8237,527.64,342.97,227.0200,514.49,3307.85,-0.844465,-84.45,1.050078,No,0.00,0.00
id#206,232.8237,1091.55,709.51,227.0200,1064.34,4562.40,-0.766715,-76.67,1.050078,No,0.00,0.00
id#207,232.8237,560.38,364.24,227.0200,546.41,5413.11,-0.899058,-89.91,1.050078,No,0.00,0.00
id#208,232.8237,773.97,503.08,227.0200,754.68,5867.66,-0.871384,-87.14,1.050078,No,0.00,0.00
id#209,232.8237,689.21,447.99,227.0200,672.03,3072.14,-0.781250,-78.12,1.050078,No,0.00,0.00
id#210,232.8237,1090.03,708.52,227.0200,1062.86,3574.29,-0.702639,-70.26,1.050078,No,0.00,0.00
id#211,232.8237,609.31,396.05,227.0200,594.12,3526.34,-0.831519,-83.15,1.050078,No,0.00,0.00
id#212,232.8237,482.45,313.59,227.0200,470.43,4145.42,-0.886519,-88.65,1.050078,No,0.00,0.00
id#213,232.8237,986.83,641.44,227.0200,962.23,3779.83,-0.745429,-74.54,1.050078,No,0.00,0.00
id#214,232.8237,1002.91,651.89,227.0200,977.91,4647.94,-0.789604,-78.96,1.050078,No,0.00,0.00
id#215,232.8237,912.07,592.85,227.0200,889.33,4812.55,-0.815205,-81.52,1.050078,No,0.00,0.00
id#216,232.8237,873.19,567.57,227.0200,851.43,4380.24,-0.805621,-80.56,1.050078,No,0.00,0.00
id#217,232.8237,881.23,572.80,227.0200,859.26,2799.04,-0.693016,-69.30,1.050078,No,0.00,0.00
id#218,232.8237,980.34,637.22,227.0200,955.90,3386.38,-0.717721,-71.77,1.050078,No,0.00,0.00
id#219,232.8237,927.68,602.99,227.0200,904.56,4249.21,-0.787124,-78.71,1.050078,No,0.00,0.00
id#220,232.8237,990.92,644.10,227.0200,966.22,4819.04,-0.799500,-79.95,1.050078,No,0.00,0.00
id#221,232.8237,1019.48,662.66,227.0200,994.07,3808.50,-0.738986,-73.90,1.050078,No,0.00,0.00
id#222,232.8237,894.15,581.20,227.0200,871.86,3748.00,-0.767380,-76.74,1.050078,No,0.00,0.00
id#223,232.8237,519.82,337.88,227.0200,506.86,5561.02,-0.908855,-90.89,1.050078,No,0.00,0.00
id#224,232.8237,748.96,486.82,227.0200,730.29,3004.63,-0.756945,-75.69,1.050078,No,0.00,0.00
id#225,232.8237,568.32,369.41,227.0200,554.16,5088.51,-0.891097,-89.11,1.050078,No,0.00,0.00
id#226,232.8237,617.39,401.30,227.0200,602.00,4082.02,-0.852524,-85.25,1.050078,No,0.00,0.00
id#227,232.8237,709.02,460.86,227.0200,691.34,5826.03,-0.881335,-88.13,1.050078,No,0.00,0.00
id#228,232.8237,682.17,443.41,227.0200,665.17,4640.61,-0.856664,-85.67,1.050078,No,0.00,0.00
id#229,232.8237,723.55,470.31,227.0200,705.52,5478.18,-0.871213,-87.12,1.050078,No,0.00,0.00
id#230,232.8237,453.79,294.97,227.0200,442.48,5055.36,-0.912472,-91.25,1.050078,No,0.00,0.00
id#231,232.8237,944.79,614.11,227.0200,921.24,4770.37,-0.806884,-80.69,1.050078,No,0.00,0.00
id#232,232.8237,819.49,532.67,227.0200,799.06,3065.98,-0.739378,-73.94,1.050078,No,0.00,0.00
id#233,232.8237,581.91,378.24,227.0200,567.40,3649.26,-0.844516,-84.45,1.050078,No,0.00,0.00
id#234,232.8237,823.28,535.13,227.0200,802.76,3972.46,-0.797918,-79.79,1.050078,No,0.00,0.00
id#235,232.8237,969.62,630.25,227.0200,945.45,3345.95,-0.717434,-71.74,1.050078,No,0.00,0.00
id#236,232.8237,790.62,513.91,227.0200,770.92,2787.64,-0.723452,-72.35,1.050078,No,0.00,0.00
id#237,232.8237,840.19,546.12,227.0200,819.25,4801.45,-0.829375,-82.94,1.050078,No,0.00,0.00
id#238,232.8237,549.93,357.45,227.0200,536.22,4050.55,-0.867618,-86.76,1.050078,No,0.00,0.00
id#239,232.8237,835.35,542.97,227.0200,814.52,5571.34,-0.853801,-85.38,1.050078,No,0.00,0.00
id#240,232.8237,577.99,375.69,227.0200,563.58,3161.49,-0.821735,-82.17,1.050078,No,0.00,0.00
id#241,232.8237,1167.27,758.73,227.0200,1138.18,3617.99,-0.685412,-68.54,1.050078,No,0.00,0.00
id#242,232.8237,1066.57,693.27,227.0200,1039.98,3974.18,-0.738316,-73.83,1.050078,No,0.00,0.00
id#243,232.8237,593.84,385.99,227.0200,579.03,3748.87,-0.845544,-84.55,1.050078,No,0.00,0.00
id#244,232.8237,793.70,515.90,227.0200,773.91,2282.83,-0.660985,-66.10,1.050078,No,0.00,0.00
id#245,232.8237,936.59,608.79,227.0200,913.25,2543.20,-0.640907,-64.09,1.050078,No,0.00,0.00
id#246,232.8237,519.37,337.59,227.0200,506.42,6618.80,-0.923488,-92.35,1.050078,No,0.00,0.00
id#247,232.8237,960.03,624.02,227.0200,936.10,5222.21,-0.820746,-82.07,1.050078,No,0.00,0.00
id#248,232.8237,967.18,628.67,227.0200,943.07,2883.21,-0.672908,-67.29,1.050078,No,0.00,0.00
id#249,232.8237,832.44,541.09,227.0200,811.69,4832.28,-0.832028,-83.20,1.050078,No,0.00,0.00
id#250,232.8237,552.62,359.20,227.0200,538.85,4543.19,-0.881395,-88.14,1.050078,No,0.00,0.00
id#251,232.8237,805.57,523.62,227.0200,785.49,3763.98,-0.791314,-79.13,1.050078,No,0.00,0.00
id#252,232.8237,903.56,587.31,227.0200,881.03,3549.86,-0.751812,-75.18,1.050078,No,0.00,0.00
id#253,232.8237,826.05,536.93,227.0200,805.46,2859.35,-0.718307,-71.83,1.050078,No,0.00,0.00
id#254,232.8237,478.24,310.86,227.0200,466.32,3775.68,-0.876494,-87.65,1.050078,No,0.00,0.00
id#255,232.8237,531.91,345.74,227.0200,518.65,5591.13,-0.907237,-90.72,1.050078,No,0.00,0.00
id#256,232.8237,861.07,559.70,227.0200,839.61,3035.39,-0.723394,-72.34,1.050078,No,0.00,0.00
id#257,232.8237,998.66,649.13,227.0200,973.76,4499.09,-0.783565,-78.36,1.050078,No,0.00,0.00
id#258,232.8237,735.92,478.35,227.0200,717.58,4779.74,-0.849871,-84.99,1.050078,No,0.00,0.00
id#259,232.8237,856.94,557.01,227.0200,835.58,4529.98,-0.815545,-81.55,1.050078,No,0.00,0.00
id#260,232.8237,619.51,402.68,227.0200,604.07,4888.13,-0.876422,-87.64,1.050078,No,0.00,0.00
id#261,232.8237,563.91,366.54,227.0200,549.85,3640.46,-0.848962,-84.90,1.050078,No,0.00,0.00
id#262,232.8237,777.46,505.35,227.0200,758.08,6125.78,-0.876247,-87.62,1.050078,No,0.00,0.00
id#263,232.8237,484.50,314.92,227.0200,472.42,5748.66,-0.917820,-91.78,1.050078,No,0.00,0.00
id#264,232.8237,717.06,466.09,227.0200,699.19,5394.48,-0.870388,-87.04,1.050078,No,0.00,0.00
id#265,232.8237,773.39,502.70,227.0200,754.11,2878.78,-0.738046,-73.80,1.050078,No,0.00,0.00
id#266,232.8237,736.15,478.50,227.0200,717.80,4596.84,-0.843850,-84.38,1.050078,No,0.00,0.00
id#267,232.8237,959.72,623.82,227.0200,935.80,4756.80,-0.803271,-80.33,1.050078,No,0.00,0.00
id#268,232.8237,768.83,499.74,227.0200,749.67,5565.36,-0.865297,-86.53,1.050078,No,0.00,0.00
id#269,232.8237,1004.51,652.93,227.0200,979.47,4389.39,-0.776856,-77.69,1.050078,No,0.00,0.00
id#270,232.8237,386.09,250.96,227.0200,376.47,5011.92,-0.924886,-92.49,1.050078,No,0.00,0.00
id#271,232.8237,724.02,470.61,227.0200,705.97,3002.16,-0.764846,-76.48,1.050078,No,0.00,0.00
id#272,232.8237,466.22,303.04,227.0200,454.60,4389.29,-0.896430,-89.64,1.050078,No,0.00,0.00
id#273,232.8237,775.14,503.84,227.0200,755.82,5146.40,-0.853137,-85.31,1.050078,No,0.00,0.00
id#274,232.8237,604.40,392.86,227.0200,589.34,6454.61,-0.908695,-90.87,1.050078,No,0.00,0.00
id#275,232.8237,527.77,343.05,227.0200,514.62,3376.15,-0.847573,-84.76,1.050078,No,0.00,0.00
id#276,232.8237,1184.10,769.67,227.0200,1154.59,3732.60,-0.690676,-69.07,1.050078,No,0.00,0.00
id#277,232.8237,558.36,362.93,227.0200,544.44,3634.47,-0.850202,-85.02,1.050078,No,0.00,0.00
id#278,232.8237,742.99,482.94,227.0200,724.47,5044.46,-0.856383,-85.64,1.050078,No,0.00,0.00
id#279,232.8237,473.71,307.91,227.0200,461.90,3986.83,-0.884143,-88.41,1.050078,No,0.00,0.00
id#280,232.8237,743.34,483.17,227.0200,724.81,2427.56,-0.701426,-70.14,1.050078,No,0.00,0.00
id#281,232.8237,601.59,391.03,227.0200,586.59,6639.67,-0.911653,-91.17,1.050078,No,0.00,0.00
id#282,232.8237,396.78,257.91,227.0200,386.89,5016.31,-0.922873,-92.29,1.050078,No,0.00,0.00
id#283,232.8237,699.76,454.84,227.0200,682.32,5697.99,-0.880253,-88.03,1.050078,No,0.00,0.00
id#284,232.8237,953.68,619.89,227.0200,929.90,3875.94,-0.760083,-76.01,1.050078,No,0.00,0.00
id#285,232.8237,537.38,349.30,227.0200,523.99,4309.33,-0.878406,-87.84,1.050078,No,0.00,0.00
id#286,232.8237,619.99,402.99,227.0200,604.53,5118.47,-0.881892,-88.19,1.050078,No,0.00,0.00
id#287,232.8237,914.04,594.13,227.0200,891.26,2851.33,-0.687424,-68.74,1.050078,No,0.00,0.00
id#288,232.8237,379.08,246.40,227.0200,369.63,4333.51,-0.914703,-91.47,1.050078,No,0.00,0.00
id#289,232.8237,951.66,618.58,227.0200,927.94,3612.52,-0.743131,-74.31,1.050078,No,0.00,0.00
id#290,232.8237,919.09,597.41,227.0200,896.18,2896.74,-0.690626,-69.06,1.050078,No,0.00,0.00
id#291,232.8237,550.55,357.86,227.0200,536.83,6842.11,-0.921541,-92.15,1.050078,No,0.00,0.00
id#292,232.8237,773.10,502.51,227.0200,753.83,2785.44,-0.729369,-72.94,1.050078,No,0.00,0.00
id#293,232.8237,951.68,618.59,227.0200,927.95,4388.08,-0.788529,-78.85,1.050078,No,0.00,0.00
id#294,232.8237,910.07,591.55,227.0200,887.38,3848.12,-0.769398,-76.94,1.050078,No,0.00,0.00
id#295,232.8237,535.81,348.28,227.0200,522.45,5311.42,-0.901636,-90.16,1.050078,No,0.00,0.00
id#296,232.8237,850.87,553.07,227.0200,829.66,3626.29,-0.771210,-77.12,1.050078,No,0.00,0.00
id#297,232.8237,688.66,447.63,227.0200,671.50,3094.69,-0.783017,-78.30,1.050078,No,0.00,0.00
id#298,232.8237,491.85,319.71,227.0200,479.59,4484.69,-0.893060,-89.31,1.050078,No,0.00,0.00
id#299,232.8237,732.56,476.16,227.0200,714.30,3991.63,-0.821051,-82.11,1.050078,No,0.00,0.00
id#300,232.8237,986.46,641.20,227.0200,961.87,4508.04,-0.786632,-78.66,1.050078,No,0.00,0.00
id#301,232.8237,1036.64,673.82,227.0200,1010.80,4020.85,-0.748610,-74.86,1.050078,No,0.00,0.00
id#302,232.8237,603.80,392.47,227.0200,588.75,3686.98,-0.840317,-84.03,1.050078,No,0.00,0.00
id#303,232.8237,473.37,307.69,227.0200,461.57,4108.64,-0.887660,-88.77,1.050078,No,0.00,0.00
id#304,232.8237,1007.79,655.06,227.0200,982.67,4540.11,-0.783559,-78.36,1.050078,No,0.00,0.00
id#305,232.8237,575.03,373.77,227.0200,560.70,5861.13,-0.904336,-90.43,1.050078,No,0.00,0.00
id#306,232.8237,764.53,496.94,227.0200,745.47,3697.52,-0.798386,-79.84,1.050078,No,0.00,0.00
id#307,232.8237,882.18,573.42,227.0200,860.19,2942.30,-0.707648,-70.76,1.050078,No,0.00,0.00
id#308,232.8237,1293.29,840.64,227.0200,1261.05,3441.88,-0.633616,-63.36,1.050078,No,0.00,0.00
id#309,232.8237,945.84,614.79,227.0200,922.26,4452.20,-0.792853,-79.29,1.050078,No,0.00,0.00
id#310,232.8237,985.61,640.64,227.0200,961.04,4671.22,-0.794264,-79.43,1.050078,No,0.00,0.00
id#311,232.8237,799.49,519.67,227.0200,779.56,5305.28,-0.853060,-85.31,1.050078,No,0.00,0.00
id#312,232.8237,563.86,366.51,227.0200,549.80,5514.03,-0.900290,-90.03,1.050078,No,0.00,0.00
id#313,232.8237,471.34,306.37,227.0200,459.60,6007.13,-0.923492,-92.35,1.050078,No,0.00,0.00
id#314,232.8237,939.69,610.80,227.0200,916.27,5087.33,-0.819892,-81.99,1.050078,No,0.00,0.00
id#315,232.8237,628.06,408.24,227.0200,612.41,6522.15,-0.906103,-90.61,1.050078,No,0.00,0.00
id#316,232.8237,761.46,494.95,227.0200,742.48,5950.86,-0.875232,-87.52,1.050078,No,0.00,0.00
id#317,232.8237,1013.83,658.99,227.0200,988.56,3200.87,-0.691160,-69.12,1.050078,No,0.00,0.00
id#318,232.8237,607.34,394.77,227.0200,592.20,6137.73,-0.903514,-90.35,1.050078,No,0.00,0.00
id#319,232.8237,865.33,562.46,227.0200,843.76,3909.63,-0.784185,-78.42,1.050078,No,0.00,0.00
id#320,232.8237,796.94,518.01,227.0200,777.08,3268.39,-0.762245,-76.22,1.050078,No,0.00,0.00
id#321,232.8237,845.21,549.39,227.0200,824.14,3069.53,-0.731509,-73.15,1.050078,No,0.00,0.00
id#322,232.8237,1034.15,672.20,227.0200,1008.37,4255.84,-0.763061,-76.31,1.050078,No,0.00,0.00
id#323,232.8237,962.72,625.77,227.0200,938.72,3589.90,-0.738510,-73.85,1.050078,No,0.00,0.00
id#324,232.8237,607.84,395.10,227.0200,592.69,3651.24,-0.837674,-83.77,1.050078,No,0.00,0.00
id#325,232.8237,495.43,322.03,227.0200,483.08,6398.03,-0.924495,-92.45,1.050078,No,0.00,0.00
id#326,232.8237,488.13,317.28,227.0200,475.96,5068.53,-0.906095,-90.61,1.050078,No,0.00,0.00
id#327,232.8237,540.36,351.24,227.0200,526.89,3845.76,-0.862994,-86.30,1.050078,No,0.00,0.00
id#328,232.8237,345.84,224.80,227.0200,337.22,4530.49,-0.925567,-92.56,1.050078,No,0.00,0.00
id#329,232.8237,518.81,337.23,227.0200,505.88,5669.38,-0.910770,-91.08,1.050078,No,0.00,0.00
id#330,232.8237,577.71,375.51,227.0200,563.31,3244.27,-0.826369,-82.64,1.050078,No,0.00,0.00
id#331,232.8237,1135.18,737.87,227.0200,1106.88,3596.61,-0.692243,-69.22,1.050078,No,0.00,0.00
id#332,232.8237,572.65,372.22,227.0200,558.38,5248.14,-0.893605,-89.36,1.050078,No,0.00,0.00
id#333,232.8237,673.00,437.45,227.0200,656.23,4575.28,-0.856572,-85.66,1.050078,No,0.00,0.00
id#334,232.8237,483.60,314.34,227.0200,471.54,5500.35,-0.914271,-91.43,1.050078,No,0.00,0.00
id#335,232.8237,838.69,545.15,227.0200,817.79,2926.54,-0.720561,-72.06,1.050078,No,0.00,0.00
id#336,232.8237,734.75,477.58,227.0200,716.43,5071.99,-0.858748,-85.87,1.050078,No,0.00,0.00
id#337,232.8237,566.61,368.30,227.0200,552.49,3310.04,-0.833088,-83.31,1.050078,No,0.00,0.00
id#338,232.8237,562.36,365.53,227.0200,548.34,4809.23,-0.885982,-88.60,1.050078,No,0.00,0.00
id#339,232.8237,1077.53,700.39,227.0200,1050.67,4292.08,-0.755207,-75.52,1.050078,No,0.00,0.00
id#340,232.8237,602.79,391.81,227.0200,587.76,6245.20,-0.905886,-90.59,1.050078,No,0.00,0.00
id#341,232.8237,812.87,528.36,227.0200,792.61,5239.34,-0.848720,-84.87,1.050078,No,0.00,0.00
id#342,232.8237,739.82,480.88,227.0200,721.38,2819.06,-0.744107,-74.41,1.050078,No,0.00,0.00
id#343,232.8237,937.16,609.15,227.0200,913.80,3694.78,-0.752678,-75.27,1.050078,No,0.00,0.00
id#344,232.8237,532.51,346.13,227.0200,519.23,6473.04,-0.919785,-91.98,1.050078,No,0.00,0.00
id#345,232.8237,1009.56,656.21,227.0200,984.39,3516.59,-0.720073,-72.01,1.050078,No,0.00,0.00
id#346,232.8237,545.06,354.29,227.0200,531.47,4382.95,-0.878741,-87.87,1.050078,No,0.00,0.00
id#347,232.8237,678.47,441.00,227.0200,661.56,2727.31,-0.757433,-75.74,1.050078,No,0.00,0.00
id#348,232.8237,1138.02,739.72,227.0200,1109.66,3541.19,-0.686643,-68.66,1.050078,No,0.00,0.00
id#349,232.8237,1058.73,688.17,227.0200,1032.33,4378.38,-0.764220,-76.42,1.050078,No,0.00,0.00
id#350,232.8237,761.75,495.14,227.0200,742.77,4385.23,-0.830621,-83.06,1.050078,No,0.00,0.00
id#351,232.8237,939.46,610.65,227.0200,916.04,2723.12,-0.663606,-66.36,1.050078,No,0.00,0.00
id#352,232.8237,1237.51,804.38,227.0200,1206.67,3712.92,-0.675009,-67.50,1.050078,No,0.00,0.00
id#353,232.8237,767.95,499.16,227.0200,748.80,2849.41,-0.737208,-73.72,1.050078,No,0.00,0.00
id#354,232.8237,688.44,447.48,227.0200,671.28,5793.76,-0.884138,-88.41,1.050078,No,0.00,0.00
id#355,232.8237,570.05,370.53,227.0200,555.84,3587.51,-0.845063,-84.51,1.050078,No,0.00,0.00
id#356,232.8237,638.72,415.17,227.0200,622.80,2943.10,-0.788386,-78.84,1.050078,No,0.00,0.00
id#357,232.8237,551.85,358.70,227.0200,538.10,5519.38,-0.902508,-90.25,1.050078,No,0.00,0.00
id#358,232.8237,502.82,326.83,227.0200,490.29,3812.45,-0.871398,-87.14,1.050078,No,0.00,0.00
id#359,232.8237,760.89,494.58,227.0200,741.92,2160.98,-0.656674,-65.67,1.050078,No,0.00,0.00
id#360,232.8237,629.35,409.08,227.0200,613.66,3854.67,-0.840801,-84.08,1.050078,No,0.00,0.00
id#361,232.8237,734.10,477.17,227.0200,715.80,2974.19,-0.759328,-75.93,1.050078,No,0.00,0.00
id#362,232.8237,568.56,369.56,227.0200,554.38,6717.26,-0.917469,-91.75,1.050078,No,0.00,0.00
id#363,232.8237,670.34,435.72,227.0200,653.63,2748.79,-0.762213,-76.22,1.050078,No,0.00,0.00
id#364,232.8237,466.33,303.11,227.0200,454.70,4268.76,-0.893481,-89.35,1.050078,No,0.00,0.00
id#365,232.8237,565.08,367.30,227.0200,550.99,4032.82,-0.863372,-86.34,1.050078,No,0.00,0.00
id#366,232.8237,557.19,362.18,227.0200,543.30,4425.92,-0.877245,-87.72,1.050078,No,0.00,0.00
id#367,232.8237,731.73,475.63,227.0200,713.49,3841.98,-0.814290,-81.43,1.050078,No,0.00,0.00
id#368,232.8237,982.31,638.50,227.0200,957.82,3300.75,-0.709817,-70.98,1.050078,No,0.00,0.00
id#369,232.8237,795.67,517.19,227.0200,775.84,5126.02,-0.848647,-84.86,1.050078,No,0.00,0.00
id#370,232.8237,1111.00,722.15,227.0200,1083.31,3465.24,-0.687380,-68.74,1.050078,No,0.00,0.00
id#371,232.8237,799.22,519.49,227.0200,779.29,4384.91,-0.822278,-82.23,1.050078,No,0.00,0.00
id#372,232.8237,476.13,309.48,227.0200,464.26,4448.96,-0.895647,-89.56,1.050078,No,0.00,0.00
id#373,232.8237,803.71,522.41,227.0200,783.67,3169.47,-0.752743,-75.27,1.050078,No,0.00,0.00
id#374,232.8237,709.40,461.11,227.0200,691.72,2813.73,-0.754164,-75.42,1.050078,No,0.00,0.00
id#375,232.8237,768.73,499.67,227.0200,749.57,2987.35,-0.749086,-74.91,1.050078,No,0.00,0.00
id#376,232.8237,738.16,479.80,227.0200,719.76,2367.45,-0.695978,-69.60,1.050078,No,0.00,0.00
id#377,232.8237,729.07,473.90,227.0200,710.90,2775.98,-0.743910,-74.39,1.050078,No,0.00,0.00
id#378,232.8237,608.14,395.29,227.0200,592.98,3028.20,-0.804181,-80.42,1.050078,No,0.00,0.00
id#379,232.8237,913.26,593.62,227.0200,890.49,4281.15,-0.791996,-79.20,1.050078,No,0.00,0.00
id#380,232.8237,746.84,485.44,227.0200,728.22,5560.85,-0.869045,-86.90,1.050078,No,0.00,0.00
id#381,232.8237,685.36,445.49,227.0200,668.28,2532.25,-0.736092,-73.61,1.050078,No,0.00,0.00
id#382,232.8237,1031.17,670.26,227.0200,1005.47,3706.51,-0.728728,-72.87,1.050078,No,0.00,0.00
id#383,232.8237,845.57,549.62,227.0200,824.50,3876.14,-0.787289,-78.73,1.050078,No,0.00,0.00
id#384,232.8237,902.05,586.33,227.0200,879.56,3560.52,-0.752969,-75.30,1.050078,No,0.00,0.00
id#385,232.8237,509.82,331.39,227.0200,497.12,3577.37,-0.861039,-86.10,1.050078,No,0.00,0.00
id#386,232.8237,462.52,300.64,227.0200,450.99,5406.15,-0.916579,-91.66,1.050078,No,0.00,0.00
id#387,232.8237,623.35,405.18,227.0200,607.82,4666.60,-0.869752,-86.98,1.050078,No,0.00,0.00
id#388,232.8237,902.20,586.43,227.0200,879.71,4192.05,-0.790147,-79.01,1.050078,No,0.00,0.00
id#389,232.8237,687.98,447.18,227.0200,670.83,4673.00,-0.856447,-85.64,1.050078,No,0.00,0.00
id#390,232.8237,707.53,459.89,227.0200,689.89,2481.89,-0.722029,-72.20,1.050078,No,0.00,0.00
id#391,232.8237,843.55,548.31,227.0200,822.53,2641.72,-0.688640,-68.86,1.050078,No,0.00,0.00
id#392,232.8237,410.07,266.55,227.0200,399.85,4184.51,-0.904446,-90.44,1.050078,No,0.00,0.00
id#393,232.8237,463.82,301.48,227.0200,452.25,3790.97,-0.880702,-88.07,1.050078,No,0.00,0.00
id#394,232.8237,872.17,566.91,227.0200,850.42,3443.71,-0.753050,-75.30,1.050078,No,0.00,0.00
id#395,232.8237,750.25,487.66,227.0200,731.55,3801.85,-0.807580,-80.76,1.050078,No,0.00,0.00
id#396,232.8237,532.22,345.95,227.0200,518.96,3561.35,-0.854281,-85.43,1.050078,No,0.00,0.00
id#397,232.8237,688.91,447.79,227.0200,671.74,5277.60,-0.872719,-87.27,1.050078,No,0.00,0.00
id#398,232.8237,942.03,612.32,227.0200,918.55,5067.15,-0.818725,-81.87,1.050078,No,0.00,0.00
id#399,232.8237,761.98,495.29,227.0200,742.98,4289.54,-0.826792,-82.68,1.050078,No,0.00,0.00
id#400,232.8237,706.10,458.96,227.0200,688.50,4916.30,-0.859957,-86.00,1.050078,No,0.00,0.00
id#401,232.8237,478.89,311.28,227.0200,466.96,5877.62,-0.920553,-92.06,1.050078,No,0.00,0.00
id#402,232.8237,684.17,444.71,227.0200,667.12,6037.49,-0.889504,-88.95,1.050078,No,0.00,0.00
id#403,232.8237,637.23,414.20,227.0200,621.35,6406.86,-0.903018,-90.30,1.050078,No,0.00,0.00
id#404,232.8237,749.25,487.01,227.0200,730.57,5529.09,-0.867868,-86.79,1.050078,No,0.00,0.00
id#405,232.8237,813.44,528.74,227.0200,793.16,2320.65,-0.658215,-65.82,1.050078,No,0.00,0.00
id#406,232.8237,824.03,535.62,227.0200,803.49,4625.11,-0.826278,-82.63,1.050078,No,0.00,0.00
id#407,232.8237,1033.50,671.77,227.0200,1007.74,3032.95,-0.667737,-66.77,1.050078,No,0.00,0.00
id#408,232.8237,419.67,272.79,227.0200,409.21,3979.67,-0.897174,-89.72,1.050078,No,0.00,0.00
id#409,232.8237,1099.87,714.91,227.0200,1072.45,4564.49,-0.765044,-76.50,1.050078,No,0.00,0.00
id#410,232.8237,584.38,379.85,227.0200,569.81,4743.74,-0.879881,-87.99,1.050078,No,0.00,0.00
id#411,232.8237,530.13,344.59,227.0200,516.92,5600.30,-0.907698,-90.77,1.050078,No,0.00,0.00
id#412,232.8237,651.30,423.34,227.0200,635.06,3145.03,-0.798074,-79.81,1.050078,No,0.00,0.00
id#413,232.8237,652.45,424.09,227.0200,636.19,3976.73,-0.840022,-84.00,1.050078,No,0.00,0.00
id#414,232.8237,539.14,350.44,227.0200,525.70,3836.49,-0.862973,-86.30,1.050078,No,0.00,0.00
id#415,232.8237,747.27,485.73,227.0200,728.65,3369.20,-0.783733,-78.37,1.050078,No,0.00,0.00
id#416,232.8237,538.60,350.09,227.0200,525.18,4815.50,-0.890941,-89.09,1.050078,No,0.00,0.00
id#417,232.8237,1013.00,658.45,227.0200,987.75,3271.61,-0.698084,-69.81,1.050078,No,0.00,0.00
id#418,232.8237,906.33,589.11,227.0200,883.73,5119.63,-0.827383,-82.74,1.050078,No,0.00,0.00
id#419,232.8237,933.61,606.85,227.0200,910.34,2595.24,-0.649226,-64.92,1.050078,No,0.00,0.00
id#420,232.8237,984.56,639.96,227.0200,960.02,3184.54,-0.698538,-69.85,1.050078,No,0.00,0.00
id#421,232.8237,1061.35,689.88,227.0200,1034.89,3775.82,-0.725915,-72.59,1.050078,No,0.00,0.00
id#422,232.8237,1211.99,787.79,227.0200,1181.78,3256.26,-0.637075,-63.71,1.050078,No,0.00,0.00
id#423,232.8237,799.89,519.93,227.0200,779.95,3395.49,-0.770297,-77.03,1.050078,No,0.00,0.00
id#424,232.8237,976.12,634.48,227.0200,951.79,3225.09,-0.704879,-70.49,1.050078,No,0.00,0.00
id#425,232.8237,860.84,559.55,227.0200,839.38,4174.35,-0.798919,-79.89,1.050078,No,0.00,0.00
id#426,232.8237,622.89,404.88,227.0200,607.36,6764.35,-0.910212,-91.02,1.050078,No,0.00,0.00
id#427,232.8237,916.69,595.85,227.0200,893.84,2795.23,-0.680225,-68.02,1.050078,No,0.00,0.00
id#428,232.8237,1069.15,694.95,227.0200,1042.50,2993.55,-0.651750,-65.18,1.050078,No,0.00,0.00
id#429,232.8237,1006.00,653.90,227.0200,980.93,3926.85,-0.750200,-75.02,1.050078,No,0.00,0.00
id#430,232.8237,894.09,581.16,227.0200,871.80,3688.05,-0.763615,-76.36,1.050078,No,0.00,0.00
id#431,232.8237,639.42,415.62,227.0200,623.48,3634.70,-0.828464,-82.85,1.050078,No,0.00,0.00
id#432,232.8237,927.68,602.99,227.0200,904.55,2972.28,-0.695670,-69.57,1.050078,No,0.00,0.00
id#433,232.8237,877.43,570.33,227.0200,855.55,4141.31,-0.793410,-79.34,1.050078,No,0.00,0.00
id#434,232.8237,1021.99,664.29,227.0200,996.51,3393.37,-0.706335,-70.63,1.050078,No,0.00,0.00
id#435,232.8237,712.08,462.85,227.0200,694.33,4772.96,-0.854528,-85.45,1.050078,No,0.00,0.00
id#436,232.8237,595.44,387.04,227.0200,580.60,4127.01,-0.859316,-85.93,1.050078,No,0.00,0.00
id#437,232.8237,569.92,370.45,227.0200,555.71,6857.36,-0.918962,-91.90,1.050078,No,0.00,0.00
id#438,232.8237,942.53,612.65,227.0200,919.04,4411.35,-0.791665,-79.17,1.050078,No,0.00,0.00
id#439,232.8237,799.24,519.51,227.0200,779.32,5256.14,-0.851732,-85.17,1.050078,No,0.00,0.00
id#440,232.8237,418.95,272.32,227.0200,408.50,5242.12,-0.922073,-92.21,1.050078,No,0.00,0.00
id#441,232.8237,837.69,544.50,227.0200,816.81,4662.68,-0.824820,-82.48,1.050078,No,0.00,0.00
id#442,232.8237,401.97,261.28,227.0200,391.95,5137.80,-0.923712,-92.37,1.050078,No,0.00,0.00
id#443,232.8237,970.82,631.03,227.0200,946.62,3805.25,-0.751234,-75.12,1.050078,No,0.00,0.00
id#444,232.8237,672.46,437.10,227.0200,655.70,2969.58,-0.779194,-77.92,1.050078,No,0.00,0.00
id#445,232.8237,614.22,399.24,227.0200,598.91,4729.33,-0.873363,-87.34,1.050078,No,0.00,0.00
id#446,232.8237,986.51,641.23,227.0200,961.92,3677.20,-0.738409,-73.84,1.050078,No,0.00,0.00
id#447,232.8237,1106.46,719.20,227.0200,1078.88,4274.14,-0.747580,-74.76,1.050078,No,0.00,0.00
id#448,232.8237,913.37,593.69,227.0200,890.60,2925.74,-0.695599,-69.56,1.050078,No,0.00,0.00
id#449,232.8237,1007.21,654.68,227.0200,982.10,3196.21,-0.692730,-69.27,1.050078,No,0.00,0.00
id#450,232.8237,556.51,361.73,227.0200,542.64,4606.72,-0.882207,-88.22,1.050078,No,0.00,0.00
id#451,232.8237,1048.12,681.28,227.0200,1022.00,2873.79,-0.644373,-64.44,1.050078,No,0.00,0.00
id#452,232.8237,700.23,455.15,227.0200,682.77,5194.00,-0.868546,-86.85,1.050078,No,0.00,0.00
id#453,232.8237,519.45,337.64,227.0200,506.50,6855.86,-0.926121,-92.61,1.050078,No,0.00,0.00
id#454,232.8237,1060.97,689.63,227.0200,1034.52,3305.74,-0.687053,-68.71,1.050078,No,0.00,0.00
id#455,232.8237,833.49,541.77,227.0200,812.71,2614.10,-0.689103,-68.91,1.050078,No,0.00,0.00
id#456,232.8237,670.06,435.54,227.0200,653.36,5859.56,-0.888497,-88.85,1.050078,No,0.00,0.00
id#457,232.8237,766.60,498.29,227.0200,747.49,3836.54,-0.805165,-80.52,1.050078,No,0.00,0.00
id#458,232.8237,387.39,251.80,227.0200,377.73,4083.00,-0.907487,-90.75,1.050078,No,0.00,0.00
id#459,232.8237,513.75,333.94,227.0200,500.95,5281.93,-0.905159,-90.52,1.050078,No,0.00,0.00
id#460,232.8237,949.25,617.02,227.0200,925.59,3564.03,-0.740296,-74.03,1.050078,No,0.00,0.00
id#461,232.8237,522.96,339.92,227.0200,509.92,6520.51,-0.921797,-92.18,1.050078,No,0.00,0.00
id#462,232.8237,629.12,408.92,227.0200,613.43,5983.55,-0.897480,-89.75,1.050078,No,0.00,0.00
id#463,232.8237,456.90,296.99,227.0200,445.51,4905.79,-0.909186,-90.92,1.050078,No,0.00,0.00
id#464,232.8237,617.13,401.14,227.0200,601.75,3761.00,-0.840003,-84.00,1.050078,No,0.00,0.00
id#465,232.8237,655.56,426.11,227.0200,639.22,2695.66,-0.762871,-76.29,1.050078,No,0.00,0.00
id#466,232.8237,897.72,583.52,227.0200,875.35,2681.74,-0.673590,-67.36,1.050078,No,0.00,0.00
id#467,232.8237,931.78,605.66,227.0200,908.55,2973.71,-0.694471,-69.45,1.050078,No,0.00,0.00
id#468,232.8237,627.21,407.69,227.0200,611.58,5564.45,-0.890092,-89.01,1.050078,No,0.00,0.00
id#469,232.8237,757.61,492.45,227.0200,738.73,4011.69,-0.815857,-81.59,1.050078,No,0.00,0.00
id#470,232.8237,1113.32,723.66,227.0200,1085.57,3746.21,-0.710222,-71.02,1.050078,No,0.00,0.00
id#471,232.8237,958.36,622.94,227.0200,934.47,4847.79,-0.807237,-80.72,1.050078,No,0.00,0.00
id#472,232.8237,1035.13,672.83,227.0200,1009.33,2903.48,-0.652374,-65.24,1.050078,No,0.00,0.00
id#473,232.8237,676.06,439.44,227.0200,659.21,4423.10,-0.850963,-85.10,1.050078,No,0.00,0.00
id#474,232.8237,545.11,354.32,227.0200,531.52,4783.18,-0.888877,-88.89,1.050078,No,0.00,0.00
id#475,232.8237,842.19,547.42,227.0200,821.19,3215.47,-0.744611,-74.46,1.050078,No,0.00,0.00
id#476,232.8237,634.49,412.42,227.0200,618.67,5665.70,-0.890804,-89.08,1.050078,No,0.00,0.00
id#477,232.8237,638.78,415.21,227.0200,622.86,4119.88,-0.848816,-84.88,1.050078,No,0.00,0.00
id#478,232.8237,726.30,472.09,227.0200,708.19,4322.79,-0.836172,-83.62,1.050078,No,0.00,0.00
id#479,232.8237,878.61,571.10,227.0200,856.71,2503.38,-0.657778,-65.78,1.050078,No,0.00,0.00
id#480,232.8237,681.25,442.81,227.0200,664.27,5763.12,-0.884739,-88.47,1.050078,No,0.00,0.00
id#481,232.8237,449.78,292.36,227.0200,438.57,5745.85,-0.923672,-92.37,1.050078,No,0.00,0.00
id#482,232.8237,643.86,418.51,227.0200,627.81,5489.01,-0.885625,-88.56,1.050078,No,0.00,0.00
id#483,232.8237,498.75,324.19,227.0200,486.32,5175.91,-0.906042,-90.60,1.050078,No,0.00,0.00
id#484,232.8237,618.80,402.22,227.0200,603.37,6012.27,-0.899643,-89.96,1.050078,No,0.00,0.00
id#485,232.8237,751.56,488.51,227.0200,732.82,2919.17,-0.748962,-74.90,1.050078,No,0.00,0.00
id#486,232.8237,595.51,387.08,227.0200,580.67,3594.01,-0.838435,-83.84,1.050078,No,0.00,0.00
id#487,232.8237,592.05,384.83,227.0200,577.29,4357.39,-0.867515,-86.75,1.050078,No,0.00,0.00
id#488,232.8237,716.45,465.70,227.0200,698.59,5956.51,-0.882718,-88.27,1.050078,No,0.00,0.00
id#489,232.8237,1141.25,741.81,227.0200,1112.80,3157.36,-0.647554,-64.76,1.050078,No,0.00,0.00
id#490,232.8237,922.31,599.50,227.0200,899.32,2910.19,-0.690978,-69.10,1.050078,No,0.00,0.00
id#491,232.8237,666.54,433.25,227.0200,649.93,5144.91,-0.873676,-87.37,1.050078,No,0.00,0.00
id#492,232.8237,590.18,383.62,227.0200,575.47,4361.11,-0.868045,-86.80,1.050078,No,0.00,0.00
id#493,232.8237,711.64,462.57,227.0200,693.90,3026.79,-0.770747,-77.07,1.050078,No,0.00,0.00
id#494,232.8237,567.55,368.91,227.0200,553.40,3948.63,-0.859849,-85.98,1.050078,No,0.00,0.00
id#495,232.8237,519.23,337.50,227.0200,506.28,6086.58,-0.916820,-91.68,1.050078,No,0.00,0.00
id#496,232.8237,430.24,279.66,227.0200,419.52,4846.40,-0.913437,-91.34,1.050078,No,0.00,0.00
id#497,232.8237,1024.04,665.62,227.0200,998.51,4323.50,-0.769051,-76.91,1.050078,No,0.00,0.00
id#498,232.8237,563.32,366.16,227.0200,549.28,3786.53,-0.854938,-85.49,1.050078,No,0.00,0.00
id#499,232.8237,562.28,365.48,227.0200,548.26,3540.32,-0.845138,-84.51,1.050078,No,0.00,0.00
