position_id,seed_price,position_value_at_seed,loan_amount,close_price,position_value_at_close,hold_value,impermanent_loss,impermanent_loss_pct,health_factor,should_liquidate,repay_amount,collateral_to_take
id#0,828.7234,2661.91,1730.24,842.6280,2706.57,4514.91,-0.400525,-40.05,1.094992,No,0.00,0.00
id#1,828.7234,3042.43,1977.58,842.6280,3093.48,5158.61,-0.400327,-40.03,1.094992,No,0.00,0.00
id#2,828.7234,2224.59,1445.98,842.6280,2261.92,5053.29,-0.552388,-55.24,1.094992,No,0.00,0.00
id#3,828.7234,1891.88,1229.72,842.6280,1923.63,6014.59,-0.680173,-68.02,1.094992,No,0.00,0.00
id#4,828.7234,1557.27,1012.22,842.6280,1583.39,4439.42,-0.643333,-64.33,1.094992,No,0.00,0.00
id#5,828.7234,1592.16,1034.90,842.6280,1618.87,5102.48,-0.682728,-68.27,1.094992,No,0.00,0.00
id#6,828.7234,4255.43,2766.03,842.6280,4307.57,4856.54,-0.113038,-11.30,1.090117,No,0.00,0.00
id#7,828.7234,3099.09,2014.41,842.6280,3151.09,6094.88,-0.482994,-48.30,1.094992,No,0.00,0.00
id#8,828.7234,3994.57,2596.47,842.6280,4061.60,4713.22,-0.138254,-13.83,1.094992,No,0.00,0.00
id#9,828.7234,1849.83,1202.39,842.6280,1880.87,4561.88,-0.587699,-58.77,1.094992,No,0.00,0.00
id#10,828.7234,2999.49,1949.67,842.6280,3049.81,5101.18,-0.402135,-40.21,1.094992,No,0.00,0.00
id#11,828.7234,4326.65,2812.32,842.6280,4399.25,4871.68,-0.096976,-9.70,1.094992,No,0.00,0.00
id#12,828.7234,2427.35,1577.78,842.6280,2468.08,4829.45,-0.488952,-48.90,1.094992,No,0.00,0.00
id#13,828.7234,3065.83,1992.79,842.6280,3117.27,5591.14,-0.442464,-44.25,1.094992,No,0.00,0.00
id#14,828.7234,1673.98,1088.09,842.6280,1702.07,4224.32,-0.597079,-59.71,1.094992,No,0.00,0.00
id#15,828.7234,2533.93,1647.05,842.6280,2576.44,6066.75,-0.575317,-57.53,1.094992,No,0.00,0.00
id#16,828.7234,3786.09,2460.96,842.6280,3843.97,4976.79,-0.227620,-22.76,1.093389,No,0.00,0.00
id#17,828.7234,2474.59,1608.48,842.6280,2516.11,5510.64,-0.543410,-54.34,1.094992,No,0.00,0.00
id#18,828.7234,2175.07,1413.80,842.6280,2211.56,4451.10,-0.503142,-50.31,1.094992,No,0.00,0.00
id#19,828.7234,1877.75,1220.54,842.6280,1909.25,7506.14,-0.745641,-74.56,1.094992,No,0.00,0.00
id#20,828.7234,2778.45,1806.00,842.6280,2825.07,4439.83,-0.363698,-36.37,1.094992,No,0.00,0.00
id#21,828.7234,1899.65,1234.77,842.6280,1931.52,4650.18,-0.584635,-58.46,1.094992,No,0.00,0.00
id#22,828.7234,2043.71,1328.41,842.6280,2078.00,3641.86,-0.429413,-42.94,1.094992,No,0.00,0.00
id#23,828.7234,1706.78,1109.41,842.6280,1735.42,4228.11,-0.589553,-58.96,1.094992,No,0.00,0.00
id#24,828.7234,3345.30,2174.45,842.6280,3401.43,5255.55,-0.352792,-35.28,1.094992,No,0.00,0.00
id#25,828.7234,3341.27,2171.82,842.6280,3387.97,3572.81,-0.051735,-5.17,1.091976,No,0.00,0.00
id#26,828.7234,3076.28,1999.59,842.6280,3127.90,6466.50,-0.516291,-51.63,1.094992,No,0.00,0.00
id#27,828.7234,3644.46,2368.90,842.6280,3705.61,4823.47,-0.231755,-23.18,1.094992,No,0.00,0.00
id#28,828.7234,2393.90,1556.04,842.6280,2434.07,6024.74,-0.595988,-59.60,1.094992,No,0.00,0.00
id#29,828.7234,2808.50,1825.52,842.6280,2855.62,6697.25,-0.573613,-57.36,1.094992,No,0.00,0.00
id#30,828.7234,2870.08,1865.55,842.6280,2918.23,3927.29,-0.256935,-25.69,1.094992,No,0.00,0.00
id#31,828.7234,2262.27,1470.47,842.6280,2300.22,3362.60,-0.315939,-31.59,1.094992,No,0.00,0.00
id#32,828.7234,2412.66,1568.23,842.6280,2453.14,6869.56,-0.642897,-64.29,1.094992,No,0.00,0.00
id#33,828.7234,2461.73,1600.13,842.6280,2503.04,3614.65,-0.307530,-30.75,1.094992,No,0.00,0.00
id#34,828.7234,1779.29,1156.54,842.6280,1809.15,4093.32,-0.558025,-55.80,1.094992,No,0.00,0.00
id#35,828.7234,2549.49,1657.17,842.6280,2592.27,4021.20,-0.355349,-35.53,1.094992,No,0.00,0.00
id#36,828.7234,2536.19,1648.52,842.6280,2578.74,4491.32,-0.425840,-42.58,1.094992,No,0.00,0.00
id#37,828.7234,4004.22,2602.74,842.6280,4071.40,5198.69,-0.216841,-21.68,1.094992,No,0.00,0.00
id#38,828.7234,3200.29,2080.19,842.6280,3253.98,3819.65,-0.148094,-14.81,1.094992,No,0.00,0.00
id#39,828.7234,1560.65,1014.43,842.6280,1586.84,5305.96,-0.700933,-70.09,1.094992,No,0.00,0.00
id#40,828.7234,2221.37,1443.89,842.6280,2258.64,5452.68,-0.585774,-58.58,1.094992,No,0.00,0.00
id#41,828.7234,2373.40,1542.71,842.6280,2413.22,3851.08,-0.373364,-37.34,1.094992,No,0.00,0.00
id#42,828.7234,2314.25,1504.26,842.6280,2353.08,3705.01,-0.364894,-36.49,1.094992,No,0.00,0.00
id#43,828.7234,2000.98,1300.64,842.6280,2034.55,3754.31,-0.458075,-45.81,1.094992,No,0.00,0.00
id#44,828.7234,2446.18,1590.02,842.6280,2487.22,5133.05,-0.515449,-51.54,1.094992,No,0.00,0.00
id#45,828.7234,3695.23,2401.90,842.6280,3744.96,4508.36,-0.169331,-16.93,1.091416,No,0.00,0.00
id#46,828.7234,1316.66,855.83,842.6280,1338.75,4896.62,-0.726597,-72.66,1.094992,No,0.00,0.00
id#47,828.7234,1757.20,1142.18,842.6280,1786.69,6126.07,-0.708347,-70.83,1.094992,No,0.00,0.00
id#48,828.7234,3562.08,2315.35,842.6280,3607.63,4082.13,-0.116239,-11.62,1.090693,No,0.00,0.00
id#49,828.7234,3497.17,2273.16,842.6280,3555.85,4167.43,-0.146751,-14.68,1.094992,No,0.00,0.00
id#50,828.7234,1434.51,932.43,842.6280,1458.58,4938.08,-0.704626,-70.46,1.094992,No,0.00,0.00
id#51,828.7234,3662.88,2380.87,842.6280,3724.34,4849.80,-0.232064,-23.21,1.094992,No,0.00,0.00
id#52,828.7234,3500.42,2275.27,842.6280,3559.15,4892.11,-0.272472,-27.25,1.094992,No,0.00,0.00
id#53,828.7234,2915.59,1895.13,842.6280,2964.51,4357.85,-0.319732,-31.97,1.094992,No,0.00,0.00
id#54,828.7234,3911.38,2542.40,842.6280,3976.29,4508.83,-0.118111,-11.81,1.094794,No,0.00,0.00
id#55,828.7234,2308.01,1500.21,842.6280,2346.74,6960.81,-0.662865,-66.29,1.094992,No,0.00,0.00
id#56,828.7234,1792.47,1165.10,842.6280,1822.54,4089.57,-0.554343,-55.43,1.094992,No,0.00,0.00
id#57,828.7234,3026.95,1967.52,842.6280,3077.74,4334.64,-0.289968,-29.00,1.094992,No,0.00,0.00
id#58,828.7234,1774.78,1153.61,842.6280,1804.56,5923.17,-0.695338,-69.53,1.094992,No,0.00,0.00
id#59,828.7234,1650.41,1072.76,842.6280,1678.10,4850.88,-0.654064,-65.41,1.094992,No,0.00,0.00
id#60,828.7234,2195.15,1426.85,842.6280,2231.98,3783.80,-0.410121,-41.01,1.094992,No,0.00,0.00
id#61,828.7234,3611.69,2347.60,842.6280,3672.29,4651.08,-0.210443,-21.04,1.094992,No,0.00,0.00
id#62,828.7234,2714.96,1764.72,842.6280,2760.51,4801.28,-0.425047,-42.50,1.094992,No,0.00,0.00
id#63,828.7234,2029.78,1319.36,842.6280,2063.83,5739.14,-0.640393,-64.04,1.094992,No,0.00,0.00
id#64,828.7234,3202.04,2081.32,842.6280,3255.76,3696.93,-0.119335,-11.93,1.094992,No,0.00,0.00
id#65,828.7234,2631.04,1710.17,842.6280,2675.18,4147.82,-0.355040,-35.50,1.094992,No,0.00,0.00
id#66,828.7234,2465.66,1602.68,842.6280,2507.03,6109.18,-0.589630,-58.96,1.094992,No,0.00,0.00
id#67,828.7234,4130.53,2684.84,842.6280,4167.97,4280.04,-0.026185,-2.62,1.086684,No,0.00,0.00
id#68,828.7234,2417.21,1571.19,842.6280,2457.77,6910.52,-0.644344,-64.43,1.094992,No,0.00,0.00
id#69,828.7234,3466.31,2253.10,842.6280,3524.47,5541.12,-0.363943,-36.39,1.094992,No,0.00,0.00
id#70,828.7234,3502.35,2276.53,842.6280,3561.11,5004.92,-0.288477,-28.85,1.094992,No,0.00,0.00
id#71,828.7234,3598.09,2338.76,842.6280,3658.46,4276.27,-0.144473,-14.45,1.094992,No,0.00,0.00
id#72,828.7234,2468.39,1604.45,842.6280,2509.81,3618.63,-0.306420,-30.64,1.094992,No,0.00,0.00
id#73,828.7234,2755.72,1791.22,842.6280,2797.63,3082.52,-0.092422,-9.24,1.093301,No,0.00,0.00
id#74,828.7234,2653.55,1724.81,842.6280,2698.07,6324.12,-0.573369,-57.34,1.094992,No,0.00,0.00
id#75,828.7234,2561.17,1664.76,842.6280,2604.15,3353.28,-0.223403,-22.34,1.094992,No,0.00,0.00
id#76,828.7234,3402.62,2211.70,842.6280,3459.71,4300.69,-0.195545,-19.55,1.094992,No,0.00,0.00
id#77,828.7234,1657.90,1077.63,842.6280,1685.72,6441.48,-0.738303,-73.83,1.094992,No,0.00,0.00
id#78,828.7234,2497.49,1623.37,842.6280,2539.39,4225.78,-0.399072,-39.91,1.094992,No,0.00,0.00
id#79,828.7234,3398.84,2209.25,842.6280,3455.87,5212.58,-0.337014,-33.70,1.094992,No,0.00,0.00
id#80,828.7234,2379.88,1546.92,842.6280,2419.81,3848.94,-0.371305,-37.13,1.094992,No,0.00,0.00
id#81,828.7234,4208.89,2735.78,842.6280,4255.04,4511.78,-0.056904,-5.69,1.088733,No,0.00,0.00
id#82,828.7234,3069.74,1995.33,842.6280,3121.24,5569.82,-0.439615,-43.96,1.094992,No,0.00,0.00
id#83,828.7234,1499.78,974.85,842.6280,1524.94,5062.93,-0.698803,-69.88,1.094992,No,0.00,0.00
id#84,828.7234,2794.34,1816.32,842.6280,2841.23,4169.77,-0.318613,-31.86,1.094992,No,0.00,0.00
id#85,828.7234,1507.89,980.13,842.6280,1533.19,5542.32,-0.723367,-72.34,1.094992,No,0.00,0.00
id#86,828.7234,3029.00,1968.85,842.6280,3078.37,3864.34,-0.203389,-20.34,1.094477,No,0.00,0.00
id#87,828.7234,2327.64,1512.96,842.6280,2366.69,3554.66,-0.334200,-33.42,1.094992,No,0.00,0.00
id#88,828.7234,3572.33,2322.02,842.6280,3632.27,5426.62,-0.330656,-33.07,1.094992,No,0.00,0.00
id#89,828.7234,3410.16,2216.60,842.6280,3461.10,3876.41,-0.107137,-10.71,1.093011,No,0.00,0.00
id#90,828.7234,3166.51,2058.23,842.6280,3219.64,6183.27,-0.479298,-47.93,1.094992,No,0.00,0.00
id#91,828.7234,1856.47,1206.70,842.6280,1887.61,7142.11,-0.735706,-73.57,1.094992,No,0.00,0.00
id#92,828.7234,2836.51,1843.73,842.6280,2884.10,5623.03,-0.487091,-48.71,1.094992,No,0.00,0.00
id#93,828.7234,3862.63,2510.71,842.6280,3927.44,5466.68,-0.281568,-28.16,1.094992,No,0.00,0.00
id#94,828.7234,1853.34,1204.67,842.6280,1884.43,6743.07,-0.720538,-72.05,1.094992,No,0.00,0.00
id#95,828.7234,3067.71,1994.01,842.6280,3119.18,4855.04,-0.357537,-35.75,1.094992,No,0.00,0.00
id#96,828.7234,2835.40,1843.01,842.6280,2882.97,5654.97,-0.490189,-49.02,1.094992,No,0.00,0.00
id#97,828.7234,4215.02,2739.77,842.6280,4285.57,4641.00,-0.076586,-7.66,1.094947,No,0.00,0.00
id#98,828.7234,2438.12,1584.78,842.6280,2479.03,6806.12,-0.635765,-63.58,1.094992,No,0.00,0.00
id#99,828.7234,2687.06,1746.59,842.6280,2732.15,5970.63,-0.542402,-54.24,1.094992,No,0.00,0.00
id#100,828.7234,3116.25,2025.56,842.6280,3168.53,6062.44,-0.477350,-47.74,1.094992,No,0.00,0.00
id#101,828.7234,2631.32,1710.36,842.6280,2675.47,5465.45,-0.510476,-51.05,1.094992,No,0.00,0.00
id#102,828.7234,3350.06,2177.54,842.6280,3390.30,3674.06,-0.077232,-7.72,1.089859,No,0.00,0.00
id#103,828.7234,2211.25,1437.31,842.6280,2248.35,5790.08,-0.611689,-61.17,1.094992,No,0.00,0.00
id#104,828.7234,2791.00,1814.15,842.6280,2837.83,4017.80,-0.293687,-29.37,1.094992,No,0.00,0.00
id#105,828.7234,2773.63,1802.86,842.6280,2819.31,3717.98,-0.241709,-24.17,1.094660,No,0.00,0.00
id#106,828.7234,2850.08,1852.55,842.6280,2897.89,6322.24,-0.541635,-54.16,1.094992,No,0.00,0.00
id#107,828.7234,2228.09,1448.26,842.6280,2265.47,5623.87,-0.597169,-59.72,1.094992,No,0.00,0.00
id#108,828.7234,1758.06,1142.74,842.6280,1787.56,7005.40,-0.744832,-74.48,1.094992,No,0.00,0.00
id#109,828.7234,2760.06,1794.04,842.6280,2806.37,3656.45,-0.232487,-23.25,1.094992,No,0.00,0.00
id#110,828.7234,3084.97,2005.23,842.6280,3136.73,6222.89,-0.495936,-49.59,1.094992,No,0.00,0.00
id#111,828.7234,1533.79,996.96,842.6280,1559.52,4654.74,-0.664960,-66.50,1.094992,No,0.00,0.00
id#112,828.7234,2608.75,1695.69,842.6280,2652.53,5928.92,-0.552613,-55.26,1.094992,No,0.00,0.00
id#113,828.7234,2042.22,1327.44,842.6280,2076.48,6482.05,-0.679657,-67.97,1.094992,No,0.00,0.00
id#114,828.7234,2308.93,1500.80,842.6280,2347.67,6516.21,-0.639718,-63.97,1.094992,No,0.00,0.00
id#115,828.7234,3661.91,2380.24,842.6280,3723.35,4502.27,-0.173006,-17.30,1.094992,No,0.00,0.00
id#116,828.7234,2022.19,1314.42,842.6280,2056.12,6817.24,-0.698395,-69.84,1.094992,No,0.00,0.00
id#117,828.7234,2498.14,1623.79,842.6280,2540.05,6360.47,-0.600650,-60.07,1.094992,No,0.00,0.00
id#118,828.7234,2365.80,1537.77,842.6280,2405.50,7169.34,-0.664474,-66.45,1.094992,No,0.00,0.00
id#119,828.7234,3371.73,2191.63,842.6280,3428.30,5364.29,-0.360902,-36.09,1.094992,No,0.00,0.00
id#120,828.7234,1870.70,1215.95,842.6280,1902.08,4385.57,-0.566286,-56.63,1.094992,No,0.00,0.00
id#121,828.7234,1827.65,1187.97,842.6280,1858.31,4818.29,-0.614321,-61.43,1.094992,No,0.00,0.00
id#122,828.7234,2936.20,1908.53,842.6280,2985.46,6319.64,-0.527590,-52.76,1.094992,No,0.00,0.00
id#123,828.7234,2937.16,1909.15,842.6280,2986.44,4233.78,-0.294616,-29.46,1.094992,No,0.00,0.00
id#124,828.7234,2603.00,1691.95,842.6280,2646.67,4470.42,-0.407959,-40.80,1.094992,No,0.00,0.00
id#125,828.7234,3711.65,2412.57,842.6280,3773.93,5490.37,-0.312628,-31.26,1.094992,No,0.00,0.00
id#126,828.7234,3484.72,2265.07,842.6280,3543.19,4949.32,-0.284106,-28.41,1.094992,No,0.00,0.00
id#127,828.7234,2179.22,1416.49,842.6280,2215.79,5607.51,-0.604854,-60.49,1.094992,No,0.00,0.00
id#128,828.7234,3236.96,2104.03,842.6280,3287.86,4228.85,-0.222516,-22.25,1.093856,No,0.00,0.00
id#129,828.7234,2032.55,1321.16,842.6280,2066.65,4103.18,-0.496328,-49.63,1.094992,No,0.00,0.00
id#130,828.7234,2576.97,1675.03,842.6280,2620.21,4046.03,-0.352400,-35.24,1.094992,No,0.00,0.00
id#131,828.7234,2382.05,1548.33,842.6280,2422.02,5275.29,-0.540874,-54.09,1.094992,No,0.00,0.00
id#132,828.7234,4210.95,2737.12,842.6280,4259.22,4637.54,-0.081579,-8.16,1.089265,No,0.00,0.00
id#133,828.7234,1620.60,1053.39,842.6280,1647.79,4225.37,-0.610024,-61.00,1.094992,No,0.00,0.00
id#134,828.7234,2691.67,1749.58,842.6280,2736.83,3603.96,-0.240606,-24.06,1.094992,No,0.00,0.00
id#135,828.7234,2141.71,1392.11,842.6280,2177.65,4061.74,-0.463864,-46.39,1.094992,No,0.00,0.00
id#136,828.7234,2863.84,1861.50,842.6280,2911.89,3604.58,-0.192168,-19.22,1.094992,No,0.00,0.00
id#137,828.7234,3334.39,2167.35,842.6280,3390.34,4709.43,-0.280096,-28.01,1.094992,No,0.00,0.00
id#138,828.7234,2457.23,1597.20,842.6280,2498.46,5080.44,-0.508220,-50.82,1.094992,No,0.00,0.00
id#139,828.7234,1763.45,1146.24,842.6280,1793.04,5206.95,-0.655645,-65.56,1.094992,No,0.00,0.00
id#140,828.7234,2120.22,1378.14,842.6280,2155.79,7460.16,-0.711026,-71.10,1.094992,No,0.00,0.00
id#141,828.7234,2079.70,1351.81,842.6280,2114.60,5675.62,-0.627424,-62.74,1.094992,No,0.00,0.00
id#142,828.7234,2198.93,1429.30,842.6280,2235.82,4610.32,-0.515040,-51.50,1.094992,No,0.00,0.00
id#143,828.7234,1827.32,1187.76,842.6280,1857.98,5838.89,-0.681793,-68.18,1.094992,No,0.00,0.00
id#144,828.7234,1388.30,902.40,842.6280,1411.59,4507.32,-0.686822,-68.68,1.094992,No,0.00,0.00
id#145,828.7234,2008.87,1305.77,842.6280,2042.58,5496.88,-0.628411,-62.84,1.094992,No,0.00,0.00
id#146,828.7234,2403.47,1562.26,842.6280,2443.80,4697.15,-0.479728,-47.97,1.094992,No,0.00,0.00
id#147,828.7234,4036.90,2623.99,842.6280,4087.91,4284.12,-0.045801,-4.58,1.090529,No,0.00,0.00
id#148,828.7234,3974.95,2583.72,842.6280,4009.81,4118.00,-0.026272,-2.63,1.086366,No,0.00,0.00
id#149,828.7234,2285.15,1485.35,842.6280,2323.49,3745.34,-0.379630,-37.96,1.094992,No,0.00,0.00
id#150,828.7234,2096.92,1363.00,842.6280,2132.11,7488.80,-0.715294,-71.53,1.094992,No,0.00,0.00
id#151,828.7234,2484.83,1615.14,842.6280,2526.52,6687.51,-0.622203,-62.22,1.094992,No,0.00,0.00
id#152,828.7234,2006.90,1304.48,842.6280,2040.57,4395.32,-0.535740,-53.57,1.094992,No,0.00,0.00
id#153,828.7234,2788.41,1812.47,842.6280,2835.20,5446.71,-0.479465,-47.95,1.094992,No,0.00,0.00
id#154,828.7234,3191.00,2074.15,842.6280,3244.54,5099.78,-0.363789,-36.38,1.094992,No,0.00,0.00
id#155,828.7234,3363.31,2186.15,842.6280,3419.74,5981.87,-0.428315,-42.83,1.094992,No,0.00,0.00
id#156,828.7234,3112.71,2023.26,842.6280,3164.94,5511.49,-0.425756,-42.58,1.094992,No,0.00,0.00
id#157,828.7234,3521.23,2288.80,842.6280,3580.32,4238.03,-0.155193,-15.52,1.094992,No,0.00,0.00
id#158,828.7234,3801.80,2471.17,842.6280,3848.78,4184.45,-0.080220,-8.02,1.090230,No,0.00,0.00
id#159,828.7234,3191.54,2074.50,842.6280,3245.09,5756.41,-0.436266,-43.63,1.094992,No,0.00,0.00
id#160,828.7234,1978.94,1286.31,842.6280,2012.15,4195.86,-0.520445,-52.04,1.094992,No,0.00,0.00
id#161,828.7234,2001.03,1300.67,842.6280,2034.61,3990.62,-0.490154,-49.02,1.094992,No,0.00,0.00
id#162,828.7234,2935.77,1908.25,842.6280,2985.03,3935.04,-0.241423,-24.14,1.094992,No,0.00,0.00
id#163,828.7234,2040.71,1326.46,842.6280,2074.95,6286.39,-0.669930,-66.99,1.094992,No,0.00,0.00
id#164,828.7234,2274.44,1478.39,842.6280,2312.60,3717.96,-0.377991,-37.80,1.094992,No,0.00,0.00
id#165,828.7234,2361.97,1535.28,842.6280,2401.60,5246.04,-0.542208,-54.22,1.094992,No,0.00,0.00
id#166,828.7234,2938.19,1909.82,842.6280,2987.49,4434.67,-0.326333,-32.63,1.094992,No,0.00,0.00
id#167,828.7234,2018.35,1311.93,842.6280,2052.21,5101.15,-0.597696,-59.77,1.094992,No,0.00,0.00
id#168,828.7234,2347.95,1526.17,842.6280,2387.35,6618.12,-0.639271,-63.93,1.094992,No,0.00,0.00
id#169,828.7234,3049.72,1982.32,842.6280,3100.89,6361.26,-0.512535,-51.25,1.094992,No,0.00,0.00
id#170,828.7234,2953.44,1919.74,842.6280,3003.00,5762.07,-0.478834,-47.88,1.094992,No,0.00,0.00
id#171,828.7234,2118.48,1377.01,842.6280,2154.02,5792.55,-0.628139,-62.81,1.094992,No,0.00,0.00
id#172,828.7234,3043.09,1978.01,842.6280,3094.15,3512.30,-0.119053,-11.91,1.094992,No,0.00,0.00
id#173,828.7234,1693.78,1100.95,842.6280,1722.19,4741.22,-0.636761,-63.68,1.094992,No,0.00,0.00
id#174,828.7234,2017.77,1311.55,842.6280,2051.62,4097.85,-0.499342,-49.93,1.094992,No,0.00,0.00
id#175,828.7234,2545.42,1654.52,842.6280,2588.13,3645.09,-0.289969,-29.00,1.094992,No,0.00,0.00
id#176,828.7234,2738.55,1780.05,842.6280,2784.49,3656.20,-0.238418,-23.84,1.094992,No,0.00,0.00
id#177,828.7234,2235.44,1453.03,842.6280,2272.94,3657.98,-0.378634,-37.86,1.094992,No,0.00,0.00
id#178,828.7234,3130.37,2034.74,842.6280,3182.89,5469.59,-0.418076,-41.81,1.094992,No,0.00,0.00
id#179,828.7234,4187.39,2721.80,842.6280,4257.64,5031.72,-0.153839,-15.38,1.094992,No,0.00,0.00
id#180,828.7234,1932.67,1256.24,842.6280,1965.10,4137.35,-0.525034,-52.50,1.094992,No,0.00,0.00
id#181,828.7234,2118.96,1377.32,842.6280,2154.51,6149.27,-0.649631,-64.96,1.094992,No,0.00,0.00
id#182,828.7234,1788.82,1162.74,842.6280,1818.84,5903.30,-0.691895,-69.19,1.094992,No,0.00,0.00
id#183,828.7234,2253.40,1464.71,842.6280,2291.21,6493.72,-0.647165,-64.72,1.094992,No,0.00,0.00
id#184,828.7234,2216.10,1440.47,842.6280,2253.28,3739.61,-0.397454,-39.75,1.094992,No,0.00,0.00
id#185,828.7234,2014.49,1309.42,842.6280,2048.29,4117.93,-0.502593,-50.26,1.094992,No,0.00,0.00
id#186,828.7234,3635.90,2363.34,842.6280,3696.91,5610.19,-0.341037,-34.10,1.094992,No,0.00,0.00
id#187,828.7234,2424.17,1575.71,842.6280,2464.85,7199.81,-0.657651,-65.77,1.094992,No,0.00,0.00
id#188,828.7234,2179.22,1416.50,842.6280,2215.79,5238.78,-0.577041,-57.70,1.094992,No,0.00,0.00
id#189,828.7234,3316.31,2155.60,842.6280,3371.95,6243.43,-0.459919,-45.99,1.094992,No,0.00,0.00
id#190,828.7234,3154.67,2050.53,842.6280,3207.60,5774.39,-0.444514,-44.45,1.094992,No,0.00,0.00
id#191,828.7234,3909.69,2541.30,842.6280,3952.60,4322.30,-0.085533,-8.55,1.088745,No,0.00,0.00
id#192,828.7234,2888.97,1877.83,842.6280,2937.45,4327.15,-0.321159,-32.12,1.094992,No,0.00,0.00
id#193,828.7234,2901.19,1885.77,842.6280,2930.97,3105.41,-0.056172,-5.62,1.087978,No,0.00,0.00
id#194,828.7234,2321.36,1508.88,842.6280,2360.30,7308.49,-0.677046,-67.70,1.094992,No,0.00,0.00
id#195,828.7234,2308.89,1500.78,842.6280,2347.63,6843.46,-0.656953,-65.70,1.094992,No,0.00,0.00
id#196,828.7234,2586.35,1681.13,842.6280,2629.75,5010.55,-0.475157,-47.52,1.094992,No,0.00,0.00
id#197,828.7234,2420.31,1573.20,842.6280,2460.92,5088.71,-0.516395,-51.64,1.094992,No,0.00,0.00
id#198,828.7234,1776.85,1154.95,842.6280,1806.66,6333.42,-0.714742,-71.47,1.094992,No,0.00,0.00
id#199,828.7234,1731.31,1125.35,842.6280,1760.36,4368.14,-0.597001,-59.70,1.094992,No,0.00,0.00
id#200,828.7234,2464.42,1601.88,842.6280,2505.77,5343.51,-0.531062,-53.11,1.094992,No,0.00,0.00
id#201,828.7234,2984.59,1939.99,842.6280,3034.67,6262.91,-0.515454,-51.55,1.094992,No,0.00,0.00
id#202,828.7234,2572.98,1672.44,842.6280,2616.15,6639.67,-0.605981,-60.60,1.094992,No,0.00,0.00
id#203,828.7234,1232.19,800.92,842.6280,1252.86,4894.28,-0.744015,-74.40,1.094992,No,0.00,0.00
id#204,828.7234,2017.04,1311.08,842.6280,2050.88,4257.48,-0.518287,-51.83,1.094992,No,0.00,0.00
id#205,828.7234,1878.10,1220.77,842.6280,1909.61,3830.14,-0.501425,-50.14,1.094992,No,0.00,0.00
id#206,828.7234,3884.76,2525.09,842.6280,3948.28,5353.98,-0.262553,-26.26,1.094532,No,0.00,0.00
id#207,828.7234,1994.63,1296.51,842.6280,2028.09,5948.71,-0.659070,-65.91,1.094992,No,0.00,0.00
id#208,828.7234,2754.91,1790.69,842.6280,2801.13,6596.59,-0.575367,-57.54,1.094992,No,0.00,0.00
id#209,828.7234,2453.22,1594.59,842.6280,2494.38,3597.52,-0.306640,-30.66,1.094992,No,0.00,0.00
id#210,828.7234,3837.07,2494.10,842.6280,3890.92,4473.63,-0.130255,-13.03,1.092036,No,0.00,0.00
id#211,828.7234,2168.81,1409.72,842.6280,2205.20,4213.40,-0.476624,-47.66,1.094992,No,0.00,0.00
id#212,828.7234,1717.26,1116.22,842.6280,1746.08,4622.70,-0.622282,-62.23,1.094992,No,0.00,0.00
id#213,828.7234,3512.58,2283.17,842.6280,3571.51,4832.67,-0.260964,-26.10,1.094992,No,0.00,0.00
id#214,828.7234,3569.80,2320.37,842.6280,3629.69,5747.16,-0.368437,-36.84,1.094992,No,0.00,0.00
id#215,828.7234,3246.46,2110.20,842.6280,3300.93,5927.58,-0.443123,-44.31,1.094992,No,0.00,0.00
id#216,828.7234,3108.08,2020.25,842.6280,3160.23,5190.84,-0.391191,-39.12,1.094992,No,0.00,0.00
id#217,828.7234,3117.08,2026.10,842.6280,3162.32,3577.98,-0.116174,-11.62,1.092551,No,0.00,0.00
id#218,828.7234,3489.48,2268.16,842.6280,3548.02,4359.07,-0.186059,-18.61,1.094992,No,0.00,0.00
id#219,828.7234,3302.04,2146.32,842.6280,3357.44,4966.50,-0.323983,-32.40,1.094992,No,0.00,0.00
id#220,828.7234,3527.13,2292.63,842.6280,3586.31,5906.58,-0.392828,-39.28,1.094992,No,0.00,0.00
id#221,828.7234,3628.80,2358.72,842.6280,3689.68,4719.98,-0.218284,-21.83,1.094992,No,0.00,0.00
id#222,828.7234,3182.68,2068.74,842.6280,3236.08,4594.23,-0.295620,-29.56,1.094992,No,0.00,0.00
id#223,828.7234,1850.26,1202.67,842.6280,1881.30,6036.23,-0.688331,-68.83,1.094992,No,0.00,0.00
id#224,828.7234,2662.68,1730.74,842.6280,2704.78,3553.88,-0.238922,-23.89,1.093953,No,0.00,0.00
id#225,828.7234,2022.91,1314.89,842.6280,2056.85,5531.17,-0.628134,-62.81,1.094992,No,0.00,0.00
id#226,828.7234,2197.57,1428.42,842.6280,2234.45,4581.78,-0.512320,-51.23,1.094992,No,0.00,0.00
id#227,828.7234,2523.71,1640.41,842.6280,2566.06,6433.28,-0.601128,-60.11,1.094992,No,0.00,0.00
id#228,828.7234,2428.16,1578.30,842.6280,2468.90,5415.02,-0.544065,-54.41,1.094992,No,0.00,0.00
id#229,828.7234,2575.45,1674.04,842.6280,2618.66,6074.95,-0.568941,-56.89,1.094992,No,0.00,0.00
id#230,828.7234,1615.26,1049.92,842.6280,1642.36,5448.67,-0.698576,-69.86,1.094992,No,0.00,0.00
id#231,828.7234,3362.92,2185.90,842.6280,3419.35,5567.15,-0.385799,-38.58,1.094992,No,0.00,0.00
id#232,828.7234,2916.93,1896.00,842.6280,2965.87,3904.85,-0.240464,-24.05,1.094992,No,0.00,0.00
id#233,828.7234,2071.27,1346.32,842.6280,2106.02,4206.92,-0.499391,-49.94,1.094992,No,0.00,0.00
id#234,828.7234,2930.43,1904.78,842.6280,2979.60,4618.65,-0.354877,-35.49,1.094992,No,0.00,0.00
id#235,828.7234,3451.32,2243.36,842.6280,3509.23,4253.53,-0.174986,-17.50,1.094992,No,0.00,0.00
id#236,828.7234,2814.18,1829.22,842.6280,2861.40,3507.92,-0.184303,-18.43,1.094992,No,0.00,0.00
id#237,828.7234,2990.61,1943.90,842.6280,3040.79,5696.57,-0.466207,-46.62,1.094992,No,0.00,0.00
id#238,828.7234,1957.44,1272.34,842.6280,1990.28,4465.69,-0.554317,-55.43,1.094992,No,0.00,0.00
id#239,828.7234,2973.37,1932.69,842.6280,3023.26,6553.49,-0.538680,-53.87,1.094992,No,0.00,0.00
id#240,828.7234,2057.33,1337.26,842.6280,2091.84,3823.44,-0.452890,-45.29,1.094992,No,0.00,0.00
id#241,828.7234,4142.37,2692.54,842.6280,4204.63,4707.33,-0.106791,-10.68,1.093110,No,0.00,0.00
id#242,828.7234,3796.38,2467.65,842.6280,3860.08,5039.90,-0.234096,-23.41,1.094992,No,0.00,0.00
id#243,828.7234,2113.73,1373.93,842.6280,2149.20,4294.97,-0.499601,-49.96,1.094992,No,0.00,0.00
id#244,828.7234,2661.39,1729.91,842.6280,2691.38,2898.41,-0.071431,-7.14,1.089056,No,0.00,0.00
id#245,828.7234,3025.05,1966.28,842.6280,3055.93,3231.68,-0.054383,-5.44,1.087918,No,0.00,0.00
id#246,828.7234,1848.65,1201.62,842.6280,1879.67,7165.75,-0.737687,-73.77,1.094992,No,0.00,0.00
id#247,828.7234,3417.18,2221.17,842.6280,3474.52,5925.76,-0.413659,-41.37,1.094992,No,0.00,0.00
id#248,828.7234,3407.09,2214.61,842.6280,3454.17,3774.51,-0.084871,-8.49,1.091804,No,0.00,0.00
id#249,828.7234,2963.02,1925.96,842.6280,3012.74,5639.36,-0.465767,-46.58,1.094992,No,0.00,0.00
id#250,828.7234,1967.03,1278.57,842.6280,2000.03,4968.87,-0.597488,-59.75,1.094992,No,0.00,0.00
id#251,828.7234,2867.39,1863.81,842.6280,2915.51,4619.30,-0.368842,-36.88,1.094992,No,0.00,0.00
id#252,828.7234,3216.16,2090.50,842.6280,3270.12,4567.61,-0.284063,-28.41,1.094992,No,0.00,0.00
id#253,828.7234,2940.29,1911.19,842.6280,2989.62,3812.24,-0.215785,-21.58,1.094992,No,0.00,0.00
id#254,828.7234,1702.26,1106.47,842.6280,1730.83,4324.83,-0.599793,-59.98,1.094992,No,0.00,0.00
id#255,828.7234,1893.29,1230.64,842.6280,1925.06,6115.83,-0.685233,-68.52,1.094992,No,0.00,0.00
id#256,828.7234,3027.21,1967.69,842.6280,3069.82,3685.44,-0.167042,-16.70,1.092081,No,0.00,0.00
id#257,828.7234,3554.66,2310.53,842.6280,3614.30,5392.89,-0.329802,-32.98,1.094992,No,0.00,0.00
id#258,828.7234,2619.48,1702.66,842.6280,2663.43,5393.37,-0.506166,-50.62,1.094992,No,0.00,0.00
id#259,828.7234,3050.22,1982.64,842.6280,3101.40,5442.09,-0.430109,-43.01,1.094992,No,0.00,0.00
id#260,828.7234,2205.11,1433.32,842.6280,2242.11,5603.86,-0.599900,-59.99,1.094992,No,0.00,0.00
id#261,828.7234,2007.19,1304.67,842.6280,2040.87,4139.33,-0.506957,-50.70,1.094992,No,0.00,0.00
id#262,828.7234,2767.34,1798.77,842.6280,2813.77,6693.48,-0.579625,-57.96,1.094992,No,0.00,0.00
id#263,828.7234,1724.55,1120.96,842.6280,1753.49,6179.99,-0.716264,-71.63,1.094992,No,0.00,0.00
id#264,828.7234,2552.35,1659.03,842.6280,2595.18,5992.66,-0.566941,-56.69,1.094992,No,0.00,0.00
id#265,828.7234,2752.83,1789.34,842.6280,2799.02,3541.92,-0.209745,-20.97,1.094992,No,0.00,0.00
id#266,828.7234,2620.27,1703.18,842.6280,2664.24,5366.09,-0.503505,-50.35,1.094992,No,0.00,0.00
id#267,828.7234,3416.09,2220.46,842.6280,3473.40,5920.19,-0.413296,-41.33,1.094992,No,0.00,0.00
id#268,828.7234,2736.62,1778.80,842.6280,2782.54,6230.52,-0.553402,-55.34,1.094992,No,0.00,0.00
id#269,828.7234,3575.49,2324.07,842.6280,3635.48,5260.23,-0.308874,-30.89,1.094992,No,0.00,0.00
id#270,828.7234,1374.27,893.28,842.6280,1397.33,5430.84,-0.742705,-74.27,1.094992,No,0.00,0.00
id#271,828.7234,2577.10,1675.11,842.6280,2620.34,3846.28,-0.318735,-31.87,1.094992,No,0.00,0.00
id#272,828.7234,1659.49,1078.67,842.6280,1687.33,4773.70,-0.646537,-64.65,1.094992,No,0.00,0.00
id#273,828.7234,2759.06,1793.39,842.6280,2805.36,5802.62,-0.516537,-51.65,1.094992,No,0.00,0.00
id#274,828.7234,2151.34,1398.37,842.6280,2187.44,6990.76,-0.687096,-68.71,1.094992,No,0.00,0.00
id#275,828.7234,1878.58,1221.08,842.6280,1910.10,3993.74,-0.521727,-52.17,1.094992,No,0.00,0.00
id#276,828.7234,4214.75,2739.59,842.6280,4285.46,5003.63,-0.143530,-14.35,1.094992,No,0.00,0.00
id#277,828.7234,1987.44,1291.83,842.6280,2020.78,4308.73,-0.531003,-53.10,1.094992,No,0.00,0.00
id#278,828.7234,2644.63,1719.01,842.6280,2689.01,5785.69,-0.535232,-53.52,1.094992,No,0.00,0.00
id#279,828.7234,1686.15,1096.00,842.6280,1714.44,4435.14,-0.613442,-61.34,1.094992,No,0.00,0.00
id#280,828.7234,2560.90,1664.58,842.6280,2593.39,2976.61,-0.128743,-12.87,1.090588,No,0.00,0.00
id#281,828.7234,2141.33,1391.86,842.6280,2177.26,7271.50,-0.700576,-70.06,1.094992,No,0.00,0.00
id#282,828.7234,1412.33,918.01,842.6280,1436.03,5402.57,-0.734196,-73.42,1.094992,No,0.00,0.00
id#283,828.7234,2490.76,1618.99,842.6280,2532.55,6469.41,-0.608535,-60.85,1.094992,No,0.00,0.00
id#284,828.7234,3394.56,2206.46,842.6280,3451.52,4786.07,-0.278841,-27.88,1.094992,No,0.00,0.00
id#285,828.7234,1912.79,1243.31,842.6280,1944.88,4941.42,-0.606412,-60.64,1.094992,No,0.00,0.00
id#286,828.7234,2206.82,1434.43,842.6280,2243.84,5807.40,-0.613623,-61.36,1.094992,No,0.00,0.00
id#287,828.7234,3210.40,2086.76,842.6280,3254.36,3637.89,-0.105428,-10.54,1.091668,No,0.00,0.00
id#288,828.7234,1349.33,877.06,842.6280,1371.97,4734.40,-0.710213,-71.02,1.094992,No,0.00,0.00
id#289,828.7234,3387.40,2201.81,842.6280,3444.21,4392.87,-0.215954,-21.60,1.094986,No,0.00,0.00
id#290,828.7234,3271.45,2126.44,842.6280,3326.33,3867.84,-0.140001,-14.00,1.094992,No,0.00,0.00
id#291,828.7234,1959.66,1273.78,842.6280,1992.54,7495.16,-0.734156,-73.42,1.094992,No,0.00,0.00
id#292,828.7234,2751.80,1788.67,842.6280,2797.98,3493.60,-0.199114,-19.91,1.094992,No,0.00,0.00
id#293,828.7234,3387.44,2201.83,842.6280,3444.27,5264.94,-0.345810,-34.58,1.094992,No,0.00,0.00
id#294,828.7234,3239.34,2105.57,842.6280,3293.70,4856.87,-0.321848,-32.18,1.094992,No,0.00,0.00
id#295,828.7234,1907.18,1239.67,842.6280,1939.18,5754.67,-0.663024,-66.30,1.094992,No,0.00,0.00
id#296,828.7234,3028.62,1968.61,842.6280,3079.44,4665.91,-0.340013,-34.00,1.094992,No,0.00,0.00
id#297,828.7234,2451.26,1593.32,842.6280,2492.39,3697.21,-0.325875,-32.59,1.094992,No,0.00,0.00
id#298,828.7234,1750.73,1137.97,842.6280,1780.10,4915.05,-0.637826,-63.78,1.094992,No,0.00,0.00
id#299,828.7234,2607.51,1694.88,842.6280,2651.26,4713.04,-0.437463,-43.75,1.094992,No,0.00,0.00
id#300,828.7234,3511.25,2282.31,842.6280,3570.16,5544.43,-0.356082,-35.61,1.094992,No,0.00,0.00
id#301,828.7234,3689.87,2398.42,842.6280,3751.78,5066.40,-0.259479,-25.95,1.094992,No,0.00,0.00
id#302,828.7234,2149.19,1396.97,842.6280,2185.25,4133.15,-0.471288,-47.13,1.094992,No,0.00,0.00
id#303,828.7234,1684.92,1095.20,842.6280,1713.19,4510.66,-0.620190,-62.02,1.094992,No,0.00,0.00
id#304,828.7234,3587.17,2331.66,842.6280,3647.35,5382.58,-0.322378,-32.24,1.094992,No,0.00,0.00
id#305,828.7234,2046.80,1330.42,842.6280,2081.15,6346.27,-0.672068,-67.21,1.094992,No,0.00,0.00
id#306,828.7234,2721.30,1768.85,842.6280,2766.96,4621.49,-0.401284,-40.13,1.094992,No,0.00,0.00
id#307,828.7234,3140.07,2041.05,842.6280,3192.76,4011.36,-0.204071,-20.41,1.094992,No,0.00,0.00
id#308,828.7234,4297.19,2793.18,842.6280,4342.49,4522.69,-0.039844,-3.98,1.088275,No,0.00,0.00
id#309,828.7234,3366.66,2188.33,842.6280,3423.14,5592.39,-0.387893,-38.79,1.094992,No,0.00,0.00
id#310,828.7234,3508.21,2280.34,842.6280,3567.07,5556.38,-0.358022,-35.80,1.094992,No,0.00,0.00
id#311,828.7234,2845.73,1849.72,842.6280,2893.48,5906.70,-0.510136,-51.01,1.094992,No,0.00,0.00
id#312,828.7234,2007.03,1304.57,842.6280,2040.70,5919.57,-0.655262,-65.53,1.094992,No,0.00,0.00
id#313,828.7234,1677.73,1090.52,842.6280,1705.88,6493.58,-0.737298,-73.73,1.094992,No,0.00,0.00
id#314,828.7234,3344.79,2174.11,842.6280,3400.91,5767.93,-0.410376,-41.04,1.094992,No,0.00,0.00
id#315,828.7234,2235.56,1453.11,842.6280,2273.07,7249.79,-0.686464,-68.65,1.094992,No,0.00,0.00
id#316,828.7234,2710.36,1761.74,842.6280,2755.84,6756.02,-0.592091,-59.21,1.094992,No,0.00,0.00
id#317,828.7234,3608.67,2345.64,842.6280,3668.63,4185.42,-0.123473,-12.35,1.094817,No,0.00,0.00
id#318,828.7234,2161.80,1405.17,842.6280,2198.08,6576.78,-0.665782,-66.58,1.094992,No,0.00,0.00
id#319,828.7234,3080.09,2002.06,842.6280,3131.77,4532.42,-0.309030,-30.90,1.094992,No,0.00,0.00
id#320,828.7234,2836.68,1843.84,842.6280,2884.27,4161.83,-0.306970,-30.70,1.094992,No,0.00,0.00
id#321,828.7234,3008.48,1955.51,842.6280,3058.96,3874.58,-0.210506,-21.05,1.094992,No,0.00,0.00
id#322,828.7234,3681.01,2392.66,842.6280,3742.78,5344.93,-0.299752,-29.98,1.094992,No,0.00,0.00
id#323,828.7234,3426.75,2227.39,842.6280,3484.25,4669.12,-0.253768,-25.38,1.094992,No,0.00,0.00
id#324,828.7234,2163.58,1406.33,842.6280,2199.89,4220.84,-0.478804,-47.88,1.094992,No,0.00,0.00
id#325,828.7234,1763.46,1146.25,842.6280,1793.05,6882.66,-0.739483,-73.95,1.094992,No,0.00,0.00
id#326,828.7234,1737.47,1129.35,842.6280,1766.62,5506.32,-0.679165,-67.92,1.094992,No,0.00,0.00
id#327,828.7234,1923.39,1250.20,842.6280,1955.66,4379.28,-0.553429,-55.34,1.094992,No,0.00,0.00
id#328,828.7234,1230.99,800.15,842.6280,1251.65,4921.15,-0.745659,-74.57,1.094992,No,0.00,0.00
id#329,828.7234,1846.68,1200.34,842.6280,1877.67,6122.13,-0.693298,-69.33,1.094992,No,0.00,0.00
id#330,828.7234,2056.31,1336.60,842.6280,2090.81,3761.96,-0.444223,-44.42,1.094992,No,0.00,0.00
id#331,828.7234,4040.61,2626.39,842.6280,4108.40,4804.51,-0.144887,-14.49,1.094992,No,0.00,0.00
id#332,828.7234,2038.33,1324.91,842.6280,2072.53,5844.12,-0.645365,-64.54,1.094992,No,0.00,0.00
id#333,828.7234,2395.51,1557.08,842.6280,2435.71,5165.69,-0.528484,-52.85,1.094992,No,0.00,0.00
id#334,828.7234,1721.34,1118.87,842.6280,1750.22,6035.98,-0.710036,-71.00,1.094992,No,0.00,0.00
id#335,828.7234,2985.29,1940.44,842.6280,3035.38,3840.26,-0.209591,-20.96,1.094992,No,0.00,0.00
id#336,828.7234,2615.29,1699.94,842.6280,2659.17,5723.90,-0.535427,-53.54,1.094992,No,0.00,0.00
id#337,828.7234,2016.82,1310.93,842.6280,2050.66,3838.61,-0.465781,-46.58,1.094992,No,0.00,0.00
id#338,828.7234,2001.69,1301.10,842.6280,2035.27,5206.88,-0.609119,-60.91,1.094992,No,0.00,0.00
id#339,828.7234,3835.41,2493.02,842.6280,3899.76,5334.30,-0.268927,-26.89,1.094992,No,0.00,0.00
id#340,828.7234,2145.59,1394.63,842.6280,2181.59,6707.87,-0.674772,-67.48,1.094992,No,0.00,0.00
id#341,828.7234,2893.36,1880.68,842.6280,2941.91,6186.68,-0.524477,-52.45,1.094992,No,0.00,0.00
id#342,828.7234,2633.35,1711.68,842.6280,2677.54,3463.77,-0.226989,-22.70,1.094992,No,0.00,0.00
id#343,828.7234,3335.78,2168.25,842.6280,3391.74,4791.05,-0.292067,-29.21,1.094992,No,0.00,0.00
id#344,828.7234,1895.44,1232.03,842.6280,1927.24,7108.78,-0.728893,-72.89,1.094992,No,0.00,0.00
id#345,828.7234,3593.46,2335.75,842.6280,3653.62,4413.51,-0.172172,-17.22,1.094953,No,0.00,0.00
id#346,828.7234,1940.11,1261.07,842.6280,1972.66,4976.14,-0.603576,-60.36,1.094992,No,0.00,0.00
id#347,828.7234,2414.97,1569.73,842.6280,2455.49,3398.99,-0.277583,-27.76,1.094992,No,0.00,0.00
id#348,828.7234,3829.61,2489.25,842.6280,3874.51,4348.11,-0.108921,-10.89,1.089548,No,0.00,0.00
id#349,828.7234,3768.48,2449.51,842.6280,3831.71,5426.91,-0.293944,-29.39,1.094992,No,0.00,0.00
id#350,828.7234,2711.42,1762.42,842.6280,2756.91,4969.81,-0.445267,-44.53,1.094992,No,0.00,0.00
id#351,828.7234,3343.95,2173.57,842.6280,3400.06,3861.57,-0.119514,-11.95,1.094992,No,0.00,0.00
id#352,828.7234,4256.13,2766.48,842.6280,4308.48,4719.04,-0.087001,-8.70,1.090170,No,0.00,0.00
id#353,828.7234,2733.46,1776.75,842.6280,2779.33,3657.07,-0.240012,-24.00,1.094992,No,0.00,0.00
id#354,828.7234,2450.45,1592.79,842.6280,2491.57,6541.78,-0.619130,-61.91,1.094992,No,0.00,0.00
id#355,828.7234,2029.06,1318.89,842.6280,2063.10,3989.59,-0.482879,-48.29,1.094992,No,0.00,0.00
id#356,828.7234,2273.50,1477.77,842.6280,2311.64,3511.81,-0.341753,-34.18,1.094992,No,0.00,0.00
id#357,828.7234,1964.29,1276.79,842.6280,1997.25,6183.54,-0.677005,-67.70,1.094992,No,0.00,0.00
id#358,828.7234,1789.77,1163.35,842.6280,1819.80,4167.85,-0.563373,-56.34,1.094992,No,0.00,0.00
id#359,828.7234,2708.34,1760.42,842.6280,2753.78,3011.35,-0.085532,-8.55,1.094992,No,0.00,0.00
id#360,828.7234,2240.13,1456.08,842.6280,2277.71,4441.13,-0.487132,-48.71,1.094992,No,0.00,0.00
id#361,828.7234,2613.00,1698.45,842.6280,2656.84,3701.13,-0.282152,-28.22,1.094992,No,0.00,0.00
id#362,828.7234,2023.74,1315.43,842.6280,2057.70,7166.02,-0.712853,-71.29,1.094992,No,0.00,0.00
id#363,828.7234,2386.02,1550.91,842.6280,2426.06,3549.48,-0.316504,-31.65,1.094992,No,0.00,0.00
id#364,828.7234,1659.87,1078.92,842.6280,1687.72,4637.82,-0.636096,-63.61,1.094992,No,0.00,0.00
id#365,828.7234,2011.38,1307.39,842.6280,2045.12,4673.10,-0.562363,-56.24,1.094992,No,0.00,0.00
id#366,828.7234,1983.30,1289.14,842.6280,2016.58,5054.19,-0.601009,-60.10,1.094992,No,0.00,0.00
id#367,828.7234,2604.56,1692.97,842.6280,2648.26,4693.75,-0.435790,-43.58,1.094992,No,0.00,0.00
id#368,828.7234,3496.47,2272.71,842.6280,3555.14,4463.00,-0.203421,-20.34,1.094992,No,0.00,0.00
id#369,828.7234,2832.16,1840.90,842.6280,2879.68,5933.52,-0.514676,-51.47,1.094992,No,0.00,0.00
id#370,828.7234,3883.40,2524.21,842.6280,3935.12,4396.17,-0.104876,-10.49,1.091267,No,0.00,0.00
id#371,828.7234,2844.77,1849.10,842.6280,2892.50,5059.22,-0.428272,-42.83,1.094992,No,0.00,0.00
id#372,828.7234,1694.76,1101.59,842.6280,1723.19,4981.07,-0.654052,-65.41,1.094992,No,0.00,0.00
id#373,828.7234,2860.76,1859.49,842.6280,2908.76,4094.42,-0.289581,-28.96,1.094992,No,0.00,0.00
id#374,828.7234,2525.07,1641.30,842.6280,2567.44,3412.96,-0.247740,-24.77,1.094992,No,0.00,0.00
id#375,828.7234,2736.25,1778.56,842.6280,2782.16,3790.72,-0.266060,-26.61,1.094992,No,0.00,0.00
id#376,828.7234,2590.27,1683.67,842.6280,2625.75,2979.74,-0.118800,-11.88,1.091676,No,0.00,0.00
id#377,828.7234,2595.10,1686.82,842.6280,2638.64,3463.14,-0.238079,-23.81,1.094992,No,0.00,0.00
id#378,828.7234,2164.63,1407.01,842.6280,2200.95,3565.11,-0.382641,-38.26,1.094992,No,0.00,0.00
id#379,828.7234,3250.70,2112.95,842.6280,3305.24,4940.56,-0.330999,-33.10,1.094992,No,0.00,0.00
id#380,828.7234,2658.32,1727.91,842.6280,2702.92,6369.47,-0.575644,-57.56,1.094992,No,0.00,0.00
id#381,828.7234,2439.52,1585.69,842.6280,2480.45,3306.21,-0.249760,-24.98,1.094992,No,0.00,0.00
id#382,828.7234,3670.41,2385.77,842.6280,3731.99,4729.20,-0.210861,-21.09,1.094992,No,0.00,0.00
id#383,828.7234,3009.77,1956.35,842.6280,3060.27,4544.08,-0.326536,-32.65,1.094992,No,0.00,0.00
id#384,828.7234,3210.78,2087.01,842.6280,3264.65,4590.78,-0.288867,-28.89,1.094992,No,0.00,0.00
id#385,828.7234,1814.69,1179.55,842.6280,1845.14,4115.16,-0.551624,-55.16,1.094992,No,0.00,0.00
id#386,828.7234,1646.30,1070.09,842.6280,1673.92,5963.81,-0.719320,-71.93,1.094992,No,0.00,0.00
id#387,828.7234,2218.80,1442.22,842.6280,2256.02,5214.10,-0.567322,-56.73,1.094992,No,0.00,0.00
id#388,828.7234,3211.35,2087.37,842.6280,3265.23,5003.08,-0.347357,-34.74,1.094992,No,0.00,0.00
id#389,828.7234,2448.81,1591.73,842.6280,2489.90,5434.72,-0.541854,-54.19,1.094992,No,0.00,0.00
id#390,828.7234,2512.24,1632.96,842.6280,2550.83,3066.24,-0.168093,-16.81,1.093464,No,0.00,0.00
id#391,828.7234,2880.45,1872.29,842.6280,2915.59,3272.09,-0.108951,-10.90,1.090060,No,0.00,0.00
id#392,828.7234,1459.62,948.76,842.6280,1484.11,4599.23,-0.677312,-67.73,1.094992,No,0.00,0.00
id#393,828.7234,1650.93,1073.10,842.6280,1678.63,4262.30,-0.606169,-60.62,1.094992,No,0.00,0.00
id#394,828.7234,3104.43,2017.88,842.6280,3156.51,4191.15,-0.246863,-24.69,1.094992,No,0.00,0.00
id#395,828.7234,2670.49,1735.82,842.6280,2715.29,4566.02,-0.405326,-40.53,1.094992,No,0.00,0.00
id#396,828.7234,1894.42,1231.37,842.6280,1926.21,4052.63,-0.524703,-52.47,1.094992,No,0.00,0.00
id#397,828.7234,2452.14,1593.89,842.6280,2493.28,6061.30,-0.588656,-58.87,1.094992,No,0.00,0.00
id#398,828.7234,3353.10,2179.51,842.6280,3409.36,6137.24,-0.444481,-44.45,1.094992,No,0.00,0.00
id#399,828.7234,2712.22,1762.94,842.6280,2757.73,5050.32,-0.453949,-45.39,1.094992,No,0.00,0.00
id#400,828.7234,2513.32,1633.65,842.6280,2555.48,5432.85,-0.529624,-52.96,1.094992,No,0.00,0.00
id#401,828.7234,1704.60,1107.99,842.6280,1733.20,6380.23,-0.728348,-72.83,1.094992,No,0.00,0.00
id#402,828.7234,2435.28,1582.93,842.6280,2476.14,6659.48,-0.628179,-62.82,1.094992,No,0.00,0.00
id#403,828.7234,2268.20,1474.33,842.6280,2306.25,6981.14,-0.669645,-66.96,1.094992,No,0.00,0.00
id#404,828.7234,2666.90,1733.49,842.6280,2711.65,6391.27,-0.575726,-57.57,1.094992,No,0.00,0.00
id#405,828.7234,2869.50,1865.17,842.6280,2909.08,3114.55,-0.065970,-6.60,1.091778,No,0.00,0.00
id#406,828.7234,2933.08,1906.50,842.6280,2982.29,5279.47,-0.435116,-43.51,1.094992,No,0.00,0.00
id#407,828.7234,3678.69,2391.15,842.6280,3739.92,4111.56,-0.090388,-9.04,1.094851,No,0.00,0.00
id#408,828.7234,1493.80,970.97,842.6280,1518.87,4346.51,-0.650555,-65.06,1.094992,No,0.00,0.00
id#409,828.7234,3914.92,2544.70,842.6280,3980.61,5413.82,-0.264731,-26.47,1.094992,No,0.00,0.00
id#410,828.7234,2080.07,1352.05,842.6280,2114.97,5313.91,-0.601992,-60.20,1.094992,No,0.00,0.00
id#411,828.7234,1886.98,1226.54,842.6280,1918.64,6062.99,-0.683548,-68.35,1.094992,No,0.00,0.00
id#412,828.7234,2318.26,1506.87,842.6280,2357.15,3728.54,-0.367807,-36.78,1.094992,No,0.00,0.00
id#413,828.7234,2322.37,1509.54,842.6280,2361.34,4657.89,-0.493046,-49.30,1.094992,No,0.00,0.00
id#414,828.7234,1919.05,1247.38,842.6280,1951.25,4378.19,-0.554325,-55.43,1.094992,No,0.00,0.00
id#415,828.7234,2659.88,1728.92,842.6280,2704.51,4222.28,-0.359467,-35.95,1.094992,No,0.00,0.00
id#416,828.7234,1917.12,1246.13,842.6280,1949.29,5195.85,-0.624837,-62.48,1.094992,No,0.00,0.00
id#417,828.7234,3605.74,2343.73,842.6280,3666.23,4438.75,-0.174039,-17.40,1.094992,No,0.00,0.00
id#418,828.7234,3226.02,2096.91,842.6280,3280.14,6211.58,-0.471931,-47.19,1.094992,No,0.00,0.00
id#419,828.7234,3174.40,2063.36,842.6280,3210.78,3394.31,-0.054070,-5.41,1.089265,No,0.00,0.00
id#420,828.7234,3504.49,2277.92,842.6280,3563.29,4333.15,-0.177667,-17.77,1.094992,No,0.00,0.00
id#421,828.7234,3777.82,2455.58,842.6280,3841.21,4834.88,-0.205521,-20.55,1.094992,No,0.00,0.00
id#422,828.7234,3967.63,2578.96,842.6280,4008.65,4204.62,-0.046607,-4.66,1.088058,No,0.00,0.00
id#423,828.7234,2847.17,1850.66,842.6280,2894.94,4079.50,-0.290369,-29.04,1.094992,No,0.00,0.00
id#424,828.7234,3473.35,2257.68,842.6280,3529.20,4113.76,-0.142098,-14.21,1.094241,No,0.00,0.00
id#425,828.7234,3064.12,1991.68,842.6280,3115.53,4932.68,-0.368391,-36.84,1.094992,No,0.00,0.00
id#426,828.7234,2217.14,1441.14,842.6280,2254.34,7497.63,-0.699327,-69.93,1.094992,No,0.00,0.00
id#427,828.7234,3056.70,1986.85,842.6280,3091.58,3438.99,-0.101022,-10.10,1.089213,No,0.00,0.00
id#428,828.7234,3802.53,2471.64,842.6280,3861.51,4129.25,-0.064838,-6.48,1.093627,No,0.00,0.00
id#429,828.7234,3580.82,2327.53,842.6280,3640.90,4824.38,-0.245314,-24.53,1.094992,No,0.00,0.00
id#430,828.7234,3182.46,2068.60,842.6280,3235.86,4465.82,-0.275417,-27.54,1.094992,No,0.00,0.00
id#431,828.7234,2275.99,1479.39,842.6280,2314.17,4316.20,-0.463840,-46.38,1.094992,No,0.00,0.00
id#432,828.7234,3271.79,2126.66,842.6280,3318.15,3767.52,-0.119275,-11.93,1.092183,No,0.00,0.00
id#433,828.7234,3123.15,2030.05,842.6280,3175.55,4972.37,-0.361362,-36.14,1.094992,No,0.00,0.00
id#434,828.7234,3604.40,2342.86,842.6280,3655.78,4235.80,-0.136933,-13.69,1.092274,No,0.00,0.00
id#435,828.7234,2534.62,1647.50,842.6280,2577.15,5320.95,-0.515661,-51.57,1.094992,No,0.00,0.00
id#436,828.7234,2119.45,1377.64,842.6280,2155.01,4767.03,-0.547934,-54.79,1.094992,No,0.00,0.00
id#437,828.7234,2028.58,1318.58,842.6280,2062.62,7323.04,-0.718338,-71.83,1.094992,No,0.00,0.00
id#438,828.7234,3354.89,2180.68,842.6280,3411.18,5321.76,-0.359012,-35.90,1.094992,No,0.00,0.00
id#439,828.7234,2844.86,1849.16,842.6280,2892.59,6228.76,-0.535607,-53.56,1.094992,No,0.00,0.00
id#440,828.7234,1491.22,969.29,842.6280,1516.24,5606.33,-0.729549,-72.95,1.094992,No,0.00,0.00
id#441,828.7234,2981.70,1938.11,842.6280,3031.73,5276.80,-0.425460,-42.55,1.094992,No,0.00,0.00
id#442,828.7234,1430.81,930.02,842.6280,1454.81,5611.39,-0.740739,-74.07,1.094992,No,0.00,0.00
id#443,828.7234,3455.57,2246.12,842.6280,3513.55,4724.64,-0.256335,-25.63,1.094992,No,0.00,0.00
id#444,828.7234,2393.60,1555.84,842.6280,2433.76,3772.19,-0.354815,-35.48,1.094992,No,0.00,0.00
id#445,828.7234,2186.28,1421.08,842.6280,2222.96,5227.16,-0.574730,-57.47,1.094992,No,0.00,0.00
id#446,828.7234,3511.44,2282.44,842.6280,3570.36,4545.90,-0.214598,-21.46,1.094992,No,0.00,0.00
id#447,828.7234,3938.38,2559.94,842.6280,4004.45,5254.13,-0.237846,-23.78,1.094992,No,0.00,0.00
id#448,828.7234,3251.09,2113.21,842.6280,3305.63,3947.84,-0.162674,-16.27,1.094992,No,0.00,0.00
id#449,828.7234,3585.10,2330.32,842.6280,3645.25,4427.62,-0.176701,-17.67,1.094992,No,0.00,0.00
id#450,828.7234,1980.87,1287.56,842.6280,2014.10,5282.78,-0.618741,-61.87,1.094992,No,0.00,0.00
id#451,828.7234,3357.64,2182.46,842.6280,3391.76,3611.98,-0.060972,-6.10,1.087867,No,0.00,0.00
id#452,828.7234,2492.42,1620.07,842.6280,2534.24,5911.13,-0.571277,-57.13,1.094992,No,0.00,0.00
id#453,828.7234,1848.97,1201.83,842.6280,1879.99,7391.64,-0.745660,-74.57,1.094992,No,0.00,0.00
id#454,828.7234,3766.65,2448.32,842.6280,3823.67,4294.69,-0.109675,-10.97,1.093226,No,0.00,0.00
id#455,828.7234,2855.66,1856.18,842.6280,2890.86,3244.91,-0.109109,-10.91,1.090199,No,0.00,0.00
id#456,828.7234,2385.05,1550.28,842.6280,2425.06,6648.83,-0.635264,-63.53,1.094992,No,0.00,0.00
id#457,828.7234,2728.68,1773.64,842.6280,2774.47,4625.58,-0.400190,-40.02,1.094992,No,0.00,0.00
id#458,828.7234,1378.88,896.27,842.6280,1402.01,4475.75,-0.686754,-68.68,1.094992,No,0.00,0.00
id#459,828.7234,1828.67,1188.64,842.6280,1859.35,5644.59,-0.670596,-67.06,1.094992,No,0.00,0.00
id#460,828.7234,3378.82,2196.23,842.6280,3435.51,4595.50,-0.252418,-25.24,1.094992,No,0.00,0.00
id#461,828.7234,1861.44,1209.94,842.6280,1892.68,7009.06,-0.729967,-73.00,1.094992,No,0.00,0.00
id#462,828.7234,2239.30,1455.55,842.6280,2276.87,6600.44,-0.655042,-65.50,1.094992,No,0.00,0.00
id#463,828.7234,1626.32,1057.11,842.6280,1653.61,5248.21,-0.684920,-68.49,1.094992,No,0.00,0.00
id#464,828.7234,2196.65,1427.82,842.6280,2233.50,4277.37,-0.477833,-47.78,1.094992,No,0.00,0.00
id#465,828.7234,2333.43,1516.73,842.6280,2372.59,3424.54,-0.307181,-30.72,1.094992,No,0.00,0.00
id#466,828.7234,3195.40,2077.01,842.6280,3249.01,3636.97,-0.106669,-10.67,1.094992,No,0.00,0.00
id#467,828.7234,3316.62,2155.81,842.6280,3372.27,4112.09,-0.179913,-17.99,1.094992,No,0.00,0.00
id#468,828.7234,2232.52,1451.14,842.6280,2269.98,6076.41,-0.626428,-62.64,1.094992,No,0.00,0.00
id#469,828.7234,2696.68,1752.84,842.6280,2741.93,4776.51,-0.425956,-42.60,1.094992,No,0.00,0.00
id#470,828.7234,3859.13,2508.43,842.6280,3909.53,4563.78,-0.143358,-14.34,1.090987,No,0.00,0.00
id#471,828.7234,3411.24,2217.31,842.6280,3468.48,5551.22,-0.375187,-37.52,1.094992,No,0.00,0.00
id#472,828.7234,3345.97,2174.88,842.6280,3380.84,3631.18,-0.068941,-6.89,1.088146,No,0.00,0.00
id#473,828.7234,2406.40,1564.16,842.6280,2446.77,5174.80,-0.527175,-52.72,1.094992,No,0.00,0.00
id#474,828.7234,1940.29,1261.19,842.6280,1972.85,5273.33,-0.625882,-62.59,1.094992,No,0.00,0.00
id#475,828.7234,2997.72,1948.52,842.6280,3048.02,4070.53,-0.251199,-25.12,1.094992,No,0.00,0.00
id#476,828.7234,2258.43,1467.98,842.6280,2296.32,6234.36,-0.631666,-63.17,1.094992,No,0.00,0.00
id#477,828.7234,2273.72,1477.92,842.6280,2311.87,4693.00,-0.507380,-50.74,1.094992,No,0.00,0.00
id#478,828.7234,2585.22,1680.39,842.6280,2628.60,5147.40,-0.489335,-48.93,1.094992,No,0.00,0.00
id#479,828.7234,3102.76,2016.80,842.6280,3145.98,3367.74,-0.065849,-6.58,1.091921,No,0.00,0.00
id#480,828.7234,2424.86,1576.16,842.6280,2465.55,6491.96,-0.620215,-62.02,1.094992,No,0.00,0.00
id#481,828.7234,1600.98,1040.64,842.6280,1627.84,6218.81,-0.738239,-73.82,1.094992,No,0.00,0.00
id#482,828.7234,2291.77,1489.65,842.6280,2330.23,6248.49,-0.627074,-62.71,1.094992,No,0.00,0.00
id#483,828.7234,1775.27,1153.93,842.6280,1805.06,5564.55,-0.675615,-67.56,1.094992,No,0.00,0.00
id#484,828.7234,2202.58,1431.67,842.6280,2239.53,6611.04,-0.661244,-66.12,1.094992,No,0.00,0.00
id#485,828.7234,2659.32,1728.56,842.6280,2698.91,3456.28,-0.219128,-21.91,1.092958,No,0.00,0.00
id#486,828.7234,2119.69,1377.80,842.6280,2155.25,4069.28,-0.470360,-47.04,1.094992,No,0.00,0.00
id#487,828.7234,2107.36,1369.79,842.6280,2142.72,5013.34,-0.572596,-57.26,1.094992,No,0.00,0.00
id#488,828.7234,2550.18,1657.62,842.6280,2592.97,6619.11,-0.608261,-60.83,1.094992,No,0.00,0.00
id#489,828.7234,3783.79,2459.47,842.6280,3824.57,4052.96,-0.056352,-5.64,1.088529,No,0.00,0.00
id#490,828.7234,3146.01,2044.91,842.6280,3184.36,3589.84,-0.112951,-11.30,1.090050,No,0.00,0.00
id#491,828.7234,2372.52,1542.14,842.6280,2412.32,5791.88,-0.583499,-58.35,1.094992,No,0.00,0.00
id#492,828.7234,2100.73,1365.47,842.6280,2135.97,4980.23,-0.571110,-57.11,1.094992,No,0.00,0.00
id#493,828.7234,2533.05,1646.48,842.6280,2575.55,3782.90,-0.319160,-31.92,1.094992,No,0.00,0.00
id#494,828.7234,2020.17,1313.11,842.6280,2054.07,4513.19,-0.544875,-54.49,1.094992,No,0.00,0.00
id#495,828.7234,1848.15,1201.30,842.6280,1879.16,6645.30,-0.717220,-71.72,1.094992,No,0.00,0.00
id#496,828.7234,1531.42,995.43,842.6280,1557.12,5199.25,-0.700511,-70.05,1.094992,No,0.00,0.00
id#497,828.7234,3645.00,2369.25,842.6280,3706.16,5522.14,-0.328855,-32.89,1.094992,No,0.00,0.00
id#498,828.7234,2005.12,1303.33,842.6280,2038.76,4435.51,-0.540355,-54.04,1.094992,No,0.00,0.00
id#499,828.7234,2001.40,1300.91,842.6280,2034.98,3982.66,-0.489040,-48.90,1.094992,No,0.00,0.00
