position_id,seed_price,position_value_at_seed,loan_amount,close_price,position_value_at_close,hold_value,impermanent_loss,impermanent_loss_pct,health_factor,should_liquidate,repay_amount,collateral_to_take
id#0,1551.3245,4982.95,3238.92,1577.7259,5067.76,5529.11,-0.083441,-8.34,1.095251,No,0.00,0.00
id#1,1551.3245,5681.31,3692.85,1577.7259,5767.42,6202.20,-0.070100,-7.01,1.093247,No,0.00,0.00
id#2,1551.3245,4164.31,2706.80,1577.7259,4235.18,5801.23,-0.269951,-27.00,1.095251,No,0.00,0.00
id#3,1551.3245,3541.50,2301.98,1577.7259,3601.77,6603.58,-0.454572,-45.46,1.095251,No,0.00,0.00
id#4,1551.3245,2915.12,1894.83,1577.7259,2964.73,4814.10,-0.384157,-38.42,1.095251,No,0.00,0.00
id#5,1551.3245,2980.43,1937.28,1577.7259,3031.16,5739.17,-0.471847,-47.18,1.095251,No,0.00,0.00
id#6,1551.3245,5895.54,3832.10,1577.7259,5925.33,5959.34,-0.005708,-0.57,1.082364,No,0.00,0.00
id#7,1551.3245,5801.33,3770.86,1577.7259,5900.06,7347.73,-0.197023,-19.70,1.095251,No,0.00,0.00
id#8,1551.3245,5537.82,3599.58,1577.7259,5537.82,6346.44,-0.127414,-12.74,1.076923,No,0.00,0.00
id#9,1551.3245,3462.78,2250.81,1577.7259,3521.71,5184.71,-0.320750,-32.08,1.095251,No,0.00,0.00
id#10,1551.3245,5613.79,3648.97,1577.7259,5704.96,6163.99,-0.074469,-7.45,1.094412,No,0.00,0.00
id#11,1551.3245,5795.98,3767.38,1577.7259,5795.98,6437.77,-0.099692,-9.97,1.076923,No,0.00,0.00
id#12,1551.3245,4543.87,2953.52,1577.7259,4621.20,5599.86,-0.174765,-17.48,1.095251,No,0.00,0.00
id#13,1551.3245,5668.73,3684.68,1577.7259,5748.17,6469.18,-0.111452,-11.15,1.092015,No,0.00,0.00
id#14,1551.3245,3133.60,2036.84,1577.7259,3186.93,4745.38,-0.328415,-32.84,1.095251,No,0.00,0.00
id#15,1551.3245,4743.38,3083.19,1577.7259,4824.10,7091.20,-0.319706,-31.97,1.095251,No,0.00,0.00
id#16,1551.3245,5801.46,3770.95,1577.7259,5847.11,5898.59,-0.008726,-0.87,1.085397,No,0.00,0.00
id#17,1551.3245,4632.29,3010.99,1577.7259,4711.12,6465.36,-0.271328,-27.13,1.095251,No,0.00,0.00
id#18,1551.3245,4071.61,2646.55,1577.7259,4140.90,5220.09,-0.206738,-20.67,1.095251,No,0.00,0.00
id#19,1551.3245,3515.04,2284.78,1577.7259,3574.86,8237.71,-0.566037,-56.60,1.095251,No,0.00,0.00
id#20,1551.3245,4776.98,3105.04,1577.7259,4827.94,5134.90,-0.059779,-5.98,1.088412,No,0.00,0.00
id#21,1551.3245,3556.04,2311.43,1577.7259,3616.56,5428.71,-0.333808,-33.38,1.095251,No,0.00,0.00
id#22,1551.3245,3698.25,2403.86,1577.7259,3744.99,4177.19,-0.103466,-10.35,1.090534,No,0.00,0.00
id#23,1551.3245,3195.00,2076.75,1577.7259,3249.37,4633.17,-0.298673,-29.87,1.095251,No,0.00,0.00
id#24,1551.3245,6259.63,4068.76,1577.7259,6357.52,6563.44,-0.031374,-3.14,1.093763,No,0.00,0.00
id#25,1551.3245,4167.42,2708.82,1577.7259,4167.42,4738.73,-0.120562,-12.06,1.076923,No,0.00,0.00
id#26,1551.3245,5758.64,3743.11,1577.7259,5856.64,7674.98,-0.236918,-23.69,1.095251,No,0.00,0.00
id#27,1551.3245,6090.76,3958.99,1577.7259,6119.21,6175.96,-0.009190,-0.92,1.081953,No,0.00,0.00
id#28,1551.3245,4481.25,2912.81,1577.7259,4557.52,6942.79,-0.343562,-34.36,1.095251,No,0.00,0.00
id#29,1551.3245,5257.36,3417.28,1577.7259,5346.83,7791.29,-0.313743,-31.37,1.095251,No,0.00,0.00
id#30,1551.3245,4813.85,3129.00,1577.7259,4851.47,4854.28,-0.000578,-0.06,1.085339,No,0.00,0.00
id#31,1551.3245,3917.32,2546.26,1577.7259,3956.20,4035.71,-0.019703,-1.97,1.087610,No,0.00,0.00
id#32,1551.3245,4516.36,2935.64,1577.7259,4593.23,7795.42,-0.410779,-41.08,1.095251,No,0.00,0.00
id#33,1551.3245,4055.14,2635.84,1577.7259,4093.44,4227.96,-0.031817,-3.18,1.087095,No,0.00,0.00
id#34,1551.3245,3330.74,2164.98,1577.7259,3387.43,4647.80,-0.271176,-27.12,1.095251,No,0.00,0.00
id#35,1551.3245,4508.11,2930.27,1577.7259,4557.90,4756.42,-0.041737,-4.17,1.088818,No,0.00,0.00
id#36,1551.3245,4499.25,2924.51,1577.7259,4553.02,5101.60,-0.107530,-10.75,1.089793,No,0.00,0.00
id#37,1551.3245,6548.48,4256.51,1577.7259,6574.73,6666.00,-0.013692,-1.37,1.081240,No,0.00,0.00
id#38,1551.3245,4733.80,3076.97,1577.7259,4743.98,4916.71,-0.035131,-3.51,1.079240,No,0.00,0.00
id#39,1551.3245,2921.46,1898.95,1577.7259,2971.18,5879.06,-0.494617,-49.46,1.095251,No,0.00,0.00
id#40,1551.3245,4158.29,2702.89,1577.7259,4229.05,6248.90,-0.323232,-32.32,1.095251,No,0.00,0.00
id#41,1551.3245,4356.69,2831.85,1577.7259,4412.24,4625.62,-0.046130,-4.61,1.090655,No,0.00,0.00
id#42,1551.3245,4163.03,2705.97,1577.7259,4211.61,4405.74,-0.044062,-4.41,1.089490,No,0.00,0.00
id#43,1551.3245,3682.48,2393.61,1577.7259,3733.08,4288.62,-0.129537,-12.95,1.091722,No,0.00,0.00
id#44,1551.3245,4579.11,2976.42,1577.7259,4657.04,5916.79,-0.212912,-21.29,1.095251,No,0.00,0.00
id#45,1551.3245,5371.31,3491.35,1577.7259,5406.95,5409.54,-0.000478,-0.05,1.084069,No,0.00,0.00
id#46,1551.3245,2464.71,1602.06,1577.7259,2506.66,5339.05,-0.530505,-53.05,1.095251,No,0.00,0.00
id#47,1551.3245,3289.39,2138.10,1577.7259,3345.37,6765.19,-0.505502,-50.55,1.095251,No,0.00,0.00
id#48,1551.3245,4974.09,3233.16,1577.7259,4998.76,5033.92,-0.006983,-0.70,1.082265,No,0.00,0.00
id#49,1551.3245,5169.35,3360.07,1577.7259,5187.49,5303.43,-0.021861,-2.19,1.080704,No,0.00,0.00
id#50,1551.3245,2685.32,1745.46,1577.7259,2731.02,5392.77,-0.493577,-49.36,1.095251,No,0.00,0.00
id#51,1551.3245,5913.46,3843.75,1577.7259,5956.70,5958.04,-0.000226,-0.02,1.084797,No,0.00,0.00
id#52,1551.3245,5903.24,3837.11,1577.7259,5953.49,5977.67,-0.004043,-0.40,1.086091,No,0.00,0.00
id#53,1551.3245,4802.20,3121.43,1577.7259,4848.50,5056.86,-0.041203,-4.12,1.087307,No,0.00,0.00
id#54,1551.3245,5551.31,3608.35,1577.7259,5562.37,5796.03,-0.040315,-4.03,1.079068,No,0.00,0.00
id#55,1551.3245,4320.47,2808.31,1577.7259,4394.00,7905.96,-0.444217,-44.42,1.095251,No,0.00,0.00
id#56,1551.3245,3355.40,2181.01,1577.7259,3412.51,4689.74,-0.272347,-27.23,1.095251,No,0.00,0.00
id#57,1551.3245,5502.09,3576.36,1577.7259,5548.10,5548.14,-0.000008,-0.00,1.085928,No,0.00,0.00
id#58,1551.3245,3322.30,2159.49,1577.7259,3378.84,6472.74,-0.477989,-47.80,1.095251,No,0.00,0.00
id#59,1551.3245,3089.47,2008.16,1577.7259,3142.05,5297.29,-0.406858,-40.69,1.095251,No,0.00,0.00
id#60,1551.3245,4109.20,2670.98,1577.7259,4179.13,4628.67,-0.097119,-9.71,1.095251,No,0.00,0.00
id#61,1551.3245,5826.94,3787.51,1577.7259,5855.97,5904.23,-0.008174,-0.82,1.082290,No,0.00,0.00
id#62,1551.3245,5079.22,3301.49,1577.7259,5160.52,5707.10,-0.095772,-9.58,1.094161,No,0.00,0.00
id#63,1551.3245,3799.63,2469.76,1577.7259,3864.30,6362.93,-0.392686,-39.27,1.095251,No,0.00,0.00
id#64,1551.3245,4400.70,2860.45,1577.7259,4400.70,4908.06,-0.103372,-10.34,1.076923,No,0.00,0.00
id#65,1551.3245,4428.93,2878.81,1577.7259,4474.54,4767.19,-0.061387,-6.14,1.088014,No,0.00,0.00
id#66,1551.3245,4615.57,3000.12,1577.7259,4694.12,6746.30,-0.304193,-30.42,1.095251,No,0.00,0.00
id#67,1551.3245,5066.20,3293.03,1577.7259,5071.92,5467.32,-0.072320,-7.23,1.078140,No,0.00,0.00
id#68,1551.3245,4524.89,2941.18,1577.7259,4601.90,7803.01,-0.410241,-41.02,1.095251,No,0.00,0.00
id#69,1551.3245,6488.74,4217.68,1577.7259,6599.17,6935.28,-0.048465,-4.85,1.095251,No,0.00,0.00
id#70,1551.3245,5758.83,3743.24,1577.7259,5811.06,5926.42,-0.019464,-1.95,1.086691,No,0.00,0.00
id#71,1551.3245,5302.68,3446.74,1577.7259,5319.43,5458.53,-0.025482,-2.55,1.080325,No,0.00,0.00
id#72,1551.3245,4406.70,2864.36,1577.7259,4450.38,4480.46,-0.006713,-0.67,1.087599,No,0.00,0.00
id#73,1551.3245,3755.39,2441.00,1577.7259,3758.71,3986.90,-0.057237,-5.72,1.077874,No,0.00,0.00
id#74,1551.3245,4967.29,3228.74,1577.7259,5051.83,7008.86,-0.279222,-27.92,1.095251,No,0.00,0.00
id#75,1551.3245,4235.88,2753.32,1577.7259,4249.68,4324.31,-0.017258,-1.73,1.080432,No,0.00,0.00
id#76,1551.3245,5391.10,3504.21,1577.7259,5403.39,5555.72,-0.027418,-2.74,1.079379,No,0.00,0.00
id#77,1551.3245,3103.49,2017.27,1577.7259,3156.31,7003.44,-0.549320,-54.93,1.095251,No,0.00,0.00
id#78,1551.3245,4568.79,2969.71,1577.7259,4627.60,4974.77,-0.069786,-6.98,1.090787,No,0.00,0.00
id#79,1551.3245,5923.99,3850.59,1577.7259,5985.94,6185.93,-0.032330,-3.23,1.088185,No,0.00,0.00
id#80,1551.3245,4287.52,2786.89,1577.7259,4338.21,4561.78,-0.049011,-4.90,1.089653,No,0.00,0.00
id#81,1551.3245,5457.11,3547.12,1577.7259,5470.29,5716.51,-0.043072,-4.31,1.079525,No,0.00,0.00
id#82,1551.3245,5722.88,3719.87,1577.7259,5808.89,6515.34,-0.108428,-10.84,1.093108,No,0.00,0.00
id#83,1551.3245,2807.50,1824.87,1577.7259,2855.28,5636.78,-0.493455,-49.35,1.095251,No,0.00,0.00
id#84,1551.3245,5074.41,3298.37,1577.7259,5129.22,5178.94,-0.009602,-0.96,1.088554,No,0.00,0.00
id#85,1551.3245,2822.68,1834.74,1577.7259,2870.72,5962.22,-0.518515,-51.85,1.095251,No,0.00,0.00
id#86,1551.3245,4655.02,3025.77,1577.7259,4687.95,4690.37,-0.000517,-0.05,1.084540,No,0.00,0.00
id#87,1551.3245,4332.60,2816.19,1577.7259,4390.36,4461.55,-0.015957,-1.60,1.091281,No,0.00,0.00
id#88,1551.3245,6289.36,4088.08,1577.7259,6355.28,6514.67,-0.024465,-2.45,1.088212,No,0.00,0.00
id#89,1551.3245,4768.85,3099.75,1577.7259,4782.17,4941.37,-0.032218,-3.22,1.079931,No,0.00,0.00
id#90,1551.3245,5927.54,3852.90,1577.7259,6028.42,7464.61,-0.192400,-19.24,1.095251,No,0.00,0.00
id#91,1551.3245,3475.20,2258.88,1577.7259,3534.34,7851.31,-0.549840,-54.98,1.095251,No,0.00,0.00
id#92,1551.3245,5309.79,3451.36,1577.7259,5400.16,6541.22,-0.174442,-17.44,1.095251,No,0.00,0.00
id#93,1551.3245,6975.71,4534.21,1577.7259,7024.16,7032.54,-0.001192,-0.12,1.084404,No,0.00,0.00
id#94,1551.3245,3469.35,2255.08,1577.7259,3528.39,7418.00,-0.524348,-52.43,1.095251,No,0.00,0.00
id#95,1551.3245,5368.10,3489.26,1577.7259,5426.45,5695.86,-0.047299,-4.73,1.088629,No,0.00,0.00
id#96,1551.3245,5307.71,3450.01,1577.7259,5398.04,6712.80,-0.195859,-19.59,1.095251,No,0.00,0.00
id#97,1551.3245,5442.54,3537.65,1577.7259,5442.54,6171.65,-0.118138,-11.81,1.076923,No,0.00,0.00
id#98,1551.3245,4564.03,2966.62,1577.7259,4641.70,7444.32,-0.376477,-37.65,1.095251,No,0.00,0.00
id#99,1551.3245,5030.03,3269.52,1577.7259,5115.63,6753.20,-0.242488,-24.25,1.095251,No,0.00,0.00
id#100,1551.3245,5833.44,3791.74,1577.7259,5932.72,7131.26,-0.168069,-16.81,1.095251,No,0.00,0.00
id#101,1551.3245,4925.68,3201.69,1577.7259,5009.51,6260.41,-0.199812,-19.98,1.095251,No,0.00,0.00
id#102,1551.3245,4478.46,2911.00,1577.7259,4492.55,4631.85,-0.030075,-3.01,1.080312,No,0.00,0.00
id#103,1551.3245,4139.34,2690.57,1577.7259,4209.79,6636.06,-0.365620,-36.56,1.095251,No,0.00,0.00
id#104,1551.3245,4820.63,3133.41,1577.7259,4865.18,4903.45,-0.007804,-0.78,1.086876,No,0.00,0.00
id#105,1551.3245,4352.10,2828.86,1577.7259,4387.35,4426.42,-0.008828,-0.88,1.085646,No,0.00,0.00
id#106,1551.3245,5335.18,3467.87,1577.7259,5425.98,7360.51,-0.262825,-26.28,1.095251,No,0.00,0.00
id#107,1551.3245,4170.86,2711.06,1577.7259,4241.84,6325.60,-0.329417,-32.94,1.095251,No,0.00,0.00
id#108,1551.3245,3290.99,2139.14,1577.7259,3347.00,7707.81,-0.565765,-56.58,1.095251,No,0.00,0.00
id#109,1551.3245,4592.28,2984.98,1577.7259,4618.38,4638.85,-0.004413,-0.44,1.083043,No,0.00,0.00
id#110,1551.3245,5774.90,3753.68,1577.7259,5873.18,7467.28,-0.213478,-21.35,1.095251,No,0.00,0.00
id#111,1551.3245,2871.17,1866.26,1577.7259,2920.03,5040.29,-0.420662,-42.07,1.095251,No,0.00,0.00
id#112,1551.3245,4883.44,3174.24,1577.7259,4966.55,6963.27,-0.286749,-28.67,1.095251,No,0.00,0.00
id#113,1551.3245,3822.92,2484.90,1577.7259,3887.98,7210.12,-0.460761,-46.08,1.095251,No,0.00,0.00
id#114,1551.3245,4322.19,2809.42,1577.7259,4395.75,7366.21,-0.403255,-40.33,1.095251,No,0.00,0.00
id#115,1551.3245,5611.46,3647.45,1577.7259,5623.63,5807.54,-0.031667,-3.17,1.079259,No,0.00,0.00
id#116,1551.3245,3785.42,2460.52,1577.7259,3849.84,7369.10,-0.477569,-47.76,1.095251,No,0.00,0.00
id#117,1551.3245,4676.38,3039.64,1577.7259,4755.96,7276.30,-0.346376,-34.64,1.095251,No,0.00,0.00
id#118,1551.3245,4428.65,2878.62,1577.7259,4504.02,7935.16,-0.432397,-43.24,1.095251,No,0.00,0.00
id#119,1551.3245,6307.46,4099.85,1577.7259,6405.44,6654.37,-0.037408,-3.74,1.093651,No,0.00,0.00
id#120,1551.3245,3501.84,2276.20,1577.7259,3561.44,5036.71,-0.292904,-29.29,1.095251,No,0.00,0.00
id#121,1551.3245,3421.26,2223.82,1577.7259,3479.48,5302.14,-0.343758,-34.38,1.095251,No,0.00,0.00
id#122,1551.3245,5496.40,3572.66,1577.7259,5589.94,7340.70,-0.238500,-23.85,1.095251,No,0.00,0.00
id#123,1551.3245,5383.39,3499.20,1577.7259,5431.04,5431.11,-0.000013,-0.00,1.086456,No,0.00,0.00
id#124,1551.3245,4872.67,3167.24,1577.7259,4955.60,5525.81,-0.103191,-10.32,1.095251,No,0.00,0.00
id#125,1551.3245,6743.16,4383.05,1577.7259,6814.13,6858.90,-0.006526,-0.65,1.088258,No,0.00,0.00
id#126,1551.3245,6258.48,4068.01,1577.7259,6308.67,6308.87,-0.000032,-0.00,1.085559,No,0.00,0.00
id#127,1551.3245,4079.38,2651.60,1577.7259,4148.81,6257.97,-0.337036,-33.70,1.095251,No,0.00,0.00
id#128,1551.3245,4982.44,3238.59,1577.7259,5020.87,5048.60,-0.005493,-0.55,1.085228,No,0.00,0.00
id#129,1551.3245,3804.82,2473.14,1577.7259,3869.58,4747.09,-0.184854,-18.49,1.095251,No,0.00,0.00
id#130,1551.3245,4771.96,3101.78,1577.7259,4834.49,4976.69,-0.028573,-2.86,1.091035,No,0.00,0.00
id#131,1551.3245,4459.07,2898.40,1577.7259,4534.96,6135.84,-0.260907,-26.09,1.095251,No,0.00,0.00
id#132,1551.3245,5640.65,3666.42,1577.7259,5662.50,5774.82,-0.019451,-1.95,1.081094,No,0.00,0.00
id#133,1551.3245,3033.68,1971.89,1577.7259,3085.31,4844.81,-0.363173,-36.32,1.095251,No,0.00,0.00
id#134,1551.3245,4457.72,2897.52,1577.7259,4489.15,4489.62,-0.000105,-0.01,1.084516,No,0.00,0.00
id#135,1551.3245,4004.57,2602.97,1577.7259,4068.15,4709.40,-0.136164,-13.62,1.094022,No,0.00,0.00
id#136,1551.3245,4422.37,2874.54,1577.7259,4422.37,4764.08,-0.071727,-7.17,1.076923,No,0.00,0.00
id#137,1551.3245,5849.20,3801.98,1577.7259,5898.29,5901.46,-0.000537,-0.05,1.085961,No,0.00,0.00
id#138,1551.3245,4599.80,2989.87,1577.7259,4678.08,5816.09,-0.195665,-19.57,1.095251,No,0.00,0.00
id#139,1551.3245,3301.08,2145.70,1577.7259,3357.26,5783.19,-0.419479,-41.95,1.095251,No,0.00,0.00
id#140,1551.3245,3968.93,2579.81,1577.7259,4036.48,8221.56,-0.509037,-50.90,1.095251,No,0.00,0.00
id#141,1551.3245,3893.09,2530.51,1577.7259,3959.35,6337.13,-0.375214,-37.52,1.095251,No,0.00,0.00
id#142,1551.3245,4116.27,2675.57,1577.7259,4186.32,5450.94,-0.232000,-23.20,1.095251,No,0.00,0.00
id#143,1551.3245,3420.64,2223.41,1577.7259,3478.85,6502.60,-0.465006,-46.50,1.095251,No,0.00,0.00
id#144,1551.3245,2598.82,1689.24,1577.7259,2643.05,5057.67,-0.477417,-47.74,1.095251,No,0.00,0.00
id#145,1551.3245,3760.50,2444.32,1577.7259,3824.49,6237.19,-0.386824,-38.68,1.095251,No,0.00,0.00
id#146,1551.3245,4498.40,2923.96,1577.7259,4572.44,5415.89,-0.155737,-15.57,1.094648,No,0.00,0.00
id#147,1551.3245,5032.69,3271.25,1577.7259,5032.69,5634.22,-0.106764,-10.68,1.076923,No,0.00,0.00
id#148,1551.3245,4880.85,3172.55,1577.7259,4888.43,5226.43,-0.064671,-6.47,1.078596,No,0.00,0.00
id#149,1551.3245,4211.62,2737.56,1577.7259,4266.95,4495.44,-0.050827,-5.08,1.091070,No,0.00,0.00
id#150,1551.3245,3925.32,2551.46,1577.7259,3992.13,8035.77,-0.503205,-50.32,1.095251,No,0.00,0.00
id#151,1551.3245,4651.46,3023.45,1577.7259,4730.62,7335.17,-0.355077,-35.51,1.095251,No,0.00,0.00
id#152,1551.3245,3756.80,2441.92,1577.7259,3820.74,5204.65,-0.265899,-26.59,1.095251,No,0.00,0.00
id#153,1551.3245,5219.76,3392.84,1577.7259,5308.59,6382.93,-0.168314,-16.83,1.095251,No,0.00,0.00
id#154,1551.3245,5484.03,3564.62,1577.7259,5542.51,5896.51,-0.060036,-6.00,1.088407,No,0.00,0.00
id#155,1551.3245,6193.17,4025.56,1577.7259,6277.24,6953.63,-0.097271,-9.73,1.091543,No,0.00,0.00
id#156,1551.3245,5791.67,3764.58,1577.7259,5876.34,6484.50,-0.093787,-9.38,1.092667,No,0.00,0.00
id#157,1551.3245,5225.06,3396.29,1577.7259,5225.88,5517.97,-0.052935,-5.29,1.077091,No,0.00,0.00
id#158,1551.3245,5107.09,3319.61,1577.7259,5122.77,5286.38,-0.030949,-3.09,1.080229,No,0.00,0.00
id#159,1551.3245,5714.84,3714.65,1577.7259,5785.20,6536.06,-0.114880,-11.49,1.090181,No,0.00,0.00
id#160,1551.3245,3704.47,2407.91,1577.7259,3767.52,4914.23,-0.233346,-23.33,1.095251,No,0.00,0.00
id#161,1551.3245,3726.01,2421.90,1577.7259,3782.08,4529.69,-0.165048,-16.50,1.093129,No,0.00,0.00
id#162,1551.3245,4794.08,3116.15,1577.7259,4830.26,4832.96,-0.000558,-0.06,1.085050,No,0.00,0.00
id#163,1551.3245,3820.09,2483.06,1577.7259,3885.10,6864.07,-0.433994,-43.40,1.095251,No,0.00,0.00
id#164,1551.3245,4066.21,2643.04,1577.7259,4113.65,4363.80,-0.057325,-5.73,1.089487,No,0.00,0.00
id#165,1551.3245,4421.47,2873.96,1577.7259,4496.72,6015.49,-0.252476,-25.25,1.095251,No,0.00,0.00
id#166,1551.3245,5149.58,3347.23,1577.7259,5202.69,5324.47,-0.022872,-2.29,1.088030,No,0.00,0.00
id#167,1551.3245,3778.23,2455.85,1577.7259,3842.53,5636.59,-0.318287,-31.83,1.095251,No,0.00,0.00
id#168,1551.3245,4395.24,2856.90,1577.7259,4470.04,7487.65,-0.403012,-40.30,1.095251,No,0.00,0.00
id#169,1551.3245,5708.91,3710.79,1577.7259,5806.07,7251.69,-0.199350,-19.93,1.095251,No,0.00,0.00
id#170,1551.3245,5527.20,3592.68,1577.7259,5617.68,6643.57,-0.154419,-15.44,1.094552,No,0.00,0.00
id#171,1551.3245,3965.67,2577.69,1577.7259,4033.16,6660.99,-0.394510,-39.45,1.095251,No,0.00,0.00
id#172,1551.3245,4196.45,2727.69,1577.7259,4196.45,4649.54,-0.097449,-9.74,1.076923,No,0.00,0.00
id#173,1551.3245,3170.65,2060.92,1577.7259,3224.61,5304.18,-0.392062,-39.21,1.095251,No,0.00,0.00
id#174,1551.3245,3777.15,2455.15,1577.7259,3841.43,4795.35,-0.198926,-19.89,1.095251,No,0.00,0.00
id#175,1551.3245,4497.51,2923.38,1577.7259,4537.97,4547.44,-0.002082,-0.21,1.086612,No,0.00,0.00
id#176,1551.3245,4534.32,2947.31,1577.7259,4565.45,4567.10,-0.000363,-0.04,1.084316,No,0.00,0.00
id#177,1551.3245,4026.44,2617.19,1577.7259,4074.43,4313.64,-0.055453,-5.55,1.089758,No,0.00,0.00
id#178,1551.3245,5784.20,3759.73,1577.7259,5863.86,6417.71,-0.086300,-8.63,1.091754,No,0.00,0.00
id#179,1551.3245,6246.43,4060.18,1577.7259,6270.75,6384.99,-0.017892,-1.79,1.081116,No,0.00,0.00
id#180,1551.3245,3617.81,2351.58,1577.7259,3678.46,4663.14,-0.211162,-21.12,1.094976,No,0.00,0.00
id#181,1551.3245,3966.57,2578.27,1577.7259,4034.08,6673.52,-0.395510,-39.55,1.095251,No,0.00,0.00
id#182,1551.3245,3348.58,2176.58,1577.7259,3405.57,6535.06,-0.478877,-47.89,1.095251,No,0.00,0.00
id#183,1551.3245,4218.25,2741.86,1577.7259,4290.03,7284.33,-0.411060,-41.11,1.095251,No,0.00,0.00
id#184,1551.3245,3875.35,2518.98,1577.7259,3919.33,4280.74,-0.084428,-8.44,1.089144,No,0.00,0.00
id#185,1551.3245,3768.66,2449.63,1577.7259,3829.68,4680.46,-0.181772,-18.18,1.094360,No,0.00,0.00
id#186,1551.3245,6690.73,4348.98,1577.7259,6772.73,6918.69,-0.021096,-2.11,1.090122,No,0.00,0.00
id#187,1551.3245,4537.92,2949.65,1577.7259,4615.15,7802.97,-0.408539,-40.85,1.095251,No,0.00,0.00
id#188,1551.3245,4079.39,2651.60,1577.7259,4148.81,5986.63,-0.306986,-30.70,1.095251,No,0.00,0.00
id#189,1551.3245,6207.95,4035.17,1577.7259,6313.60,7568.48,-0.165802,-16.58,1.095251,No,0.00,0.00
id#190,1551.3245,5905.36,3838.48,1577.7259,6005.86,6830.24,-0.120696,-12.07,1.095251,No,0.00,0.00
id#191,1551.3245,5233.81,3401.98,1577.7259,5256.65,5322.10,-0.012296,-1.23,1.081623,No,0.00,0.00
id#192,1551.3245,4982.68,3238.74,1577.7259,5032.54,5158.75,-0.024466,-2.45,1.087699,No,0.00,0.00
id#193,1551.3245,3750.23,2437.65,1577.7259,3761.56,3891.22,-0.033320,-3.33,1.080177,No,0.00,0.00
id#194,1551.3245,4345.45,2824.54,1577.7259,4419.40,8138.38,-0.456968,-45.70,1.095251,No,0.00,0.00
id#195,1551.3245,4322.11,2809.37,1577.7259,4395.67,7595.14,-0.421252,-42.13,1.095251,No,0.00,0.00
id#196,1551.3245,4839.65,3145.77,1577.7259,4918.42,5785.98,-0.149941,-14.99,1.094451,No,0.00,0.00
id#197,1551.3245,4530.70,2944.95,1577.7259,4607.80,5868.16,-0.214779,-21.48,1.095251,No,0.00,0.00
id#198,1551.3245,3326.16,2162.01,1577.7259,3382.77,6788.37,-0.501681,-50.17,1.095251,No,0.00,0.00
id#199,1551.3245,3240.91,2106.59,1577.7259,3296.07,4964.03,-0.336010,-33.60,1.095251,No,0.00,0.00
id#200,1551.3245,4613.27,2998.62,1577.7259,4691.78,6050.99,-0.224626,-22.46,1.095251,No,0.00,0.00
id#201,1551.3245,5586.99,3631.55,1577.7259,5682.08,7275.53,-0.219015,-21.90,1.095251,No,0.00,0.00
id#202,1551.3245,4816.49,3130.72,1577.7259,4898.45,7485.30,-0.345590,-34.56,1.095251,No,0.00,0.00
id#203,1551.3245,2306.58,1499.28,1577.7259,2345.84,5364.76,-0.562732,-56.27,1.095251,No,0.00,0.00
id#204,1551.3245,3775.79,2454.26,1577.7259,3840.05,4844.25,-0.207298,-20.73,1.095251,No,0.00,0.00
id#205,1551.3245,3515.70,2285.21,1577.7259,3575.54,4453.81,-0.197197,-19.72,1.095251,No,0.00,0.00
id#206,1551.3245,6133.35,3986.67,1577.7259,6185.84,6299.21,-0.017998,-1.80,1.086140,No,0.00,0.00
id#207,1551.3245,3733.83,2426.99,1577.7259,3797.38,6588.28,-0.423616,-42.36,1.095251,No,0.00,0.00
id#208,1551.3245,5157.03,3352.07,1577.7259,5244.80,7467.00,-0.297603,-29.76,1.095251,No,0.00,0.00
id#209,1551.3245,4064.46,2641.90,1577.7259,4102.88,4224.87,-0.028874,-2.89,1.087103,No,0.00,0.00
id#210,1551.3245,5480.24,3562.16,1577.7259,5507.72,5547.54,-0.007179,-0.72,1.082323,No,0.00,0.00
id#211,1551.3245,4059.89,2638.93,1577.7259,4128.98,5033.82,-0.179752,-17.98,1.095251,No,0.00,0.00
id#212,1551.3245,3214.62,2089.51,1577.7259,3269.33,5192.62,-0.370389,-37.04,1.095251,No,0.00,0.00
id#213,1551.3245,6044.68,3929.04,1577.7259,6088.52,6089.86,-0.000220,-0.02,1.084734,No,0.00,0.00
id#214,1551.3245,6664.57,4331.97,1577.7259,6763.05,7059.73,-0.042024,-4.20,1.092837,No,0.00,0.00
id#215,1551.3245,6077.20,3950.18,1577.7259,6180.63,7259.03,-0.148560,-14.86,1.095251,No,0.00,0.00
id#216,1551.3245,5704.30,3707.79,1577.7259,5778.35,6158.77,-0.061768,-6.18,1.090904,No,0.00,0.00
id#217,1551.3245,4405.19,2863.37,1577.7259,4422.30,4508.12,-0.019037,-1.90,1.081107,No,0.00,0.00
id#218,1551.3245,5435.52,3533.09,1577.7259,5460.74,5520.55,-0.010835,-1.08,1.081919,No,0.00,0.00
id#219,1551.3245,5564.22,3616.74,1577.7259,5619.08,5823.02,-0.035022,-3.50,1.087541,No,0.00,0.00
id#220,1551.3245,6602.59,4291.68,1577.7259,6714.14,7205.20,-0.068154,-6.82,1.095118,No,0.00,0.00
id#221,1551.3245,5768.28,3749.38,1577.7259,5808.37,5808.37,-0.000000,-0.00,1.084407,No,0.00,0.00
id#222,1551.3245,5506.78,3579.41,1577.7259,5558.07,5604.70,-0.008320,-0.83,1.086954,No,0.00,0.00
id#223,1551.3245,3463.59,2251.33,1577.7259,3522.53,6603.69,-0.466582,-46.66,1.095251,No,0.00,0.00
id#224,1551.3245,4131.76,2685.65,1577.7259,4165.17,4209.75,-0.010589,-1.06,1.085631,No,0.00,0.00
id#225,1551.3245,3786.78,2461.41,1577.7259,3851.22,6059.76,-0.364459,-36.45,1.095251,No,0.00,0.00
id#226,1551.3245,4110.46,2671.80,1577.7259,4176.75,5178.55,-0.193452,-19.35,1.094291,No,0.00,0.00
id#227,1551.3245,4724.25,3070.76,1577.7259,4804.65,7158.39,-0.328809,-32.88,1.095251,No,0.00,0.00
id#228,1551.3245,4545.38,2954.49,1577.7259,4622.73,6339.74,-0.270833,-27.08,1.095251,No,0.00,0.00
id#229,1551.3245,4821.10,3133.72,1577.7259,4903.15,6787.56,-0.277627,-27.76,1.095251,No,0.00,0.00
id#230,1551.3245,3023.68,1965.39,1577.7259,3075.13,5918.31,-0.480404,-48.04,1.095251,No,0.00,0.00
id#231,1551.3245,6035.63,3923.16,1577.7259,6107.38,6518.58,-0.063081,-6.31,1.089727,No,0.00,0.00
id#232,1551.3245,4869.34,3165.07,1577.7259,4901.61,4906.54,-0.001005,-0.10,1.084060,No,0.00,0.00
id#233,1551.3245,3877.30,2520.25,1577.7259,3943.29,4872.83,-0.190759,-19.08,1.095251,No,0.00,0.00
id#234,1551.3245,5069.63,3295.26,1577.7259,5123.58,5390.28,-0.049478,-4.95,1.088382,No,0.00,0.00
id#235,1551.3245,5271.95,3426.77,1577.7259,5299.02,5337.28,-0.007169,-0.72,1.082451,No,0.00,0.00
id#236,1551.3245,4329.24,2814.00,1577.7259,4354.18,4368.01,-0.003166,-0.32,1.083128,No,0.00,0.00
id#237,1551.3245,5598.26,3638.87,1577.7259,5693.54,6765.43,-0.158437,-15.84,1.095251,No,0.00,0.00
id#238,1551.3245,3664.20,2381.73,1577.7259,3725.77,4961.40,-0.249050,-24.90,1.095019,No,0.00,0.00
id#239,1551.3245,5565.98,3617.89,1577.7259,5660.71,7726.27,-0.267342,-26.73,1.095251,No,0.00,0.00
id#240,1551.3245,3851.20,2503.28,1577.7259,3916.74,4613.87,-0.151094,-15.11,1.095251,No,0.00,0.00
id#241,1551.3245,5789.84,3763.40,1577.7259,5805.27,6008.11,-0.033761,-3.38,1.079793,No,0.00,0.00
id#242,1551.3245,6265.41,4072.52,1577.7259,6306.78,6312.49,-0.000905,-0.09,1.084034,No,0.00,0.00
id#243,1551.3245,3956.79,2571.91,1577.7259,4024.13,4947.07,-0.186562,-18.66,1.095251,No,0.00,0.00
id#244,1551.3245,3521.90,2289.23,1577.7259,3533.67,3633.49,-0.027471,-2.75,1.080523,No,0.00,0.00
id#245,1551.3245,3900.37,2535.24,1577.7259,3911.79,4053.80,-0.035030,-3.50,1.080076,No,0.00,0.00
id#246,1551.3245,3460.58,2249.37,1577.7259,3519.47,7818.86,-0.549874,-54.99,1.095251,No,0.00,0.00
id#247,1551.3245,6046.40,3930.16,1577.7259,6117.60,6765.87,-0.095815,-9.58,1.089604,No,0.00,0.00
id#248,1551.3245,4608.15,2995.30,1577.7259,4616.92,4838.82,-0.045857,-4.59,1.078974,No,0.00,0.00
id#249,1551.3245,5546.61,3605.30,1577.7259,5641.01,6603.10,-0.145704,-14.57,1.095251,No,0.00,0.00
id#250,1551.3245,3682.16,2393.41,1577.7259,3744.83,5477.17,-0.316284,-31.63,1.095251,No,0.00,0.00
id#251,1551.3245,5332.38,3466.05,1577.7259,5406.85,5640.63,-0.041445,-4.14,1.091964,No,0.00,0.00
id#252,1551.3245,5734.70,3727.55,1577.7259,5782.45,5782.90,-0.000077,-0.01,1.085891,No,0.00,0.00
id#253,1551.3245,4801.01,3120.66,1577.7259,4808.10,4950.09,-0.028684,-2.87,1.078513,No,0.00,0.00
id#254,1551.3245,3186.55,2071.25,1577.7259,3240.78,4980.57,-0.349316,-34.93,1.095251,No,0.00,0.00
id#255,1551.3245,3544.14,2303.69,1577.7259,3604.46,6742.38,-0.465402,-46.54,1.095251,No,0.00,0.00
id#256,1551.3245,4433.09,2881.51,1577.7259,4461.67,4461.67,-0.000001,-0.00,1.083867,No,0.00,0.00
id#257,1551.3245,6233.17,4051.56,1577.7259,6297.99,6460.18,-0.025105,-2.51,1.088123,No,0.00,0.00
id#258,1551.3245,4902.10,3186.36,1577.7259,4982.47,6126.10,-0.186682,-18.67,1.094580,No,0.00,0.00
id#259,1551.3245,5709.85,3711.40,1577.7259,5807.02,6531.24,-0.110886,-11.09,1.095251,No,0.00,0.00
id#260,1551.3245,4127.84,2683.10,1577.7259,4198.09,6458.52,-0.349992,-35.00,1.095251,No,0.00,0.00
id#261,1551.3245,3757.35,2442.28,1577.7259,3821.30,4735.03,-0.192973,-19.30,1.095251,No,0.00,0.00
id#262,1551.3245,5180.31,3367.20,1577.7259,5268.47,7371.37,-0.285280,-28.53,1.095251,No,0.00,0.00
id#263,1551.3245,3228.26,2098.37,1577.7259,3283.20,6695.05,-0.509607,-50.96,1.095251,No,0.00,0.00
id#264,1551.3245,4777.87,3105.61,1577.7259,4859.18,6706.95,-0.275501,-27.55,1.095251,No,0.00,0.00
id#265,1551.3245,4303.55,2797.31,1577.7259,4333.52,4333.77,-0.000057,-0.01,1.084422,No,0.00,0.00
id#266,1551.3245,4905.01,3188.26,1577.7259,4988.49,6284.66,-0.206244,-20.62,1.095251,No,0.00,0.00
id#267,1551.3245,6394.72,4156.57,1577.7259,6503.55,7309.40,-0.110248,-11.02,1.095251,No,0.00,0.00
id#268,1551.3245,5122.81,3329.82,1577.7259,5209.99,7024.78,-0.258341,-25.83,1.095251,No,0.00,0.00
id#269,1551.3245,6123.52,3980.29,1577.7259,6182.71,6300.11,-0.018634,-1.86,1.087333,No,0.00,0.00
id#270,1551.3245,2572.56,1672.16,1577.7259,2616.34,5931.07,-0.558875,-55.89,1.095251,No,0.00,0.00
id#271,1551.3245,4763.54,3096.30,1577.7259,4819.33,4854.25,-0.007194,-0.72,1.089535,No,0.00,0.00
id#272,1551.3245,3106.47,2019.20,1577.7259,3159.33,5232.74,-0.396237,-39.62,1.095251,No,0.00,0.00
id#273,1551.3245,5164.82,3357.13,1577.7259,5252.71,6586.22,-0.202470,-20.25,1.095251,No,0.00,0.00
id#274,1551.3245,4027.19,2617.68,1577.7259,4095.73,7630.97,-0.463275,-46.33,1.095251,No,0.00,0.00
id#275,1551.3245,3516.60,2285.79,1577.7259,3576.45,4731.21,-0.244074,-24.41,1.095251,No,0.00,0.00
id#276,1551.3245,6140.66,3991.43,1577.7259,6140.76,6521.37,-0.058364,-5.84,1.076941,No,0.00,0.00
id#277,1551.3245,3720.37,2418.24,1577.7259,3783.69,5113.87,-0.260113,-26.01,1.095251,No,0.00,0.00
id#278,1551.3245,4950.61,3217.89,1577.7259,5034.86,6670.80,-0.245239,-24.52,1.095251,No,0.00,0.00
id#279,1551.3245,3156.38,2051.65,1577.7259,3210.10,4970.47,-0.354167,-35.42,1.095251,No,0.00,0.00
id#280,1551.3245,3603.64,2342.36,1577.7259,3623.53,3632.23,-0.002395,-0.24,1.082868,No,0.00,0.00
id#281,1551.3245,4008.45,2605.49,1577.7259,4076.67,8025.97,-0.492065,-49.21,1.095251,No,0.00,0.00
id#282,1551.3245,2643.80,1718.47,1577.7259,2688.80,5863.80,-0.541459,-54.15,1.095251,No,0.00,0.00
id#283,1551.3245,4662.57,3030.67,1577.7259,4741.92,7390.58,-0.358384,-35.84,1.095251,No,0.00,0.00
id#284,1551.3245,5799.96,3769.97,1577.7259,5850.28,5872.85,-0.003843,-0.38,1.086268,No,0.00,0.00
id#285,1551.3245,3580.64,2327.41,1577.7259,3641.57,5696.20,-0.360701,-36.07,1.095251,No,0.00,0.00
id#286,1551.3245,4131.04,2685.18,1577.7259,4201.35,6630.06,-0.366318,-36.63,1.095251,No,0.00,0.00
id#287,1551.3245,4466.99,2903.54,1577.7259,4483.93,4577.13,-0.020362,-2.04,1.081008,No,0.00,0.00
id#288,1551.3245,2525.87,1641.81,1577.7259,2568.85,5213.09,-0.507230,-50.72,1.095251,No,0.00,0.00
id#289,1551.3245,5279.54,3431.70,1577.7259,5318.26,5324.70,-0.001209,-0.12,1.084821,No,0.00,0.00
id#290,1551.3245,4755.03,3090.77,1577.7259,4756.90,5027.42,-0.053809,-5.38,1.077346,No,0.00,0.00
id#291,1551.3245,3668.38,2384.44,1577.7259,3730.81,8274.97,-0.549146,-54.91,1.095251,No,0.00,0.00
id#292,1551.3245,4306.18,2799.02,1577.7259,4332.76,4339.21,-0.001486,-0.15,1.083572,No,0.00,0.00
id#293,1551.3245,6047.84,3931.10,1577.7259,6114.97,6312.00,-0.031215,-3.12,1.088878,No,0.00,0.00
id#294,1551.3245,5934.27,3857.28,1577.7259,6001.28,6061.42,-0.009921,-0.99,1.089084,No,0.00,0.00
id#295,1551.3245,3570.15,2320.59,1577.7259,3630.90,6283.96,-0.422195,-42.22,1.095251,No,0.00,0.00
id#296,1551.3245,5669.42,3685.12,1577.7259,5764.79,5907.32,-0.024127,-2.41,1.095040,No,0.00,0.00
id#297,1551.3245,4262.70,2770.76,1577.7259,4306.18,4416.69,-0.025019,-2.50,1.087908,No,0.00,0.00
id#298,1551.3245,3277.27,2130.22,1577.7259,3333.04,5428.95,-0.386061,-38.61,1.095251,No,0.00,0.00
id#299,1551.3245,4880.79,3172.51,1577.7259,4961.42,5574.48,-0.109976,-11.00,1.094713,No,0.00,0.00
id#300,1551.3245,6484.54,4214.95,1577.7259,6568.28,6781.99,-0.031511,-3.15,1.090829,No,0.00,0.00
id#301,1551.3245,6266.49,4073.22,1577.7259,6314.45,6314.89,-0.000071,-0.01,1.085165,No,0.00,0.00
id#302,1551.3245,3928.98,2553.84,1577.7259,3981.68,4665.93,-0.146648,-14.66,1.091368,No,0.00,0.00
id#303,1551.3245,3154.08,2050.15,1577.7259,3207.76,4990.70,-0.357253,-35.73,1.095251,No,0.00,0.00
id#304,1551.3245,6153.62,3999.86,1577.7259,6215.04,6388.57,-0.027162,-2.72,1.087671,No,0.00,0.00
id#305,1551.3245,3831.51,2490.48,1577.7259,3896.71,6925.57,-0.437344,-43.73,1.095251,No,0.00,0.00
id#306,1551.3245,5094.13,3311.19,1577.7259,5180.83,5724.81,-0.095021,-9.50,1.095251,No,0.00,0.00
id#307,1551.3245,4958.21,3222.83,1577.7259,4958.21,5287.91,-0.062351,-6.24,1.076923,No,0.00,0.00
id#308,1551.3245,5399.71,3509.81,1577.7259,5404.72,5813.29,-0.070281,-7.03,1.077923,No,0.00,0.00
id#309,1551.3245,6302.19,4096.43,1577.7259,6409.45,6953.90,-0.078295,-7.83,1.095251,No,0.00,0.00
id#310,1551.3245,6276.86,4079.96,1577.7259,6348.33,6613.35,-0.040074,-4.01,1.089186,No,0.00,0.00
id#311,1551.3245,5290.71,3438.96,1577.7259,5369.61,6624.85,-0.189475,-18.95,1.092982,No,0.00,0.00
id#312,1551.3245,3757.05,2442.08,1577.7259,3820.99,6403.84,-0.403329,-40.33,1.095251,No,0.00,0.00
id#313,1551.3245,3140.61,2041.40,1577.7259,3194.06,7074.45,-0.548508,-54.85,1.095251,No,0.00,0.00
id#314,1551.3245,5890.65,3828.92,1577.7259,5959.16,6580.62,-0.094439,-9.44,1.089448,No,0.00,0.00
id#315,1551.3245,4184.85,2720.15,1577.7259,4256.07,8118.67,-0.475768,-47.58,1.095251,No,0.00,0.00
id#316,1551.3245,5073.65,3297.87,1577.7259,5160.00,7717.45,-0.331386,-33.14,1.095251,No,0.00,0.00
id#317,1551.3245,5165.27,3357.43,1577.7259,5178.17,5361.07,-0.034116,-3.41,1.079612,No,0.00,0.00
id#318,1551.3245,4046.78,2630.41,1577.7259,4115.65,7101.05,-0.420417,-42.04,1.095251,No,0.00,0.00
id#319,1551.3245,5040.20,3276.13,1577.7259,5087.79,5276.10,-0.035690,-3.57,1.087093,No,0.00,0.00
id#320,1551.3245,5155.16,3350.86,1577.7259,5207.74,5228.68,-0.004006,-0.40,1.087906,No,0.00,0.00
id#321,1551.3245,4797.58,3118.43,1577.7259,4827.20,4835.89,-0.001797,-0.18,1.083572,No,0.00,0.00
id#322,1551.3245,6554.04,4260.13,1577.7259,6616.70,6645.42,-0.004322,-0.43,1.087218,No,0.00,0.00
id#323,1551.3245,5902.92,3836.90,1577.7259,5938.23,5957.81,-0.003286,-0.33,1.083366,No,0.00,0.00
id#324,1551.3245,4050.11,2632.57,1577.7259,4119.04,4901.00,-0.159552,-15.96,1.095251,No,0.00,0.00
id#325,1551.3245,3301.10,2145.72,1577.7259,3357.28,7461.36,-0.550044,-55.00,1.095251,No,0.00,0.00
id#326,1551.3245,3252.45,2114.09,1577.7259,3307.80,6029.09,-0.451360,-45.14,1.095251,No,0.00,0.00
id#327,1551.3245,3600.48,2340.31,1577.7259,3661.75,5016.36,-0.270038,-27.00,1.095251,No,0.00,0.00
id#328,1551.3245,2304.35,1497.83,1577.7259,2343.57,5387.63,-0.565009,-56.50,1.095251,No,0.00,0.00
id#329,1551.3245,3456.89,2246.98,1577.7259,3515.72,6662.76,-0.472333,-47.23,1.095251,No,0.00,0.00
id#330,1551.3245,3828.20,2488.33,1577.7259,3884.92,4380.14,-0.113062,-11.31,1.092878,No,0.00,0.00
id#331,1551.3245,5913.20,3843.58,1577.7259,5915.34,6246.87,-0.053071,-5.31,1.077313,No,0.00,0.00
id#332,1551.3245,3815.64,2480.16,1577.7259,3880.57,6555.78,-0.408068,-40.81,1.095251,No,0.00,0.00
id#333,1551.3245,4484.27,2914.77,1577.7259,4560.58,5870.70,-0.223162,-22.32,1.095251,No,0.00,0.00
id#334,1551.3245,3222.25,2094.46,1577.7259,3277.08,6675.59,-0.509094,-50.91,1.095251,No,0.00,0.00
id#335,1551.3245,4831.27,3140.33,1577.7259,4848.68,4931.34,-0.016762,-1.68,1.080804,No,0.00,0.00
id#336,1551.3245,4895.67,3182.19,1577.7259,4978.99,6502.34,-0.234277,-23.43,1.095251,No,0.00,0.00
id#337,1551.3245,3775.37,2453.99,1577.7259,3838.71,4469.77,-0.141185,-14.12,1.094990,No,0.00,0.00
id#338,1551.3245,3747.05,2435.58,1577.7259,3810.82,5681.71,-0.329283,-32.93,1.095251,No,0.00,0.00
id#339,1551.3245,6513.81,4233.98,1577.7259,6567.61,6578.82,-0.001703,-0.17,1.085818,No,0.00,0.00
id#340,1551.3245,4016.42,2610.67,1577.7259,4084.77,7260.35,-0.437386,-43.74,1.095251,No,0.00,0.00
id#341,1551.3245,5416.21,3520.54,1577.7259,5508.39,7317.90,-0.247272,-24.73,1.095251,No,0.00,0.00
id#342,1551.3245,4200.56,2730.36,1577.7259,4231.39,4233.63,-0.000528,-0.05,1.084829,No,0.00,0.00
id#343,1551.3245,6045.88,3929.82,1577.7259,6099.14,6100.11,-0.000160,-0.02,1.086409,No,0.00,0.00
id#344,1551.3245,3548.15,2306.30,1577.7259,3608.54,7867.93,-0.541361,-54.14,1.095251,No,0.00,0.00
id#345,1551.3245,5434.65,3532.52,1577.7259,5465.39,5484.51,-0.003486,-0.35,1.083015,No,0.00,0.00
id#346,1551.3245,3631.78,2360.65,1577.7259,3693.58,5684.47,-0.350233,-35.02,1.095251,No,0.00,0.00
id#347,1551.3245,4156.38,2701.64,1577.7259,4191.88,4201.04,-0.002182,-0.22,1.086122,No,0.00,0.00
id#348,1551.3245,5258.82,3418.24,1577.7259,5285.57,5311.66,-0.004912,-0.49,1.082399,No,0.00,0.00
id#349,1551.3245,6581.24,4277.80,1577.7259,6642.12,6678.96,-0.005516,-0.55,1.086886,No,0.00,0.00
id#350,1551.3245,4929.74,3204.33,1577.7259,4993.67,5667.85,-0.118948,-11.89,1.090889,No,0.00,0.00
id#351,1551.3245,4481.88,2913.22,1577.7259,4481.88,5220.99,-0.141566,-14.16,1.076923,No,0.00,0.00
id#352,1551.3245,5763.27,3746.12,1577.7259,5784.13,5920.45,-0.023026,-2.30,1.080822,No,0.00,0.00
id#353,1551.3245,4582.57,2978.67,1577.7259,4611.21,4621.48,-0.002224,-0.22,1.083653,No,0.00,0.00
id#354,1551.3245,4587.11,2981.62,1577.7259,4665.18,7435.00,-0.372538,-37.25,1.095251,No,0.00,0.00
id#355,1551.3245,3699.08,2404.40,1577.7259,3748.41,4469.71,-0.161376,-16.14,1.091285,No,0.00,0.00
id#356,1551.3245,4015.83,2610.29,1577.7259,4059.11,4190.92,-0.031451,-3.15,1.088530,No,0.00,0.00
id#357,1551.3245,3677.05,2390.08,1577.7259,3739.62,6976.60,-0.463976,-46.40,1.095251,No,0.00,0.00
id#358,1551.3245,3346.86,2175.46,1577.7259,3400.79,4592.24,-0.259449,-25.94,1.094277,No,0.00,0.00
id#359,1551.3245,3513.04,2283.48,1577.7259,3513.04,4026.77,-0.127578,-12.76,1.076923,No,0.00,0.00
id#360,1551.3245,4193.40,2725.71,1577.7259,4264.76,5141.42,-0.170509,-17.05,1.095251,No,0.00,0.00
id#361,1551.3245,4516.21,2935.54,1577.7259,4555.67,4569.16,-0.002951,-0.30,1.086334,No,0.00,0.00
id#362,1551.3245,3788.34,2462.42,1577.7259,3852.81,7701.88,-0.499757,-49.98,1.095251,No,0.00,0.00
id#363,1551.3245,4426.72,2877.37,1577.7259,4479.56,4505.58,-0.005775,-0.58,1.089779,No,0.00,0.00
id#364,1551.3245,3107.19,2019.67,1577.7259,3160.07,5078.52,-0.377759,-37.78,1.095251,No,0.00,0.00
id#365,1551.3245,3765.18,2447.37,1577.7259,3829.26,5437.66,-0.295789,-29.58,1.095251,No,0.00,0.00
id#366,1551.3245,3712.63,2413.21,1577.7259,3775.81,5804.40,-0.349492,-34.95,1.095251,No,0.00,0.00
id#367,1551.3245,4875.60,3169.14,1577.7259,4958.57,5710.85,-0.131728,-13.17,1.095251,No,0.00,0.00
id#368,1551.3245,5549.67,3607.28,1577.7259,5549.67,5850.85,-0.051476,-5.15,1.076923,No,0.00,0.00
id#369,1551.3245,5301.65,3446.07,1577.7259,5391.88,6897.76,-0.218315,-21.83,1.095251,No,0.00,0.00
id#370,1551.3245,5390.08,3503.55,1577.7259,5411.83,5507.80,-0.017424,-1.74,1.081270,No,0.00,0.00
id#371,1551.3245,5220.04,3393.02,1577.7259,5289.65,5864.40,-0.098008,-9.80,1.091284,No,0.00,0.00
id#372,1551.3245,3172.49,2062.12,1577.7259,3226.48,5616.48,-0.425533,-42.55,1.095251,No,0.00,0.00
id#373,1551.3245,5153.40,3349.71,1577.7259,5198.03,5198.90,-0.000168,-0.02,1.086249,No,0.00,0.00
id#374,1551.3245,4079.52,2651.69,1577.7259,4112.20,4128.50,-0.003950,-0.40,1.085549,No,0.00,0.00
id#375,1551.3245,4713.51,3063.78,1577.7259,4749.93,4750.03,-0.000020,-0.00,1.085243,No,0.00,0.00
id#376,1551.3245,3653.23,2374.60,1577.7259,3670.06,3710.88,-0.011002,-1.10,1.081883,No,0.00,0.00
id#377,1551.3245,4252.80,2764.32,1577.7259,4283.62,4283.69,-0.000018,-0.00,1.084727,No,0.00,0.00
id#378,1551.3245,3916.03,2545.42,1577.7259,3963.57,4206.23,-0.057692,-5.77,1.089995,No,0.00,0.00
id#379,1551.3245,5414.14,3519.19,1577.7259,5467.64,5727.97,-0.045449,-4.54,1.087565,No,0.00,0.00
id#380,1551.3245,4976.23,3234.55,1577.7259,5060.92,7335.05,-0.310036,-31.00,1.095251,No,0.00,0.00
id#381,1551.3245,4186.00,2720.90,1577.7259,4208.93,4230.39,-0.005073,-0.51,1.082823,No,0.00,0.00
id#382,1551.3245,5892.39,3830.05,1577.7259,5925.97,5950.40,-0.004106,-0.41,1.083060,No,0.00,0.00
id#383,1551.3245,5108.35,3320.43,1577.7259,5159.24,5341.67,-0.034151,-3.42,1.087652,No,0.00,0.00
id#384,1551.3245,5769.94,3750.46,1577.7259,5819.81,5821.00,-0.000205,-0.02,1.086230,No,0.00,0.00
id#385,1551.3245,3397.00,2208.05,1577.7259,3454.81,4757.34,-0.273792,-27.38,1.095251,No,0.00,0.00
id#386,1551.3245,3081.78,2003.16,1577.7259,3134.23,6629.70,-0.527244,-52.72,1.095251,No,0.00,0.00
id#387,1551.3245,4153.46,2699.75,1577.7259,4224.15,5867.87,-0.280122,-28.01,1.095251,No,0.00,0.00
id#388,1551.3245,5706.91,3709.49,1577.7259,5769.79,5971.55,-0.033787,-3.38,1.088788,No,0.00,0.00
id#389,1551.3245,4584.04,2979.63,1577.7259,4662.05,6344.29,-0.265158,-26.52,1.095251,No,0.00,0.00
id#390,1551.3245,3737.76,2429.55,1577.7259,3760.56,3764.01,-0.000916,-0.09,1.083493,No,0.00,0.00
id#391,1551.3245,3976.45,2584.69,1577.7259,3995.92,4024.80,-0.007176,-0.72,1.082196,No,0.00,0.00
id#392,1551.3245,2732.34,1776.02,1577.7259,2778.84,5094.44,-0.454536,-45.45,1.095251,No,0.00,0.00
id#393,1551.3245,3090.45,2008.79,1577.7259,3143.04,4825.12,-0.348608,-34.86,1.095251,No,0.00,0.00
id#394,1551.3245,5027.72,3268.02,1577.7259,5067.67,5083.69,-0.003151,-0.32,1.085479,No,0.00,0.00
id#395,1551.3245,4989.87,3243.41,1577.7259,5066.62,5478.52,-0.075184,-7.52,1.093488,No,0.00,0.00
id#396,1551.3245,3546.25,2305.06,1577.7259,3606.60,4639.27,-0.222593,-22.26,1.095251,No,0.00,0.00
id#397,1551.3245,4590.26,2983.67,1577.7259,4668.38,6997.13,-0.332815,-33.28,1.095251,No,0.00,0.00
id#398,1551.3245,6276.81,4079.93,1577.7259,6383.64,7415.04,-0.139096,-13.91,1.095251,No,0.00,0.00
id#399,1551.3245,5077.13,3300.13,1577.7259,5163.53,5958.76,-0.133455,-13.35,1.095251,No,0.00,0.00
id#400,1551.3245,4682.92,3043.90,1577.7259,4754.42,6049.66,-0.214102,-21.41,1.093367,No,0.00,0.00
id#401,1551.3245,3190.92,2074.10,1577.7259,3245.22,6980.41,-0.535096,-53.51,1.095251,No,0.00,0.00
id#402,1551.3245,4558.71,2963.16,1577.7259,4636.29,7402.20,-0.373661,-37.37,1.095251,No,0.00,0.00
id#403,1551.3245,4245.94,2759.86,1577.7259,4318.20,7666.88,-0.436773,-43.68,1.095251,No,0.00,0.00
id#404,1551.3245,4992.29,3244.99,1577.7259,5077.26,7420.79,-0.315807,-31.58,1.095251,No,0.00,0.00
id#405,1551.3245,3727.17,2422.66,1577.7259,3727.17,4062.54,-0.082553,-8.26,1.076923,No,0.00,0.00
id#406,1551.3245,5340.41,3471.27,1577.7259,5409.62,6060.85,-0.107447,-10.74,1.090880,No,0.00,0.00
id#407,1551.3245,4922.54,3199.65,1577.7259,4922.54,5399.53,-0.088339,-8.83,1.076923,No,0.00,0.00
id#408,1551.3245,2796.32,1817.61,1577.7259,2843.91,4784.56,-0.405608,-40.56,1.095251,No,0.00,0.00
id#409,1551.3245,6287.64,4086.97,1577.7259,6341.46,6428.00,-0.013463,-1.35,1.086140,No,0.00,0.00
id#410,1551.3245,3893.78,2530.96,1577.7259,3960.05,5994.75,-0.339413,-33.94,1.095251,No,0.00,0.00
id#411,1551.3245,3532.33,2296.01,1577.7259,3592.45,6615.48,-0.456963,-45.70,1.095251,No,0.00,0.00
id#412,1551.3245,4170.87,2711.06,1577.7259,4219.75,4425.31,-0.046451,-4.65,1.089545,No,0.00,0.00
id#413,1551.3245,4347.35,2825.78,1577.7259,4421.34,5471.26,-0.191898,-19.19,1.095251,No,0.00,0.00
id#414,1551.3245,3592.36,2335.03,1577.7259,3653.50,5025.02,-0.272939,-27.29,1.095251,No,0.00,0.00
id#415,1551.3245,4975.11,3233.82,1577.7259,5051.84,5240.96,-0.036084,-3.61,1.093532,No,0.00,0.00
id#416,1551.3245,3588.75,2332.69,1577.7259,3649.83,5650.03,-0.354016,-35.40,1.095251,No,0.00,0.00
id#417,1551.3245,5448.45,3541.49,1577.7259,5448.45,5832.43,-0.065836,-6.58,1.076923,No,0.00,0.00
id#418,1551.3245,6038.92,3925.30,1577.7259,6141.70,7515.49,-0.182795,-18.28,1.095251,No,0.00,0.00
id#419,1551.3245,4092.21,2659.94,1577.7259,4098.33,4348.48,-0.057526,-5.75,1.078533,No,0.00,0.00
id#420,1551.3245,5313.28,3453.63,1577.7259,5313.28,5704.70,-0.068613,-6.86,1.076923,No,0.00,0.00
id#421,1551.3245,6031.51,3920.48,1577.7259,6063.96,6099.49,-0.005825,-0.58,1.082717,No,0.00,0.00
id#422,1551.3245,5057.88,3287.62,1577.7259,5068.35,5337.05,-0.050346,-5.03,1.079153,No,0.00,0.00
id#423,1551.3245,4787.74,3112.03,1577.7259,4831.44,4896.28,-0.013243,-1.32,1.086753,No,0.00,0.00
id#424,1551.3245,5084.66,3305.03,1577.7259,5107.14,5174.92,-0.013099,-1.31,1.081684,No,0.00,0.00
id#425,1551.3245,5494.25,3571.26,1577.7259,5558.09,5838.21,-0.047980,-4.80,1.089437,No,0.00,0.00
id#426,1551.3245,4150.36,2697.73,1577.7259,4220.99,8373.24,-0.495896,-49.59,1.095251,No,0.00,0.00
id#427,1551.3245,4159.59,2703.73,1577.7259,4179.87,4207.72,-0.006617,-0.66,1.082176,No,0.00,0.00
id#428,1551.3245,4831.16,3140.25,1577.7259,4831.16,5485.38,-0.119267,-11.93,1.076923,No,0.00,0.00
id#429,1551.3245,5842.23,3797.45,1577.7259,5887.57,5896.13,-0.001451,-0.15,1.085282,No,0.00,0.00
id#430,1551.3245,5305.57,3448.62,1577.7259,5351.73,5394.55,-0.007938,-0.79,1.086292,No,0.00,0.00
id#431,1551.3245,4260.52,2769.34,1577.7259,4333.03,5129.98,-0.155352,-15.54,1.095251,No,0.00,0.00
id#432,1551.3245,4631.03,3010.17,1577.7259,4651.10,4717.12,-0.013995,-1.40,1.081590,No,0.00,0.00
id#433,1551.3245,5665.18,3682.37,1577.7259,5732.73,5964.75,-0.038899,-3.89,1.089763,No,0.00,0.00
id#434,1551.3245,5185.80,3370.77,1577.7259,5212.90,5241.75,-0.005504,-0.55,1.082550,No,0.00,0.00
id#435,1551.3245,4728.55,3073.55,1577.7259,4801.57,5975.31,-0.196432,-19.64,1.093554,No,0.00,0.00
id#436,1551.3245,3967.50,2578.87,1577.7259,4035.02,5531.28,-0.270509,-27.05,1.095251,No,0.00,0.00
id#437,1551.3245,3797.40,2468.31,1577.7259,3862.02,7879.10,-0.509840,-50.98,1.095251,No,0.00,0.00
id#438,1551.3245,6102.59,3966.68,1577.7259,6175.84,6408.89,-0.036363,-3.64,1.089850,No,0.00,0.00
id#439,1551.3245,5325.42,3461.52,1577.7259,5416.05,7390.17,-0.267128,-26.71,1.095251,No,0.00,0.00
id#440,1551.3245,2791.48,1814.46,1577.7259,2838.99,6041.24,-0.530065,-53.01,1.095251,No,0.00,0.00
id#441,1551.3245,5313.69,3453.90,1577.7259,5377.85,6010.12,-0.105201,-10.52,1.089927,No,0.00,0.00
id#442,1551.3245,2678.39,1740.95,1577.7259,2723.97,6176.91,-0.559007,-55.90,1.095251,No,0.00,0.00
id#443,1551.3245,5771.84,3751.70,1577.7259,5817.27,5822.47,-0.000894,-0.09,1.085399,No,0.00,0.00
id#444,1551.3245,4480.69,2912.45,1577.7259,4556.90,4730.58,-0.036715,-3.67,1.095241,No,0.00,0.00
id#445,1551.3245,4092.59,2660.18,1577.7259,4162.24,5821.62,-0.285038,-28.50,1.095251,No,0.00,0.00
id#446,1551.3245,5544.73,3604.07,1577.7259,5583.20,5583.22,-0.000003,-0.00,1.084395,No,0.00,0.00
id#447,1551.3245,6370.02,4140.51,1577.7259,6418.25,6424.34,-0.000947,-0.09,1.085078,No,0.00,0.00
id#448,1551.3245,4848.60,3151.59,1577.7259,4848.60,5168.34,-0.061865,-6.19,1.076923,No,0.00,0.00
id#449,1551.3245,5349.94,3477.46,1577.7259,5349.94,5898.04,-0.092929,-9.29,1.076923,No,0.00,0.00
id#450,1551.3245,3708.08,2410.25,1577.7259,3771.18,6090.07,-0.380765,-38.08,1.095251,No,0.00,0.00
id#451,1551.3245,4361.88,2835.22,1577.7259,4376.90,4493.46,-0.025941,-2.59,1.080632,No,0.00,0.00
id#452,1551.3245,4665.67,3032.68,1577.7259,4745.07,6767.45,-0.298839,-29.88,1.095251,No,0.00,0.00
id#453,1551.3245,3461.16,2249.76,1577.7259,3520.07,8031.41,-0.561712,-56.17,1.095251,No,0.00,0.00
id#454,1551.3245,5286.70,3436.36,1577.7259,5301.57,5475.61,-0.031785,-3.18,1.079950,No,0.00,0.00
id#455,1551.3245,3947.85,2566.10,1577.7259,3966.98,3998.16,-0.007798,-0.78,1.082141,No,0.00,0.00
id#456,1551.3245,4464.68,2902.04,1577.7259,4540.66,7591.29,-0.401859,-40.19,1.095251,No,0.00,0.00
id#457,1551.3245,5098.20,3313.83,1577.7259,5176.31,5567.76,-0.070308,-7.03,1.093422,No,0.00,0.00
id#458,1551.3245,2581.18,1677.77,1577.7259,2625.11,4944.74,-0.469111,-46.91,1.095251,No,0.00,0.00
id#459,1551.3245,3423.17,2225.06,1577.7259,3481.43,6077.64,-0.427174,-42.72,1.095251,No,0.00,0.00
id#460,1551.3245,5779.68,3756.79,1577.7259,5817.14,5827.18,-0.001723,-0.17,1.083903,No,0.00,0.00
id#461,1551.3245,3484.52,2264.94,1577.7259,3543.82,7592.45,-0.533244,-53.32,1.095251,No,0.00,0.00
id#462,1551.3245,4191.85,2724.70,1577.7259,4263.19,7337.07,-0.418952,-41.90,1.095251,No,0.00,0.00
id#463,1551.3245,3044.38,1978.85,1577.7259,3096.19,5657.10,-0.452689,-45.27,1.095251,No,0.00,0.00
id#464,1551.3245,4094.53,2661.45,1577.7259,4156.64,4893.97,-0.150660,-15.07,1.093260,No,0.00,0.00
id#465,1551.3245,4233.16,2751.55,1577.7259,4276.25,4294.90,-0.004343,-0.43,1.087884,No,0.00,0.00
id#466,1551.3245,4372.88,2842.37,1577.7259,4372.88,4777.60,-0.084714,-8.47,1.076923,No,0.00,0.00
id#467,1551.3245,4981.69,3238.10,1577.7259,4981.69,5471.43,-0.089508,-8.95,1.076923,No,0.00,0.00
id#468,1551.3245,4179.16,2716.45,1577.7259,4250.28,6687.75,-0.364468,-36.45,1.095251,No,0.00,0.00
id#469,1551.3245,5047.69,3281.00,1577.7259,5130.95,5689.78,-0.098216,-9.82,1.094686,No,0.00,0.00
id#470,1551.3245,5504.00,3577.60,1577.7259,5536.64,5540.04,-0.000613,-0.06,1.083310,No,0.00,0.00
id#471,1551.3245,5889.16,3827.95,1577.7259,5953.18,6391.20,-0.068534,-6.85,1.088630,No,0.00,0.00
id#472,1551.3245,4391.11,2854.22,1577.7259,4407.69,4500.12,-0.020541,-2.05,1.080987,No,0.00,0.00
id#473,1551.3245,4504.65,2928.02,1577.7259,4581.31,6072.41,-0.245553,-24.56,1.095251,No,0.00,0.00
id#474,1551.3245,3632.12,2360.88,1577.7259,3693.94,5858.62,-0.369487,-36.95,1.095251,No,0.00,0.00
id#475,1551.3245,5054.66,3285.53,1577.7259,5091.16,5091.56,-0.000079,-0.01,1.084698,No,0.00,0.00
id#476,1551.3245,4227.66,2747.98,1577.7259,4299.61,6913.40,-0.378076,-37.81,1.095251,No,0.00,0.00
id#477,1551.3245,4256.27,2766.58,1577.7259,4328.71,5377.37,-0.195014,-19.50,1.095251,No,0.00,0.00
id#478,1551.3245,4839.39,3145.60,1577.7259,4921.75,6132.05,-0.197374,-19.74,1.095251,No,0.00,0.00
id#479,1551.3245,4022.75,2614.79,1577.7259,4022.75,4399.87,-0.085711,-8.57,1.076923,No,0.00,0.00
id#480,1551.3245,4539.21,2950.49,1577.7259,4616.46,7362.27,-0.372957,-37.30,1.095251,No,0.00,0.00
id#481,1551.3245,2996.95,1948.01,1577.7259,3047.95,6783.58,-0.550687,-55.07,1.095251,No,0.00,0.00
id#482,1551.3245,4290.07,2788.55,1577.7259,4363.08,7155.38,-0.390237,-39.02,1.095251,No,0.00,0.00
id#483,1551.3245,3323.21,2160.09,1577.7259,3379.77,6028.63,-0.439380,-43.94,1.095251,No,0.00,0.00
id#484,1551.3245,4123.10,2680.02,1577.7259,4193.27,7326.05,-0.427622,-42.76,1.095251,No,0.00,0.00
id#485,1551.3245,4035.94,2623.36,1577.7259,4067.04,4097.65,-0.007470,-0.75,1.085222,No,0.00,0.00
id#486,1551.3245,3920.66,2548.43,1577.7259,3976.37,4636.80,-0.142433,-14.24,1.092224,No,0.00,0.00
id#487,1551.3245,3944.87,2564.17,1577.7259,4012.01,5796.61,-0.307871,-30.79,1.095251,No,0.00,0.00
id#488,1551.3245,4773.80,3102.97,1577.7259,4855.04,7410.33,-0.344828,-34.48,1.095251,No,0.00,0.00
id#489,1551.3245,4900.66,3185.43,1577.7259,4913.22,5122.41,-0.040839,-4.08,1.079683,No,0.00,0.00
id#490,1551.3245,4355.28,2830.93,1577.7259,4377.38,4401.39,-0.005456,-0.55,1.082388,No,0.00,0.00
id#491,1551.3245,4441.22,2886.79,1577.7259,4516.80,6564.42,-0.311927,-31.19,1.095251,No,0.00,0.00
id#492,1551.3245,3932.44,2556.09,1577.7259,3999.37,5719.52,-0.300751,-30.08,1.095251,No,0.00,0.00
id#493,1551.3245,4587.89,2982.13,1577.7259,4637.18,4685.76,-0.010367,-1.04,1.088493,No,0.00,0.00
id#494,1551.3245,3781.65,2458.07,1577.7259,3846.01,5187.32,-0.258576,-25.86,1.095251,No,0.00,0.00
id#495,1551.3245,3459.64,2248.77,1577.7259,3518.52,7312.48,-0.518833,-51.88,1.095251,No,0.00,0.00
id#496,1551.3245,2866.74,1863.38,1577.7259,2915.53,5620.58,-0.481276,-48.13,1.095251,No,0.00,0.00
id#497,1551.3245,6778.31,4405.90,1577.7259,6866.14,6953.43,-0.012554,-1.26,1.090876,No,0.00,0.00
id#498,1551.3245,3753.47,2439.76,1577.7259,3817.35,5210.47,-0.267368,-26.74,1.095251,No,0.00,0.00
id#499,1551.3245,3717.32,2416.26,1577.7259,3772.03,4510.86,-0.163789,-16.38,1.092771,No,0.00,0.00
