position_id,seed_price,position_value_at_seed,loan_amount,close_price,position_value_at_close,hold_value,impermanent_loss,impermanent_loss_pct,health_factor,should_liquidate,repay_amount,collateral_to_take
id#0,12.2306,39.29,25.54,11.8148,37.95,3368.65,-0.988734,-98.87,1.040315,No,0.00,0.00
id#1,12.2306,44.90,29.19,11.8148,43.37,3979.13,-0.989099,-98.91,1.040315,No,0.00,0.00
id#2,12.2306,32.83,21.34,11.8148,31.72,4207.97,-0.992463,-99.25,1.040315,No,0.00,0.00
id#3,12.2306,27.92,18.15,11.8148,26.97,5348.91,-0.994957,-99.50,1.040315,No,0.00,0.00
id#4,12.2306,22.98,14.94,11.8148,22.20,4015.95,-0.994472,-99.45,1.040315,No,0.00,0.00
id#5,12.2306,23.50,15.27,11.8148,22.70,4382.89,-0.994821,-99.48,1.040315,No,0.00,0.00
id#6,12.2306,65.43,42.53,11.8148,63.20,3610.15,-0.982493,-98.25,1.040315,No,0.00,0.00
id#7,12.2306,45.74,29.73,11.8148,44.18,4678.90,-0.990557,-99.06,1.040315,No,0.00,0.00
id#8,12.2306,58.95,38.32,11.8148,56.95,2867.33,-0.980139,-98.01,1.040315,No,0.00,0.00
id#9,12.2306,27.30,17.75,11.8148,26.37,3857.96,-0.993164,-99.32,1.040315,No,0.00,0.00
id#10,12.2306,44.27,28.77,11.8148,42.76,3899.98,-0.989035,-98.90,1.040315,No,0.00,0.00
id#11,12.2306,63.85,41.51,11.8148,61.68,3101.68,-0.980113,-98.01,1.040315,No,0.00,0.00
id#12,12.2306,35.82,23.29,11.8148,34.61,3958.72,-0.991258,-99.13,1.040315,No,0.00,0.00
id#13,12.2306,45.25,29.41,11.8148,43.71,4598.79,-0.990496,-99.05,1.040315,No,0.00,0.00
id#14,12.2306,24.71,16.06,11.8148,23.87,3635.40,-0.993435,-99.34,1.040315,No,0.00,0.00
id#15,12.2306,37.40,24.31,11.8148,36.13,4908.91,-0.992641,-99.26,1.040315,No,0.00,0.00
id#16,12.2306,56.07,36.44,11.8148,54.16,3934.97,-0.986236,-98.62,1.040315,No,0.00,0.00
id#17,12.2306,36.52,23.74,11.8148,35.28,4431.62,-0.992039,-99.20,1.040315,No,0.00,0.00
id#18,12.2306,32.10,20.87,11.8148,31.01,3581.98,-0.991343,-99.13,1.040315,No,0.00,0.00
id#19,12.2306,27.71,18.01,11.8148,26.77,6679.30,-0.995992,-99.60,1.040315,No,0.00,0.00
id#20,12.2306,41.01,26.65,11.8148,39.61,3654.26,-0.989160,-98.92,1.040315,No,0.00,0.00
id#21,12.2306,28.04,18.22,11.8148,27.08,3770.28,-0.992817,-99.28,1.040315,No,0.00,0.00
id#22,12.2306,30.16,19.61,11.8148,29.14,3036.82,-0.990406,-99.04,1.040315,No,0.00,0.00
id#23,12.2306,25.19,16.37,11.8148,24.33,3770.31,-0.993546,-99.35,1.040315,No,0.00,0.00
id#24,12.2306,49.37,32.09,11.8148,47.69,3777.36,-0.987374,-98.74,1.040315,No,0.00,0.00
id#25,12.2306,49.62,32.26,11.8148,47.94,2255.08,-0.978742,-97.87,1.040315,No,0.00,0.00
id#26,12.2306,45.40,29.51,11.8148,43.86,5100.65,-0.991402,-99.14,1.040315,No,0.00,0.00
id#27,12.2306,53.79,34.96,11.8148,51.96,3294.88,-0.984231,-98.42,1.040315,No,0.00,0.00
id#28,12.2306,35.33,22.96,11.8148,34.13,4987.16,-0.993157,-99.32,1.040315,No,0.00,0.00
id#29,12.2306,41.45,26.94,11.8148,40.04,5460.75,-0.992668,-99.27,1.040315,No,0.00,0.00
id#30,12.2306,42.36,27.53,11.8148,40.92,2879.61,-0.985791,-98.58,1.040315,No,0.00,0.00
id#31,12.2306,33.39,21.70,11.8148,32.25,2601.84,-0.987604,-98.76,1.040315,No,0.00,0.00
id#32,12.2306,35.61,23.14,11.8148,34.40,5823.14,-0.994093,-99.41,1.040315,No,0.00,0.00
id#33,12.2306,36.33,23.62,11.8148,35.10,2921.49,-0.987987,-98.80,1.040315,No,0.00,0.00
id#34,12.2306,26.26,17.07,11.8148,25.37,3466.65,-0.992683,-99.27,1.040315,No,0.00,0.00
id#35,12.2306,37.63,24.46,11.8148,36.35,3190.24,-0.988607,-98.86,1.040315,No,0.00,0.00
id#36,12.2306,37.43,24.33,11.8148,36.16,3801.59,-0.990489,-99.05,1.040315,No,0.00,0.00
id#37,12.2306,59.10,38.41,11.8148,57.09,3540.32,-0.983875,-98.39,1.040315,No,0.00,0.00
id#38,12.2306,47.23,30.70,11.8148,45.63,2579.74,-0.982314,-98.23,1.040315,No,0.00,0.00
id#39,12.2306,23.03,14.97,11.8148,22.25,4658.23,-0.995224,-99.52,1.040315,No,0.00,0.00
id#40,12.2306,32.78,21.31,11.8148,31.67,4552.79,-0.993044,-99.30,1.040315,No,0.00,0.00
id#41,12.2306,35.03,22.77,11.8148,33.84,2975.68,-0.988629,-98.86,1.040315,No,0.00,0.00
id#42,12.2306,34.15,22.20,11.8148,32.99,2913.05,-0.988674,-98.87,1.040315,No,0.00,0.00
id#43,12.2306,29.53,19.20,11.8148,28.53,3150.44,-0.990945,-99.09,1.040315,No,0.00,0.00
id#44,12.2306,36.10,23.47,11.8148,34.87,4247.25,-0.991789,-99.18,1.040315,No,0.00,0.00
id#45,12.2306,55.71,36.21,11.8148,53.82,3489.84,-0.984578,-98.46,1.040315,No,0.00,0.00
id#46,12.2306,19.43,12.63,11.8148,18.77,4396.58,-0.995731,-99.57,1.040315,No,0.00,0.00
id#47,12.2306,25.93,16.86,11.8148,25.05,5403.73,-0.995364,-99.54,1.040315,No,0.00,0.00
id#48,12.2306,54.11,35.17,11.8148,52.27,3006.42,-0.982615,-98.26,1.040315,No,0.00,0.00
id#49,12.2306,51.61,33.55,11.8148,49.86,2883.50,-0.982709,-98.27,1.040315,No,0.00,0.00
id#50,12.2306,21.17,13.76,11.8148,20.45,4424.17,-0.995377,-99.54,1.040315,No,0.00,0.00
id#51,12.2306,54.06,35.14,11.8148,52.22,3597.25,-0.985483,-98.55,1.040315,No,0.00,0.00
id#52,12.2306,51.66,33.58,11.8148,49.90,3665.21,-0.986384,-98.64,1.040315,No,0.00,0.00
id#53,12.2306,43.03,27.97,11.8148,41.57,3567.83,-0.988350,-98.83,1.040315,No,0.00,0.00
id#54,12.2306,57.73,37.52,11.8148,55.76,3054.03,-0.981741,-98.17,1.040315,No,0.00,0.00
id#55,12.2306,34.06,22.14,11.8148,32.90,5892.60,-0.994416,-99.44,1.040315,No,0.00,0.00
id#56,12.2306,26.45,17.20,11.8148,25.55,3411.25,-0.992509,-99.25,1.040315,No,0.00,0.00
id#57,12.2306,44.67,29.04,11.8148,43.15,2963.14,-0.985436,-98.54,1.040315,No,0.00,0.00
id#58,12.2306,26.19,17.03,11.8148,25.30,5302.05,-0.995228,-99.52,1.040315,No,0.00,0.00
id#59,12.2306,24.36,15.83,11.8148,23.53,4346.35,-0.994586,-99.46,1.040315,No,0.00,0.00
id#60,12.2306,32.40,21.06,11.8148,31.30,2828.92,-0.988937,-98.89,1.040315,No,0.00,0.00
id#61,12.2306,53.30,34.65,11.8148,51.49,3234.75,-0.984082,-98.41,1.040315,No,0.00,0.00
id#62,12.2306,40.07,26.04,11.8148,38.71,3777.52,-0.989754,-98.98,1.040315,No,0.00,0.00
id#63,12.2306,29.96,19.47,11.8148,28.94,5034.13,-0.994252,-99.43,1.040315,No,0.00,0.00
id#64,12.2306,47.26,30.72,11.8148,45.65,2328.12,-0.980392,-98.04,1.040315,No,0.00,0.00
id#65,12.2306,38.83,25.24,11.8148,37.51,3447.81,-0.989121,-98.91,1.040315,No,0.00,0.00
id#66,12.2306,36.39,23.65,11.8148,35.15,5389.10,-0.993477,-99.35,1.040315,No,0.00,0.00
id#67,12.2306,69.85,45.40,11.8148,67.48,2938.18,-0.977034,-97.70,1.040315,No,0.00,0.00
id#68,12.2306,35.67,23.19,11.8148,34.46,5901.83,-0.994161,-99.42,1.040315,No,0.00,0.00
id#69,12.2306,51.16,33.25,11.8148,49.42,3965.43,-0.987538,-98.75,1.040315,No,0.00,0.00
id#70,12.2306,51.69,33.60,11.8148,49.93,3963.43,-0.987402,-98.74,1.040315,No,0.00,0.00
id#71,12.2306,53.10,34.52,11.8148,51.30,2940.07,-0.982553,-98.26,1.040315,No,0.00,0.00
id#72,12.2306,36.43,23.68,11.8148,35.19,2644.57,-0.986693,-98.67,1.040315,No,0.00,0.00
id#73,12.2306,40.75,26.49,11.8148,39.37,2060.38,-0.980893,-98.09,1.040315,No,0.00,0.00
id#74,12.2306,39.16,25.46,11.8148,37.83,5550.23,-0.993184,-99.32,1.040315,No,0.00,0.00
id#75,12.2306,37.80,24.57,11.8148,36.51,2255.81,-0.983813,-98.38,1.040315,No,0.00,0.00
id#76,12.2306,50.22,32.64,11.8148,48.51,2882.24,-0.983169,-98.32,1.040315,No,0.00,0.00
id#77,12.2306,24.47,15.90,11.8148,23.64,5806.34,-0.995929,-99.59,1.040315,No,0.00,0.00
id#78,12.2306,36.86,23.96,11.8148,35.61,3379.27,-0.989463,-98.95,1.040315,No,0.00,0.00
id#79,12.2306,50.16,32.60,11.8148,48.46,4112.49,-0.988217,-98.82,1.040315,No,0.00,0.00
id#80,12.2306,35.12,22.83,11.8148,33.93,3043.28,-0.988851,-98.89,1.040315,No,0.00,0.00
id#81,12.2306,66.20,43.03,11.8148,63.95,3150.19,-0.979699,-97.97,1.040315,No,0.00,0.00
id#82,12.2306,45.30,29.45,11.8148,43.76,4501.18,-0.990277,-99.03,1.040315,No,0.00,0.00
id#83,12.2306,22.13,14.39,11.8148,21.38,4414.37,-0.995156,-99.52,1.040315,No,0.00,0.00
id#84,12.2306,41.24,26.81,11.8148,39.84,3029.20,-0.986849,-98.68,1.040315,No,0.00,0.00
id#85,12.2306,22.25,14.47,11.8148,21.50,5067.74,-0.995758,-99.58,1.040315,No,0.00,0.00
id#86,12.2306,44.71,29.06,11.8148,43.19,2930.75,-0.985263,-98.53,1.040315,No,0.00,0.00
id#87,12.2306,34.35,22.33,11.8148,33.18,2529.68,-0.986882,-98.69,1.040315,No,0.00,0.00
id#88,12.2306,52.72,34.27,11.8148,50.93,4196.90,-0.987865,-98.79,1.040315,No,0.00,0.00
id#89,12.2306,50.50,32.83,11.8148,48.79,2672.78,-0.981747,-98.17,1.040315,No,0.00,0.00
id#90,12.2306,46.73,30.38,11.8148,45.14,4735.09,-0.990466,-99.05,1.040315,No,0.00,0.00
id#91,12.2306,27.40,17.81,11.8148,26.47,6340.56,-0.995826,-99.58,1.040315,No,0.00,0.00
id#92,12.2306,41.86,27.21,11.8148,40.44,4585.29,-0.991181,-99.12,1.040315,No,0.00,0.00
id#93,12.2306,57.01,37.05,11.8148,55.07,3696.93,-0.985104,-98.51,1.040315,No,0.00,0.00
id#94,12.2306,27.35,17.78,11.8148,26.42,5980.26,-0.995582,-99.56,1.040315,No,0.00,0.00
id#95,12.2306,45.27,29.43,11.8148,43.74,3904.73,-0.988799,-98.88,1.040315,No,0.00,0.00
id#96,12.2306,41.85,27.20,11.8148,40.42,4459.41,-0.990935,-99.09,1.040315,No,0.00,0.00
id#97,12.2306,62.21,40.43,11.8148,60.09,2911.06,-0.979357,-97.94,1.040315,No,0.00,0.00
id#98,12.2306,35.98,23.39,11.8148,34.76,6084.83,-0.994288,-99.43,1.040315,No,0.00,0.00
id#99,12.2306,39.66,25.78,11.8148,38.31,5086.16,-0.992468,-99.25,1.040315,No,0.00,0.00
id#100,12.2306,45.99,29.89,11.8148,44.43,4854.45,-0.990848,-99.08,1.040315,No,0.00,0.00
id#101,12.2306,38.83,25.24,11.8148,37.51,4566.98,-0.991786,-99.18,1.040315,No,0.00,0.00
id#102,12.2306,51.41,33.41,11.8148,49.66,2591.56,-0.980838,-98.08,1.040315,No,0.00,0.00
id#103,12.2306,32.63,21.21,11.8148,31.53,4833.94,-0.993478,-99.35,1.040315,No,0.00,0.00
id#104,12.2306,41.19,26.77,11.8148,39.79,3016.84,-0.986811,-98.68,1.040315,No,0.00,0.00
id#105,12.2306,40.94,26.61,11.8148,39.54,2917.29,-0.986445,-98.64,1.040315,No,0.00,0.00
id#106,12.2306,42.06,27.34,11.8148,40.63,5148.79,-0.992108,-99.21,1.040315,No,0.00,0.00
id#107,12.2306,32.88,21.37,11.8148,31.77,4830.78,-0.993424,-99.34,1.040315,No,0.00,0.00
id#108,12.2306,25.95,16.86,11.8148,25.06,6211.53,-0.995965,-99.60,1.040315,No,0.00,0.00
id#109,12.2306,40.73,26.48,11.8148,39.35,2546.13,-0.984545,-98.45,1.040315,No,0.00,0.00
id#110,12.2306,45.53,29.59,11.8148,43.98,4816.47,-0.990869,-99.09,1.040315,No,0.00,0.00
id#111,12.2306,22.64,14.71,11.8148,21.87,4218.99,-0.994817,-99.48,1.040315,No,0.00,0.00
id#112,12.2306,38.50,25.03,11.8148,37.19,4759.90,-0.992186,-99.22,1.040315,No,0.00,0.00
id#113,12.2306,30.14,19.59,11.8148,29.12,5659.19,-0.994855,-99.49,1.040315,No,0.00,0.00
id#114,12.2306,34.08,22.15,11.8148,32.92,5555.53,-0.994075,-99.41,1.040315,No,0.00,0.00
id#115,12.2306,54.04,35.13,11.8148,52.21,3027.05,-0.982753,-98.28,1.040315,No,0.00,0.00
id#116,12.2306,29.84,19.40,11.8148,28.83,6193.53,-0.995345,-99.53,1.040315,No,0.00,0.00
id#117,12.2306,36.87,23.96,11.8148,35.62,5325.40,-0.993312,-99.33,1.040315,No,0.00,0.00
id#118,12.2306,34.92,22.69,11.8148,33.73,6303.80,-0.994650,-99.46,1.040315,No,0.00,0.00
id#119,12.2306,49.76,32.34,11.8148,48.07,3906.23,-0.987694,-98.77,1.040315,No,0.00,0.00
id#120,12.2306,27.61,17.95,11.8148,26.67,3649.65,-0.992692,-99.27,1.040315,No,0.00,0.00
id#121,12.2306,26.97,17.53,11.8148,26.06,4271.44,-0.993900,-99.39,1.040315,No,0.00,0.00
id#122,12.2306,43.33,28.17,11.8148,41.86,5165.63,-0.991896,-99.19,1.040315,No,0.00,0.00
id#123,12.2306,43.35,28.18,11.8148,41.87,2880.55,-0.985463,-98.55,1.040315,No,0.00,0.00
id#124,12.2306,38.42,24.97,11.8148,37.11,3277.61,-0.988678,-98.87,1.040315,No,0.00,0.00
id#125,12.2306,54.78,35.61,11.8148,52.92,3943.65,-0.986582,-98.66,1.040315,No,0.00,0.00
id#126,12.2306,51.43,33.43,11.8148,49.68,3412.75,-0.985443,-98.54,1.040315,No,0.00,0.00
id#127,12.2306,32.16,20.91,11.8148,31.07,4872.35,-0.993624,-99.36,1.040315,No,0.00,0.00
id#128,12.2306,47.84,31.10,11.8148,46.21,3302.35,-0.986006,-98.60,1.040315,No,0.00,0.00
id#129,12.2306,30.00,19.50,11.8148,28.98,3375.42,-0.991415,-99.14,1.040315,No,0.00,0.00
id#130,12.2306,38.03,24.72,11.8148,36.74,2994.19,-0.987730,-98.77,1.040315,No,0.00,0.00
id#131,12.2306,35.16,22.85,11.8148,33.96,4302.68,-0.992107,-99.21,1.040315,No,0.00,0.00
id#132,12.2306,65.78,42.76,11.8148,63.54,3352.18,-0.981044,-98.10,1.040315,No,0.00,0.00
id#133,12.2306,23.92,15.55,11.8148,23.10,3525.27,-0.993446,-99.34,1.040315,No,0.00,0.00
id#134,12.2306,39.72,25.82,11.8148,38.37,2602.99,-0.985258,-98.53,1.040315,No,0.00,0.00
id#135,12.2306,31.61,20.55,11.8148,30.53,3329.75,-0.990830,-99.08,1.040315,No,0.00,0.00
id#136,12.2306,42.27,27.47,11.8148,40.83,2294.10,-0.982203,-98.22,1.040315,No,0.00,0.00
id#137,12.2306,49.21,31.99,11.8148,47.54,3362.19,-0.985861,-98.59,1.040315,No,0.00,0.00
id#138,12.2306,36.26,23.57,11.8148,35.03,4249.01,-0.991755,-99.18,1.040315,No,0.00,0.00
id#139,12.2306,26.03,16.92,11.8148,25.14,4555.68,-0.994481,-99.45,1.040315,No,0.00,0.00
id#140,12.2306,31.29,20.34,11.8148,30.23,6599.61,-0.995420,-99.54,1.040315,No,0.00,0.00
id#141,12.2306,30.69,19.95,11.8148,29.65,4927.98,-0.993983,-99.40,1.040315,No,0.00,0.00
id#142,12.2306,32.45,21.09,11.8148,31.35,3660.25,-0.991435,-99.14,1.040315,No,0.00,0.00
id#143,12.2306,26.97,17.53,11.8148,26.05,5088.76,-0.994881,-99.49,1.040315,No,0.00,0.00
id#144,12.2306,20.49,13.32,11.8148,19.79,3885.31,-0.994906,-99.49,1.040315,No,0.00,0.00
id#145,12.2306,29.65,19.27,11.8148,28.64,4660.17,-0.993854,-99.39,1.040315,No,0.00,0.00
id#146,12.2306,35.47,23.06,11.8148,34.27,3884.82,-0.991180,-99.12,1.040315,No,0.00,0.00
id#147,12.2306,60.70,39.45,11.8148,58.63,2758.23,-0.978742,-97.87,1.040315,No,0.00,0.00
id#148,12.2306,68.99,44.84,11.8148,66.64,2865.23,-0.976741,-97.67,1.040315,No,0.00,0.00
id#149,12.2306,33.73,21.92,11.8148,32.58,2897.57,-0.988757,-98.88,1.040315,No,0.00,0.00
id#150,12.2306,30.95,20.12,11.8148,29.90,6870.62,-0.995649,-99.56,1.040315,No,0.00,0.00
id#151,12.2306,36.67,23.84,11.8148,35.43,5955.51,-0.994052,-99.41,1.040315,No,0.00,0.00
id#152,12.2306,29.62,19.25,11.8148,28.61,3480.60,-0.991780,-99.18,1.040315,No,0.00,0.00
id#153,12.2306,41.15,26.75,11.8148,39.75,4388.58,-0.990942,-99.09,1.040315,No,0.00,0.00
id#154,12.2306,47.09,30.61,11.8148,45.49,4199.31,-0.989167,-98.92,1.040315,No,0.00,0.00
id#155,12.2306,49.64,32.26,11.8148,47.95,4883.57,-0.990181,-99.02,1.040315,No,0.00,0.00
id#156,12.2306,45.94,29.86,11.8148,44.38,4411.79,-0.989941,-98.99,1.040315,No,0.00,0.00
id#157,12.2306,51.97,33.78,11.8148,50.20,2791.42,-0.982016,-98.20,1.040315,No,0.00,0.00
id#158,12.2306,57.91,37.64,11.8148,55.94,2939.05,-0.980966,-98.10,1.040315,No,0.00,0.00
id#159,12.2306,47.10,30.62,11.8148,45.50,4875.25,-0.990667,-99.07,1.040315,No,0.00,0.00
id#160,12.2306,29.21,18.98,11.8148,28.21,3383.95,-0.991663,-99.17,1.040315,No,0.00,0.00
id#161,12.2306,29.53,19.20,11.8148,28.53,3381.36,-0.991563,-99.16,1.040315,No,0.00,0.00
id#162,12.2306,43.33,28.16,11.8148,41.85,2920.20,-0.985667,-98.57,1.040315,No,0.00,0.00
id#163,12.2306,30.12,19.58,11.8148,29.09,5633.49,-0.994836,-99.48,1.040315,No,0.00,0.00
id#164,12.2306,33.57,21.82,11.8148,32.43,2988.02,-0.989148,-98.91,1.040315,No,0.00,0.00
id#165,12.2306,34.86,22.66,11.8148,33.67,4376.41,-0.992306,-99.23,1.040315,No,0.00,0.00
id#166,12.2306,43.36,28.19,11.8148,41.89,3429.01,-0.987784,-98.78,1.040315,No,0.00,0.00
id#167,12.2306,29.79,19.36,11.8148,28.77,4495.98,-0.993600,-99.36,1.040315,No,0.00,0.00
id#168,12.2306,34.65,22.52,11.8148,33.47,5635.37,-0.994060,-99.41,1.040315,No,0.00,0.00
id#169,12.2306,45.01,29.26,11.8148,43.48,5354.89,-0.991881,-99.19,1.040315,No,0.00,0.00
id#170,12.2306,43.59,28.33,11.8148,42.11,4765.78,-0.991165,-99.12,1.040315,No,0.00,0.00
id#171,12.2306,31.27,20.32,11.8148,30.20,4811.03,-0.993722,-99.37,1.040315,No,0.00,0.00
id#172,12.2306,44.91,29.19,11.8148,43.38,2226.98,-0.980519,-98.05,1.040315,No,0.00,0.00
id#173,12.2306,25.00,16.25,11.8148,24.15,4104.95,-0.994117,-99.41,1.040315,No,0.00,0.00
id#174,12.2306,29.78,19.36,11.8148,28.77,3309.53,-0.991308,-99.13,1.040315,No,0.00,0.00
id#175,12.2306,37.57,24.42,11.8148,36.29,2625.25,-0.986177,-98.62,1.040315,No,0.00,0.00
id#176,12.2306,40.42,26.27,11.8148,39.04,2626.68,-0.985136,-98.51,1.040315,No,0.00,0.00
id#177,12.2306,32.99,21.44,11.8148,31.87,2916.94,-0.989074,-98.91,1.040315,No,0.00,0.00
id#178,12.2306,46.20,30.03,11.8148,44.63,4398.03,-0.989853,-98.99,1.040315,No,0.00,0.00
id#179,12.2306,61.80,40.17,11.8148,59.70,3502.23,-0.982954,-98.30,1.040315,No,0.00,0.00
id#180,12.2306,28.52,18.54,11.8148,27.55,3543.09,-0.992223,-99.22,1.040315,No,0.00,0.00
id#181,12.2306,31.27,20.33,11.8148,30.21,5556.76,-0.994564,-99.46,1.040315,No,0.00,0.00
id#182,12.2306,26.40,17.16,11.8148,25.50,5189.28,-0.995086,-99.51,1.040315,No,0.00,0.00
id#183,12.2306,33.26,21.62,11.8148,32.13,5600.17,-0.994263,-99.43,1.040315,No,0.00,0.00
id#184,12.2306,32.71,21.26,11.8148,31.59,3128.01,-0.989900,-98.99,1.040315,No,0.00,0.00
id#185,12.2306,29.73,19.32,11.8148,28.72,3482.16,-0.991752,-99.18,1.040315,No,0.00,0.00
id#186,12.2306,53.66,34.88,11.8148,51.84,4131.31,-0.987453,-98.75,1.040315,No,0.00,0.00
id#187,12.2306,35.78,23.25,11.8148,34.56,6518.11,-0.994698,-99.47,1.040315,No,0.00,0.00
id#188,12.2306,32.16,20.91,11.8148,31.07,4393.56,-0.992929,-99.29,1.040315,No,0.00,0.00
id#189,12.2306,48.94,31.81,11.8148,47.28,4745.84,-0.990038,-99.00,1.040315,No,0.00,0.00
id#190,12.2306,46.56,30.26,11.8148,44.98,4581.07,-0.990182,-99.02,1.040315,No,0.00,0.00
id#191,12.2306,62.36,40.53,11.8148,60.24,3192.33,-0.981129,-98.11,1.040315,No,0.00,0.00
id#192,12.2306,42.64,27.71,11.8148,41.19,3387.27,-0.987841,-98.78,1.040315,No,0.00,0.00
id#193,12.2306,47.11,30.62,11.8148,45.51,2217.28,-0.979476,-97.95,1.040315,No,0.00,0.00
id#194,12.2306,34.26,22.27,11.8148,33.09,6370.54,-0.994805,-99.48,1.040315,No,0.00,0.00
id#195,12.2306,34.08,22.15,11.8148,32.92,5993.90,-0.994508,-99.45,1.040315,No,0.00,0.00
id#196,12.2306,38.17,24.81,11.8148,36.87,4134.14,-0.991081,-99.11,1.040315,No,0.00,0.00
id#197,12.2306,35.72,23.22,11.8148,34.51,4207.77,-0.991800,-99.18,1.040315,No,0.00,0.00
id#198,12.2306,26.22,17.05,11.8148,25.33,5819.24,-0.995647,-99.56,1.040315,No,0.00,0.00
id#199,12.2306,25.55,16.61,11.8148,24.68,3694.65,-0.993319,-99.33,1.040315,No,0.00,0.00
id#200,12.2306,36.37,23.64,11.8148,35.13,4543.92,-0.992268,-99.23,1.040315,No,0.00,0.00
id#201,12.2306,44.05,28.63,11.8148,42.55,5118.44,-0.991687,-99.17,1.040315,No,0.00,0.00
id#202,12.2306,37.97,24.68,11.8148,36.68,5683.93,-0.993546,-99.35,1.040315,No,0.00,0.00
id#203,12.2306,18.19,11.82,11.8148,17.57,4362.53,-0.995973,-99.60,1.040315,No,0.00,0.00
id#204,12.2306,29.77,19.35,11.8148,28.76,3594.30,-0.991999,-99.20,1.040315,No,0.00,0.00
id#205,12.2306,27.72,18.02,11.8148,26.78,3125.27,-0.991433,-99.14,1.040315,No,0.00,0.00
id#206,12.2306,57.34,37.27,11.8148,55.39,4285.68,-0.987075,-98.71,1.040315,No,0.00,0.00
id#207,12.2306,29.44,19.13,11.8148,28.44,5225.87,-0.994558,-99.46,1.040315,No,0.00,0.00
id#208,12.2306,40.66,26.43,11.8148,39.28,5612.84,-0.993003,-99.30,1.040315,No,0.00,0.00
id#209,12.2306,36.21,23.53,11.8148,34.97,2888.48,-0.987892,-98.79,1.040315,No,0.00,0.00
id#210,12.2306,57.26,37.22,11.8148,55.31,3259.89,-0.983032,-98.30,1.040315,No,0.00,0.00
id#211,12.2306,32.01,20.81,11.8148,30.92,3286.16,-0.990591,-99.06,1.040315,No,0.00,0.00
id#212,12.2306,25.34,16.47,11.8148,24.48,3978.57,-0.993846,-99.38,1.040315,No,0.00,0.00
id#213,12.2306,51.84,33.70,11.8148,50.08,3411.78,-0.985322,-98.53,1.040315,No,0.00,0.00
id#214,12.2306,52.68,34.24,11.8148,50.89,4263.67,-0.988063,-98.81,1.040315,No,0.00,0.00
id#215,12.2306,47.91,31.14,11.8148,46.28,4422.76,-0.989535,-98.95,1.040315,No,0.00,0.00
id#216,12.2306,45.87,29.82,11.8148,44.31,4096.88,-0.989184,-98.92,1.040315,No,0.00,0.00
id#217,12.2306,46.29,30.09,11.8148,44.72,2526.73,-0.982302,-98.23,1.040315,No,0.00,0.00
id#218,12.2306,51.50,33.47,11.8148,49.75,3046.34,-0.983670,-98.37,1.040315,No,0.00,0.00
id#219,12.2306,48.73,31.68,11.8148,47.08,3998.46,-0.988226,-98.82,1.040315,No,0.00,0.00
id#220,12.2306,52.05,33.84,11.8148,50.29,4438.86,-0.988672,-98.87,1.040315,No,0.00,0.00
id#221,12.2306,53.56,34.81,11.8148,51.73,3489.86,-0.985176,-98.52,1.040315,No,0.00,0.00
id#222,12.2306,46.97,30.53,11.8148,45.37,3452.18,-0.986856,-98.69,1.040315,No,0.00,0.00
id#223,12.2306,27.31,17.75,11.8148,26.38,5394.89,-0.995110,-99.51,1.040315,No,0.00,0.00
id#224,12.2306,39.34,25.57,11.8148,38.01,2812.62,-0.986487,-98.65,1.040315,No,0.00,0.00
id#225,12.2306,29.85,19.41,11.8148,28.84,4933.76,-0.994155,-99.42,1.040315,No,0.00,0.00
id#226,12.2306,32.43,21.08,11.8148,31.33,3907.32,-0.991982,-99.20,1.040315,No,0.00,0.00
id#227,12.2306,37.25,24.21,11.8148,35.98,5613.75,-0.993591,-99.36,1.040315,No,0.00,0.00
id#228,12.2306,35.84,23.29,11.8148,34.62,4369.89,-0.992078,-99.21,1.040315,No,0.00,0.00
id#229,12.2306,38.01,24.71,11.8148,36.72,5269.56,-0.993032,-99.30,1.040315,No,0.00,0.00
id#230,12.2306,23.84,15.50,11.8148,23.03,4917.87,-0.995317,-99.53,1.040315,No,0.00,0.00
id#231,12.2306,49.63,32.26,11.8148,47.94,4491.84,-0.989326,-98.93,1.040315,No,0.00,0.00
id#232,12.2306,43.05,27.98,11.8148,41.59,2772.73,-0.985002,-98.50,1.040315,No,0.00,0.00
id#233,12.2306,30.57,19.87,11.8148,29.53,3454.31,-0.991451,-99.15,1.040315,No,0.00,0.00
id#234,12.2306,43.25,28.11,11.8148,41.78,3746.56,-0.988849,-98.88,1.040315,No,0.00,0.00
id#235,12.2306,50.94,33.11,11.8148,49.20,3028.68,-0.983754,-98.38,1.040315,No,0.00,0.00
id#236,12.2306,41.53,27.00,11.8148,40.12,2535.84,-0.984178,-98.42,1.040315,No,0.00,0.00
id#237,12.2306,44.14,28.69,11.8148,42.64,4488.54,-0.990501,-99.05,1.040315,No,0.00,0.00
id#238,12.2306,28.89,18.78,11.8148,27.91,3905.43,-0.992854,-99.29,1.040315,No,0.00,0.00
id#239,12.2306,43.88,28.52,11.8148,42.39,5228.00,-0.991892,-99.19,1.040315,No,0.00,0.00
id#240,12.2306,30.36,19.74,11.8148,29.33,2930.09,-0.989990,-99.00,1.040315,No,0.00,0.00
id#241,12.2306,61.32,39.86,11.8148,59.23,3237.18,-0.981702,-98.17,1.040315,No,0.00,0.00
id#242,12.2306,56.03,36.42,11.8148,54.12,3601.62,-0.984972,-98.50,1.040315,No,0.00,0.00
id#243,12.2306,31.20,20.28,11.8148,30.13,3557.97,-0.991530,-99.15,1.040315,No,0.00,0.00
id#244,12.2306,41.69,27.10,11.8148,40.28,2067.63,-0.980520,-98.05,1.040315,No,0.00,0.00
id#245,12.2306,49.20,31.98,11.8148,47.53,2302.52,-0.979358,-97.94,1.040315,No,0.00,0.00
id#246,12.2306,27.28,17.73,11.8148,26.36,6427.59,-0.995900,-99.59,1.040315,No,0.00,0.00
id#247,12.2306,50.43,32.78,11.8148,48.72,4976.27,-0.990210,-99.02,1.040315,No,0.00,0.00
id#248,12.2306,50.81,33.02,11.8148,49.08,2571.63,-0.980915,-98.09,1.040315,No,0.00,0.00
id#249,12.2306,43.73,28.42,11.8148,42.24,4550.13,-0.990716,-99.07,1.040315,No,0.00,0.00
id#250,12.2306,29.03,18.87,11.8148,28.04,4394.38,-0.993618,-99.36,1.040315,No,0.00,0.00
id#251,12.2306,42.32,27.51,11.8148,40.88,3464.98,-0.988202,-98.82,1.040315,No,0.00,0.00
id#252,12.2306,47.47,30.85,11.8148,45.85,3194.07,-0.985645,-98.56,1.040315,No,0.00,0.00
id#253,12.2306,43.39,28.21,11.8148,41.92,2526.24,-0.983407,-98.34,1.040315,No,0.00,0.00
id#254,12.2306,25.12,16.33,11.8148,24.27,3583.71,-0.993228,-99.32,1.040315,No,0.00,0.00
id#255,12.2306,27.94,18.16,11.8148,26.99,5407.70,-0.995009,-99.50,1.040315,No,0.00,0.00
id#256,12.2306,45.23,29.40,11.8148,43.70,2808.14,-0.984440,-98.44,1.040315,No,0.00,0.00
id#257,12.2306,52.46,34.10,11.8148,50.68,4186.63,-0.987895,-98.79,1.040315,No,0.00,0.00
id#258,12.2306,38.66,25.13,11.8148,37.34,4565.22,-0.991820,-99.18,1.040315,No,0.00,0.00
id#259,12.2306,45.02,29.26,11.8148,43.49,4211.12,-0.989674,-98.97,1.040315,No,0.00,0.00
id#260,12.2306,32.54,21.15,11.8148,31.44,4637.92,-0.993222,-99.32,1.040315,No,0.00,0.00
id#261,12.2306,29.62,19.25,11.8148,28.62,3466.07,-0.991744,-99.17,1.040315,No,0.00,0.00
id#262,12.2306,40.84,26.55,11.8148,39.45,5927.32,-0.993344,-99.33,1.040315,No,0.00,0.00
id#263,12.2306,25.45,16.54,11.8148,24.59,5597.87,-0.995608,-99.56,1.040315,No,0.00,0.00
id#264,12.2306,37.67,24.48,11.8148,36.39,5185.37,-0.992983,-99.30,1.040315,No,0.00,0.00
id#265,12.2306,40.63,26.41,11.8148,39.25,2646.96,-0.985173,-98.52,1.040315,No,0.00,0.00
id#266,12.2306,38.67,25.14,11.8148,37.36,4327.92,-0.991369,-99.14,1.040315,No,0.00,0.00
id#267,12.2306,50.42,32.77,11.8148,48.70,4350.10,-0.988804,-98.88,1.040315,No,0.00,0.00
id#268,12.2306,40.39,26.25,11.8148,39.02,5332.84,-0.992684,-99.27,1.040315,No,0.00,0.00
id#269,12.2306,52.77,34.30,11.8148,50.97,4084.96,-0.987521,-98.75,1.040315,No,0.00,0.00
id#270,12.2306,20.28,13.18,11.8148,19.59,4865.48,-0.995973,-99.60,1.040315,No,0.00,0.00
id#271,12.2306,38.03,24.72,11.8148,36.74,2707.07,-0.986428,-98.64,1.040315,No,0.00,0.00
id#272,12.2306,24.49,15.92,11.8148,23.66,4254.90,-0.994440,-99.44,1.040315,No,0.00,0.00
id#273,12.2306,40.72,26.47,11.8148,39.34,4917.00,-0.992000,-99.20,1.040315,No,0.00,0.00
id#274,12.2306,31.75,20.64,11.8148,30.67,6267.19,-0.995106,-99.51,1.040315,No,0.00,0.00
id#275,12.2306,27.72,18.02,11.8148,26.78,3160.25,-0.991525,-99.15,1.040315,No,0.00,0.00
id#276,12.2306,62.20,40.43,11.8148,60.09,3288.27,-0.981727,-98.17,1.040315,No,0.00,0.00
id#277,12.2306,29.33,19.07,11.8148,28.33,3398.76,-0.991663,-99.17,1.040315,No,0.00,0.00
id#278,12.2306,39.03,25.37,11.8148,37.70,4785.33,-0.992121,-99.21,1.040315,No,0.00,0.00
id#279,12.2306,24.88,16.18,11.8148,24.04,3830.11,-0.993724,-99.37,1.040315,No,0.00,0.00
id#280,12.2306,39.05,25.38,11.8148,37.72,2235.62,-0.983127,-98.31,1.040315,No,0.00,0.00
id#281,12.2306,31.60,20.54,11.8148,30.53,6418.79,-0.995244,-99.52,1.040315,No,0.00,0.00
id#282,12.2306,20.84,13.55,11.8148,20.14,4881.28,-0.995875,-99.59,1.040315,No,0.00,0.00
id#283,12.2306,36.76,23.89,11.8148,35.51,5428.31,-0.993458,-99.35,1.040315,No,0.00,0.00
id#284,12.2306,50.10,32.56,11.8148,48.40,3557.78,-0.986397,-98.64,1.040315,No,0.00,0.00
id#285,12.2306,28.23,18.35,11.8148,27.27,4088.36,-0.993330,-99.33,1.040315,No,0.00,0.00
id#286,12.2306,32.57,21.17,11.8148,31.46,4877.63,-0.993550,-99.35,1.040315,No,0.00,0.00
id#287,12.2306,48.02,31.21,11.8148,46.38,2576.36,-0.981996,-98.20,1.040315,No,0.00,0.00
id#288,12.2306,19.91,12.94,11.8148,19.24,4193.37,-0.995413,-99.54,1.040315,No,0.00,0.00
id#289,12.2306,49.99,32.50,11.8148,48.29,3339.72,-0.985540,-98.55,1.040315,No,0.00,0.00
id#290,12.2306,48.28,31.38,11.8148,46.64,2557.27,-0.981762,-98.18,1.040315,No,0.00,0.00
id#291,12.2306,28.92,18.80,11.8148,27.94,6613.81,-0.995776,-99.58,1.040315,No,0.00,0.00
id#292,12.2306,40.61,26.40,11.8148,39.23,2537.88,-0.984542,-98.45,1.040315,No,0.00,0.00
id#293,12.2306,49.99,32.50,11.8148,48.29,4081.54,-0.988168,-98.82,1.040315,No,0.00,0.00
id#294,12.2306,47.81,31.07,11.8148,46.18,3495.48,-0.986788,-98.68,1.040315,No,0.00,0.00
id#295,12.2306,28.15,18.30,11.8148,27.19,5156.47,-0.994727,-99.47,1.040315,No,0.00,0.00
id#296,12.2306,44.70,29.05,11.8148,43.18,3262.86,-0.986767,-98.68,1.040315,No,0.00,0.00
id#297,12.2306,36.18,23.51,11.8148,34.95,2884.06,-0.987883,-98.79,1.040315,No,0.00,0.00
id#298,12.2306,25.84,16.79,11.8148,24.96,4334.24,-0.994241,-99.42,1.040315,No,0.00,0.00
id#299,12.2306,38.48,25.01,11.8148,37.17,3739.44,-0.990059,-99.01,1.040315,No,0.00,0.00
id#300,12.2306,51.82,33.68,11.8148,50.06,4145.74,-0.987925,-98.79,1.040315,No,0.00,0.00
id#301,12.2306,54.46,35.40,11.8148,52.61,3655.35,-0.985609,-98.56,1.040315,No,0.00,0.00
id#302,12.2306,31.72,20.62,11.8148,30.64,3531.01,-0.991323,-99.13,1.040315,No,0.00,0.00
id#303,12.2306,24.87,16.16,11.8148,24.02,3968.10,-0.993946,-99.39,1.040315,No,0.00,0.00
id#304,12.2306,52.94,34.41,11.8148,51.14,4245.60,-0.987954,-98.80,1.040315,No,0.00,0.00
id#305,12.2306,30.21,19.63,11.8148,29.18,5691.53,-0.994873,-99.49,1.040315,No,0.00,0.00
id#306,12.2306,40.16,26.11,11.8148,38.80,3374.52,-0.988503,-98.85,1.040315,No,0.00,0.00
id#307,12.2306,46.34,30.12,11.8148,44.77,2568.58,-0.982571,-98.26,1.040315,No,0.00,0.00
id#308,12.2306,67.94,44.16,11.8148,65.63,3064.05,-0.978581,-97.86,1.040315,No,0.00,0.00
id#309,12.2306,49.69,32.30,11.8148,48.00,4053.61,-0.988159,-98.82,1.040315,No,0.00,0.00
id#310,12.2306,51.78,33.65,11.8148,50.02,4361.78,-0.988533,-98.85,1.040315,No,0.00,0.00
id#311,12.2306,42.00,27.30,11.8148,40.57,5095.03,-0.992037,-99.20,1.040315,No,0.00,0.00
id#312,12.2306,29.62,19.25,11.8148,28.61,5372.26,-0.994674,-99.47,1.040315,No,0.00,0.00
id#313,12.2306,24.76,16.09,11.8148,23.92,5837.07,-0.995902,-99.59,1.040315,No,0.00,0.00
id#314,12.2306,49.36,32.09,11.8148,47.69,4849.41,-0.990167,-99.02,1.040315,No,0.00,0.00
id#315,12.2306,32.99,21.45,11.8148,31.87,6267.78,-0.994915,-99.49,1.040315,No,0.00,0.00
id#316,12.2306,40.00,26.00,11.8148,38.64,5669.40,-0.993184,-99.32,1.040315,No,0.00,0.00
id#317,12.2306,53.26,34.62,11.8148,51.45,2856.69,-0.981990,-98.20,1.040315,No,0.00,0.00
id#318,12.2306,31.90,20.74,11.8148,30.82,5984.25,-0.994850,-99.48,1.040315,No,0.00,0.00
id#319,12.2306,45.46,29.55,11.8148,43.91,3691.91,-0.988106,-98.81,1.040315,No,0.00,0.00
id#320,12.2306,41.86,27.21,11.8148,40.44,2956.06,-0.986319,-98.63,1.040315,No,0.00,0.00
id#321,12.2306,44.40,28.86,11.8148,42.89,2788.10,-0.984616,-98.46,1.040315,No,0.00,0.00
id#322,12.2306,54.33,35.31,11.8148,52.48,3875.12,-0.986457,-98.65,1.040315,No,0.00,0.00
id#323,12.2306,50.57,32.87,11.8148,48.85,3212.63,-0.984793,-98.48,1.040315,No,0.00,0.00
id#324,12.2306,31.93,20.76,11.8148,30.85,3452.12,-0.991065,-99.11,1.040315,No,0.00,0.00
id#325,12.2306,26.03,16.92,11.8148,25.14,6228.62,-0.995964,-99.60,1.040315,No,0.00,0.00
id#326,12.2306,25.64,16.67,11.8148,24.77,4915.48,-0.994961,-99.50,1.040315,No,0.00,0.00
id#327,12.2306,28.39,18.45,11.8148,27.42,3659.25,-0.992506,-99.25,1.040315,No,0.00,0.00
id#328,12.2306,18.17,11.81,11.8148,17.55,4393.92,-0.996006,-99.60,1.040315,No,0.00,0.00
id#329,12.2306,27.25,17.72,11.8148,26.33,5511.11,-0.995223,-99.52,1.040315,No,0.00,0.00
id#330,12.2306,30.35,19.73,11.8148,29.32,3063.29,-0.990430,-99.04,1.040315,No,0.00,0.00
id#331,12.2306,59.63,38.76,11.8148,57.61,3174.35,-0.981853,-98.19,1.040315,No,0.00,0.00
id#332,12.2306,30.08,19.55,11.8148,29.06,5039.80,-0.994234,-99.42,1.040315,No,0.00,0.00
id#333,12.2306,35.35,22.98,11.8148,34.15,4368.89,-0.992183,-99.22,1.040315,No,0.00,0.00
id#334,12.2306,25.40,16.51,11.8148,24.54,5313.10,-0.995381,-99.54,1.040315,No,0.00,0.00
id#335,12.2306,44.06,28.64,11.8148,42.56,2607.11,-0.983675,-98.37,1.040315,No,0.00,0.00
id#336,12.2306,38.60,25.09,11.8148,37.29,4844.10,-0.992303,-99.23,1.040315,No,0.00,0.00
id#337,12.2306,29.76,19.35,11.8148,28.75,3125.26,-0.990800,-99.08,1.040315,No,0.00,0.00
id#338,12.2306,29.54,19.20,11.8148,28.54,4670.22,-0.993890,-99.39,1.040315,No,0.00,0.00
id#339,12.2306,56.60,36.79,11.8148,54.68,3927.74,-0.986078,-98.61,1.040315,No,0.00,0.00
id#340,12.2306,31.67,20.58,11.8148,30.59,6083.46,-0.994972,-99.50,1.040315,No,0.00,0.00
id#341,12.2306,42.70,27.76,11.8148,41.25,4908.17,-0.991596,-99.16,1.040315,No,0.00,0.00
id#342,12.2306,38.86,25.26,11.8148,37.54,2593.68,-0.985525,-98.55,1.040315,No,0.00,0.00
id#343,12.2306,49.23,32.00,11.8148,47.56,3311.55,-0.985639,-98.56,1.040315,No,0.00,0.00
id#344,12.2306,27.97,18.18,11.8148,27.02,6250.79,-0.995677,-99.57,1.040315,No,0.00,0.00
id#345,12.2306,53.03,34.47,11.8148,51.23,3203.05,-0.984006,-98.40,1.040315,No,0.00,0.00
id#346,12.2306,28.63,18.61,11.8148,27.66,4175.58,-0.993376,-99.34,1.040315,No,0.00,0.00
id#347,12.2306,35.64,23.17,11.8148,34.43,2492.50,-0.986187,-98.62,1.040315,No,0.00,0.00
id#348,12.2306,59.78,38.86,11.8148,57.75,3259.10,-0.982280,-98.23,1.040315,No,0.00,0.00
id#349,12.2306,55.62,36.15,11.8148,53.73,4011.83,-0.986608,-98.66,1.040315,No,0.00,0.00
id#350,12.2306,40.02,26.01,11.8148,38.66,4180.87,-0.990754,-99.08,1.040315,No,0.00,0.00
id#351,12.2306,49.35,32.08,11.8148,47.67,2325.13,-0.979496,-97.95,1.040315,No,0.00,0.00
id#352,12.2306,65.01,42.26,11.8148,62.80,3361.19,-0.981317,-98.13,1.040315,No,0.00,0.00
id#353,12.2306,40.34,26.22,11.8148,38.97,2567.07,-0.984819,-98.48,1.040315,No,0.00,0.00
id#354,12.2306,36.16,23.51,11.8148,34.94,5532.26,-0.993685,-99.37,1.040315,No,0.00,0.00
id#355,12.2306,29.95,19.46,11.8148,28.93,3446.96,-0.991608,-99.16,1.040315,No,0.00,0.00
id#356,12.2306,33.55,21.81,11.8148,32.41,2744.28,-0.988189,-98.82,1.040315,No,0.00,0.00
id#357,12.2306,28.99,18.84,11.8148,28.00,5287.21,-0.994703,-99.47,1.040315,No,0.00,0.00
id#358,12.2306,26.41,17.17,11.8148,25.52,3688.20,-0.993082,-99.31,1.040315,No,0.00,0.00
id#359,12.2306,39.97,25.98,11.8148,38.61,1863.71,-0.979282,-97.93,1.040315,No,0.00,0.00
id#360,12.2306,33.06,21.49,11.8148,31.94,3649.66,-0.991249,-99.12,1.040315,No,0.00,0.00
id#361,12.2306,38.56,25.07,11.8148,37.25,2720.07,-0.986305,-98.63,1.040315,No,0.00,0.00
id#362,12.2306,29.87,19.41,11.8148,28.85,6560.39,-0.995602,-99.56,1.040315,No,0.00,0.00
id#363,12.2306,35.21,22.89,11.8148,34.02,2468.88,-0.986222,-98.62,1.040315,No,0.00,0.00
id#364,12.2306,24.50,15.92,11.8148,23.66,4139.74,-0.994284,-99.43,1.040315,No,0.00,0.00
id#365,12.2306,29.68,19.29,11.8148,28.68,3808.99,-0.992472,-99.25,1.040315,No,0.00,0.00
id#366,12.2306,29.27,19.03,11.8148,28.28,4206.29,-0.993278,-99.33,1.040315,No,0.00,0.00
id#367,12.2306,38.44,24.99,11.8148,37.13,3544.22,-0.989523,-98.95,1.040315,No,0.00,0.00
id#368,12.2306,51.60,33.54,11.8148,49.85,2894.45,-0.982778,-98.28,1.040315,No,0.00,0.00
id#369,12.2306,41.80,27.17,11.8148,40.38,4843.73,-0.991664,-99.17,1.040315,No,0.00,0.00
id#370,12.2306,58.36,37.94,11.8148,56.38,3139.80,-0.982044,-98.20,1.040315,No,0.00,0.00
id#371,12.2306,41.98,27.29,11.8148,40.56,4149.19,-0.990225,-99.02,1.040315,No,0.00,0.00
id#372,12.2306,25.01,16.26,11.8148,24.16,4262.94,-0.994332,-99.43,1.040315,No,0.00,0.00
id#373,12.2306,42.22,27.44,11.8148,40.78,2846.13,-0.985670,-98.57,1.040315,No,0.00,0.00
id#374,12.2306,37.27,24.22,11.8148,36.00,2604.25,-0.986177,-98.62,1.040315,No,0.00,0.00
id#375,12.2306,40.38,26.25,11.8148,39.01,2706.50,-0.985587,-98.56,1.040315,No,0.00,0.00
id#376,12.2306,38.78,25.20,11.8148,37.46,2153.40,-0.982605,-98.26,1.040315,No,0.00,0.00
id#377,12.2306,38.30,24.89,11.8148,37.00,2535.75,-0.985410,-98.54,1.040315,No,0.00,0.00
id#378,12.2306,31.95,20.77,11.8148,30.86,2840.51,-0.989136,-98.91,1.040315,No,0.00,0.00
id#379,12.2306,47.97,31.18,11.8148,46.34,4050.63,-0.988559,-98.86,1.040315,No,0.00,0.00
id#380,12.2306,39.23,25.50,11.8148,37.90,5278.17,-0.992820,-99.28,1.040315,No,0.00,0.00
id#381,12.2306,36.00,23.40,11.8148,34.78,2261.69,-0.984622,-98.46,1.040315,No,0.00,0.00
id#382,12.2306,54.17,35.21,11.8148,52.33,3348.99,-0.984375,-98.44,1.040315,No,0.00,0.00
id#383,12.2306,44.42,28.87,11.8148,42.91,3642.64,-0.988220,-98.82,1.040315,No,0.00,0.00
id#384,12.2306,47.39,30.80,11.8148,45.78,3200.36,-0.985697,-98.57,1.040315,No,0.00,0.00
id#385,12.2306,26.78,17.41,11.8148,25.87,3389.37,-0.992367,-99.24,1.040315,No,0.00,0.00
id#386,12.2306,24.30,15.79,11.8148,23.47,5211.21,-0.995496,-99.55,1.040315,No,0.00,0.00
id#387,12.2306,32.75,21.28,11.8148,31.63,4475.20,-0.992932,-99.29,1.040315,No,0.00,0.00
id#388,12.2306,47.39,30.81,11.8148,45.78,3908.52,-0.988286,-98.83,1.040315,No,0.00,0.00
id#389,12.2306,36.14,23.49,11.8148,34.91,4406.72,-0.992078,-99.21,1.040315,No,0.00,0.00
id#390,12.2306,37.17,24.16,11.8148,35.90,2277.61,-0.984236,-98.42,1.040315,No,0.00,0.00
id#391,12.2306,44.31,28.80,11.8148,42.81,2421.36,-0.982321,-98.23,1.040315,No,0.00,0.00
id#392,12.2306,21.54,14.00,11.8148,20.81,4039.53,-0.994849,-99.48,1.040315,No,0.00,0.00
id#393,12.2306,24.36,15.84,11.8148,23.54,3626.20,-0.993509,-99.35,1.040315,No,0.00,0.00
id#394,12.2306,45.82,29.78,11.8148,44.26,3182.41,-0.986093,-98.61,1.040315,No,0.00,0.00
id#395,12.2306,39.41,25.62,11.8148,38.07,3534.71,-0.989229,-98.92,1.040315,No,0.00,0.00
id#396,12.2306,27.96,18.17,11.8148,27.01,3389.61,-0.992032,-99.20,1.040315,No,0.00,0.00
id#397,12.2306,36.19,23.52,11.8148,34.96,5003.63,-0.993013,-99.30,1.040315,No,0.00,0.00
id#398,12.2306,49.49,32.17,11.8148,47.80,4693.06,-0.989814,-98.98,1.040315,No,0.00,0.00
id#399,12.2306,40.03,26.02,11.8148,38.67,4023.58,-0.990390,-99.04,1.040315,No,0.00,0.00
id#400,12.2306,37.09,24.11,11.8148,35.83,4735.73,-0.992434,-99.24,1.040315,No,0.00,0.00
id#401,12.2306,25.16,16.35,11.8148,24.30,5701.91,-0.995738,-99.57,1.040315,No,0.00,0.00
id#402,12.2306,35.94,23.36,11.8148,34.72,5820.06,-0.994035,-99.40,1.040315,No,0.00,0.00
id#403,12.2306,33.47,21.76,11.8148,32.34,6206.11,-0.994789,-99.48,1.040315,No,0.00,0.00
id#404,12.2306,39.36,25.58,11.8148,38.02,5227.69,-0.992727,-99.27,1.040315,No,0.00,0.00
id#405,12.2306,42.73,27.78,11.8148,41.28,2043.12,-0.979796,-97.98,1.040315,No,0.00,0.00
id#406,12.2306,43.29,28.14,11.8148,41.82,4396.36,-0.990489,-99.05,1.040315,No,0.00,0.00
id#407,12.2306,54.29,35.29,11.8148,52.45,2655.89,-0.980253,-98.03,1.040315,No,0.00,0.00
id#408,12.2306,22.05,14.33,11.8148,21.30,3851.42,-0.994470,-99.45,1.040315,No,0.00,0.00
id#409,12.2306,57.78,37.56,11.8148,55.81,4267.58,-0.986921,-98.69,1.040315,No,0.00,0.00
id#410,12.2306,30.70,19.95,11.8148,29.65,4544.42,-0.993474,-99.35,1.040315,No,0.00,0.00
id#411,12.2306,27.85,18.10,11.8148,26.90,5438.56,-0.995053,-99.51,1.040315,No,0.00,0.00
id#412,12.2306,34.21,22.24,11.8148,33.05,2941.04,-0.988762,-98.88,1.040315,No,0.00,0.00
id#413,12.2306,34.27,22.28,11.8148,33.11,3738.61,-0.991144,-99.11,1.040315,No,0.00,0.00
id#414,12.2306,28.32,18.41,11.8148,27.36,3647.13,-0.992498,-99.25,1.040315,No,0.00,0.00
id#415,12.2306,39.26,25.52,11.8148,37.92,3070.97,-0.987652,-98.77,1.040315,No,0.00,0.00
id#416,12.2306,28.29,18.39,11.8148,27.33,4682.54,-0.994163,-99.42,1.040315,No,0.00,0.00
id#417,12.2306,53.21,34.59,11.8148,51.41,2863.61,-0.982049,-98.20,1.040315,No,0.00,0.00
id#418,12.2306,47.61,30.95,11.8148,45.99,4737.90,-0.990293,-99.03,1.040315,No,0.00,0.00
id#419,12.2306,49.04,31.88,11.8148,47.38,2315.90,-0.979543,-97.95,1.040315,No,0.00,0.00
id#420,12.2306,51.72,33.62,11.8148,49.96,2783.01,-0.982047,-98.20,1.040315,No,0.00,0.00
id#421,12.2306,55.75,36.24,11.8148,53.86,3405.59,-0.984185,-98.42,1.040315,No,0.00,0.00
id#422,12.2306,63.67,41.38,11.8148,61.50,2924.73,-0.978971,-97.90,1.040315,No,0.00,0.00
id#423,12.2306,42.02,27.31,11.8148,40.59,3156.37,-0.987140,-98.71,1.040315,No,0.00,0.00
id#424,12.2306,51.28,33.33,11.8148,49.53,2914.43,-0.983004,-98.30,1.040315,No,0.00,0.00
id#425,12.2306,45.22,29.39,11.8148,43.68,3909.25,-0.988825,-98.88,1.040315,No,0.00,0.00
id#426,12.2306,32.72,21.27,11.8148,31.61,6508.01,-0.995143,-99.51,1.040315,No,0.00,0.00
id#427,12.2306,48.16,31.30,11.8148,46.52,2570.18,-0.981901,-98.19,1.040315,No,0.00,0.00
id#428,12.2306,56.16,36.51,11.8148,54.26,2596.53,-0.979105,-97.91,1.040315,No,0.00,0.00
id#429,12.2306,52.85,34.35,11.8148,51.05,3613.09,-0.985871,-98.59,1.040315,No,0.00,0.00
id#430,12.2306,46.97,30.53,11.8148,45.37,3416.15,-0.986719,-98.67,1.040315,No,0.00,0.00
id#431,12.2306,33.59,21.83,11.8148,32.45,3396.46,-0.990447,-99.04,1.040315,No,0.00,0.00
id#432,12.2306,48.73,31.68,11.8148,47.08,2694.27,-0.982527,-98.25,1.040315,No,0.00,0.00
id#433,12.2306,46.09,29.96,11.8148,44.53,3850.78,-0.988437,-98.84,1.040315,No,0.00,0.00
id#434,12.2306,53.69,34.90,11.8148,51.86,3098.87,-0.983264,-98.33,1.040315,No,0.00,0.00
id#435,12.2306,37.41,24.31,11.8148,36.14,4581.39,-0.992113,-99.21,1.040315,No,0.00,0.00
id#436,12.2306,31.28,20.33,11.8148,30.22,3903.27,-0.992259,-99.23,1.040315,No,0.00,0.00
id#437,12.2306,29.94,19.46,11.8148,28.92,6694.57,-0.995680,-99.57,1.040315,No,0.00,0.00
id#438,12.2306,49.51,32.18,11.8148,47.83,4093.08,-0.988315,-98.83,1.040315,No,0.00,0.00
id#439,12.2306,41.99,27.29,11.8148,40.56,4916.13,-0.991750,-99.17,1.040315,No,0.00,0.00
id#440,12.2306,22.01,14.31,11.8148,21.26,5114.79,-0.995843,-99.58,1.040315,No,0.00,0.00
id#441,12.2306,44.01,28.60,11.8148,42.51,4448.00,-0.990443,-99.04,1.040315,No,0.00,0.00
id#442,12.2306,21.12,13.73,11.8148,20.40,4972.24,-0.995898,-99.59,1.040315,No,0.00,0.00
id#443,12.2306,51.00,33.15,11.8148,49.26,3483.85,-0.985859,-98.59,1.040315,No,0.00,0.00
id#444,12.2306,35.33,22.96,11.8148,34.12,2689.01,-0.987310,-98.73,1.040315,No,0.00,0.00
id#445,12.2306,32.27,20.97,11.8148,31.17,4555.30,-0.993158,-99.32,1.040315,No,0.00,0.00
id#446,12.2306,51.82,33.69,11.8148,50.06,3373.52,-0.985160,-98.52,1.040315,No,0.00,0.00
id#447,12.2306,58.12,37.78,11.8148,56.15,3931.55,-0.985719,-98.57,1.040315,No,0.00,0.00
id#448,12.2306,47.98,31.19,11.8148,46.35,2568.44,-0.981954,-98.20,1.040315,No,0.00,0.00
id#449,12.2306,52.91,34.39,11.8148,51.11,2765.74,-0.981520,-98.15,1.040315,No,0.00,0.00
id#450,12.2306,29.23,19.00,11.8148,28.24,4370.38,-0.993538,-99.35,1.040315,No,0.00,0.00
id#451,12.2306,55.06,35.79,11.8148,53.19,2615.73,-0.979666,-97.97,1.040315,No,0.00,0.00
id#452,12.2306,36.78,23.91,11.8148,35.53,4943.30,-0.992812,-99.28,1.040315,No,0.00,0.00
id#453,12.2306,27.29,17.74,11.8148,26.36,6668.57,-0.996047,-99.60,1.040315,No,0.00,0.00
id#454,12.2306,55.73,36.23,11.8148,53.84,2960.02,-0.981811,-98.18,1.040315,No,0.00,0.00
id#455,12.2306,43.78,28.46,11.8148,42.30,2393.58,-0.982329,-98.23,1.040315,No,0.00,0.00
id#456,12.2306,35.20,22.88,11.8148,34.00,5583.65,-0.993910,-99.39,1.040315,No,0.00,0.00
id#457,12.2306,40.27,26.18,11.8148,38.90,3560.71,-0.989075,-98.91,1.040315,No,0.00,0.00
id#458,12.2306,20.35,13.23,11.8148,19.66,3945.70,-0.995018,-99.50,1.040315,No,0.00,0.00
id#459,12.2306,26.99,17.54,11.8148,26.07,5155.15,-0.994943,-99.49,1.040315,No,0.00,0.00
id#460,12.2306,49.87,32.41,11.8148,48.17,3203.45,-0.984963,-98.50,1.040315,No,0.00,0.00
id#461,12.2306,27.47,17.86,11.8148,26.54,6349.71,-0.995821,-99.58,1.040315,No,0.00,0.00
id#462,12.2306,33.05,21.48,11.8148,31.92,5767.89,-0.994465,-99.45,1.040315,No,0.00,0.00
id#463,12.2306,24.00,15.60,11.8148,23.19,4786.08,-0.995156,-99.52,1.040315,No,0.00,0.00
id#464,12.2306,32.42,21.07,11.8148,31.32,3580.49,-0.991253,-99.13,1.040315,No,0.00,0.00
id#465,12.2306,34.44,22.38,11.8148,33.27,2440.85,-0.986371,-98.64,1.040315,No,0.00,0.00
id#466,12.2306,47.16,30.65,11.8148,45.56,2347.81,-0.980596,-98.06,1.040315,No,0.00,0.00
id#467,12.2306,48.95,31.82,11.8148,47.28,2575.75,-0.981643,-98.16,1.040315,No,0.00,0.00
id#468,12.2306,32.95,21.42,11.8148,31.83,5385.48,-0.994090,-99.41,1.040315,No,0.00,0.00
id#469,12.2306,39.80,25.87,11.8148,38.45,3744.33,-0.989732,-98.97,1.040315,No,0.00,0.00
id#470,12.2306,58.48,38.01,11.8148,56.50,3460.41,-0.983673,-98.37,1.040315,No,0.00,0.00
id#471,12.2306,50.34,32.72,11.8148,48.63,4601.88,-0.989432,-98.94,1.040315,No,0.00,0.00
id#472,12.2306,54.38,35.35,11.8148,52.53,2649.09,-0.980171,-98.02,1.040315,No,0.00,0.00
id#473,12.2306,35.51,23.08,11.8148,34.31,4160.32,-0.991754,-99.18,1.040315,No,0.00,0.00
id#474,12.2306,28.64,18.61,11.8148,27.66,4611.83,-0.994002,-99.40,1.040315,No,0.00,0.00
id#475,12.2306,44.24,28.76,11.8148,42.74,2916.56,-0.985347,-98.53,1.040315,No,0.00,0.00
id#476,12.2306,33.33,21.66,11.8148,32.20,5466.90,-0.994110,-99.41,1.040315,No,0.00,0.00
id#477,12.2306,33.56,21.81,11.8148,32.42,3919.52,-0.991730,-99.17,1.040315,No,0.00,0.00
id#478,12.2306,38.15,24.80,11.8148,36.86,4034.53,-0.990865,-99.09,1.040315,No,0.00,0.00
id#479,12.2306,46.15,30.00,11.8148,44.59,2201.22,-0.979745,-97.97,1.040315,No,0.00,0.00
id#480,12.2306,35.79,23.26,11.8148,34.57,5508.33,-0.993724,-99.37,1.040315,No,0.00,0.00
id#481,12.2306,23.63,15.36,11.8148,22.82,5580.51,-0.995910,-99.59,1.040315,No,0.00,0.00
id#482,12.2306,33.82,21.98,11.8148,32.67,5223.51,-0.993745,-99.37,1.040315,No,0.00,0.00
id#483,12.2306,26.20,17.03,11.8148,25.31,5040.04,-0.994978,-99.50,1.040315,No,0.00,0.00
id#484,12.2306,32.51,21.13,11.8148,31.40,5802.94,-0.994589,-99.46,1.040315,No,0.00,0.00
id#485,12.2306,39.48,25.66,11.8148,38.14,2731.40,-0.986037,-98.60,1.040315,No,0.00,0.00
id#486,12.2306,31.28,20.33,11.8148,30.22,3427.86,-0.991184,-99.12,1.040315,No,0.00,0.00
id#487,12.2306,31.10,20.22,11.8148,30.04,4128.09,-0.992722,-99.27,1.040315,No,0.00,0.00
id#488,12.2306,37.64,24.46,11.8148,36.36,5724.88,-0.993649,-99.36,1.040315,No,0.00,0.00
id#489,12.2306,59.95,38.97,11.8148,57.91,2844.27,-0.979639,-97.96,1.040315,No,0.00,0.00
id#490,12.2306,48.45,31.49,11.8148,46.80,2672.61,-0.982488,-98.25,1.040315,No,0.00,0.00
id#491,12.2306,35.01,22.76,11.8148,33.82,4918.74,-0.993123,-99.31,1.040315,No,0.00,0.00
id#492,12.2306,31.00,20.15,11.8148,29.95,4144.68,-0.992774,-99.28,1.040315,No,0.00,0.00
id#493,12.2306,37.38,24.30,11.8148,36.11,2762.47,-0.986927,-98.69,1.040315,No,0.00,0.00
id#494,12.2306,29.81,19.38,11.8148,28.80,3751.27,-0.992322,-99.23,1.040315,No,0.00,0.00
id#495,12.2306,27.28,17.73,11.8148,26.35,5891.26,-0.995528,-99.55,1.040315,No,0.00,0.00
id#496,12.2306,22.60,14.69,11.8148,21.83,4723.06,-0.995377,-99.54,1.040315,No,0.00,0.00
id#497,12.2306,53.79,34.97,11.8148,51.97,3904.48,-0.986691,-98.67,1.040315,No,0.00,0.00
id#498,12.2306,29.59,19.23,11.8148,28.59,3559.65,-0.991969,-99.20,1.040315,No,0.00,0.00
id#499,12.2306,29.54,19.20,11.8148,28.53,3385.68,-0.991572,-99.16,1.040315,No,0.00,0.00
