position_id,seed_price,position_value_at_seed,loan_amount,close_price,position_value_at_close,hold_value,impermanent_loss,impermanent_loss_pct,health_factor,should_liquidate,repay_amount,collateral_to_take
id#0,2574.0677,5263.92,3421.55,2590.1322,5296.77,6388.84,-0.170934,-17.09,1.083643,No,0.00,0.00
id#1,2574.0677,5458.11,3547.77,2590.1322,5458.11,8301.07,-0.342481,-34.25,1.076923,No,0.00,0.00
id#2,2574.0677,6934.21,4507.23,2590.1322,6951.28,6953.43,-0.000310,-0.03,1.079575,No,0.00,0.00
id#3,2574.0677,6375.14,4143.84,2590.1322,6375.14,8841.75,-0.278973,-27.90,1.076923,No,0.00,0.00
id#4,2574.0677,5748.11,3736.27,2590.1322,5748.11,6822.75,-0.157508,-15.75,1.076923,No,0.00,0.00
id#5,2574.0677,5874.25,3818.26,2590.1322,5889.20,5890.60,-0.000238,-0.02,1.079663,No,0.00,0.00
id#6,2574.0677,5966.54,3878.25,2590.1322,5966.54,7049.21,-0.153588,-15.36,1.076923,No,0.00,0.00
id#7,2574.0677,4466.84,2903.44,2590.1322,4466.84,6514.00,-0.314271,-31.43,1.076923,No,0.00,0.00
id#8,2574.0677,5287.56,3436.92,2590.1322,5309.51,5623.12,-0.055771,-5.58,1.081393,No,0.00,0.00
id#9,2574.0677,4585.11,2980.32,2590.1322,4585.11,5870.78,-0.218995,-21.90,1.076923,No,0.00,0.00
id#10,2574.0677,5708.57,3710.57,2590.1322,5743.11,6857.27,-0.162480,-16.25,1.083439,No,0.00,0.00
id#11,2574.0677,5696.53,3702.74,2590.1322,5696.53,7163.21,-0.204752,-20.48,1.076923,No,0.00,0.00
id#12,2574.0677,7227.48,4697.86,2590.1322,7246.10,7246.44,-0.000047,-0.00,1.079699,No,0.00,0.00
id#13,2574.0677,4804.24,3122.75,2590.1322,4804.24,6356.18,-0.244163,-24.42,1.076923,No,0.00,0.00
id#14,2574.0677,5224.01,3395.61,2590.1322,5256.61,6036.09,-0.129136,-12.91,1.083644,No,0.00,0.00
id#15,2574.0677,4932.89,3206.38,2590.1322,4932.89,6760.71,-0.270359,-27.04,1.076923,No,0.00,0.00
id#16,2574.0677,4567.64,2968.97,2590.1322,4567.64,6505.04,-0.297830,-29.78,1.076923,No,0.00,0.00
id#17,2574.0677,7054.40,4585.36,2590.1322,7067.68,7102.00,-0.004832,-0.48,1.078951,No,0.00,0.00
id#18,2574.0677,5053.23,3284.60,2590.1322,5053.23,7584.97,-0.333784,-33.38,1.076923,No,0.00,0.00
id#19,2574.0677,5518.68,3587.14,2590.1322,5533.06,5533.46,-0.000072,-0.01,1.079728,No,0.00,0.00
id#20,2574.0677,5874.73,3818.58,2590.1322,5911.40,7034.27,-0.159629,-15.96,1.083644,No,0.00,0.00
id#21,2574.0677,6307.31,4099.75,2590.1322,6318.47,6370.32,-0.008140,-0.81,1.078828,No,0.00,0.00
id#22,2574.0677,7202.72,4681.77,2590.1322,7241.82,7429.68,-0.025285,-2.53,1.082769,No,0.00,0.00
id#23,2574.0677,5073.53,3297.80,2590.1322,5073.53,6422.03,-0.209980,-21.00,1.076923,No,0.00,0.00
id#24,2574.0677,5803.50,3772.27,2590.1322,5803.50,8113.25,-0.284689,-28.47,1.076923,No,0.00,0.00
id#25,2574.0677,7762.74,5045.78,2590.1322,7787.65,7880.51,-0.011784,-1.18,1.080379,No,0.00,0.00
id#26,2574.0677,5583.96,3629.58,2590.1322,5583.96,7700.56,-0.274862,-27.49,1.076923,No,0.00,0.00
id#27,2574.0677,6982.41,4538.57,2590.1322,6982.41,8301.27,-0.158875,-15.89,1.076923,No,0.00,0.00
id#28,2574.0677,6287.47,4086.86,2590.1322,6296.95,6393.86,-0.015158,-1.52,1.078546,No,0.00,0.00
id#29,2574.0677,5677.84,3690.60,2590.1322,5682.96,5783.13,-0.017321,-1.73,1.077894,No,0.00,0.00
id#30,2574.0677,6210.53,4036.84,2590.1322,6227.97,6271.59,-0.006956,-0.70,1.079947,No,0.00,0.00
id#31,2574.0677,6971.97,4531.78,2590.1322,7010.40,8179.03,-0.142882,-14.29,1.082858,No,0.00,0.00
id#32,2574.0677,7685.06,4995.29,2590.1322,7718.32,8208.89,-0.059761,-5.98,1.081584,No,0.00,0.00
id#33,2574.0677,5016.53,3260.75,2590.1322,5036.55,5444.78,-0.074977,-7.50,1.081220,No,0.00,0.00
id#34,2574.0677,6400.63,4160.41,2590.1322,6436.83,6583.70,-0.022308,-2.23,1.083014,No,0.00,0.00
id#35,2574.0677,6157.66,4002.48,2590.1322,6196.09,9049.10,-0.315281,-31.53,1.083644,No,0.00,0.00
id#36,2574.0677,7927.20,5152.68,2590.1322,7957.75,7985.03,-0.003416,-0.34,1.081074,No,0.00,0.00
id#37,2574.0677,6285.36,4085.49,2590.1322,6303.08,6314.66,-0.001834,-0.18,1.079959,No,0.00,0.00
id#38,2574.0677,6670.97,4336.13,2590.1322,6670.97,8156.05,-0.182084,-18.21,1.076923,No,0.00,0.00
id#39,2574.0677,5149.94,3347.46,2590.1322,5169.10,5282.70,-0.021504,-2.15,1.080931,No,0.00,0.00
id#40,2574.0677,6729.78,4374.36,2590.1322,6765.92,7730.51,-0.124777,-12.48,1.082706,No,0.00,0.00
id#41,2574.0677,7300.29,4745.19,2590.1322,7327.00,7627.30,-0.039373,-3.94,1.080863,No,0.00,0.00
id#42,2574.0677,4856.36,3156.64,2590.1322,4856.36,6012.44,-0.192280,-19.23,1.076923,No,0.00,0.00
id#43,2574.0677,8522.84,5539.84,2590.1322,8559.06,8689.80,-0.015045,-1.50,1.081500,No,0.00,0.00
id#44,2574.0677,7441.96,4837.28,2590.1322,7441.96,8503.16,-0.124800,-12.48,1.076923,No,0.00,0.00
id#45,2574.0677,7653.73,4974.92,2590.1322,7695.87,7969.46,-0.034330,-3.43,1.082853,No,0.00,0.00
id#46,2574.0677,6619.28,4302.53,2590.1322,6660.59,7849.61,-0.151475,-15.15,1.083644,No,0.00,0.00
id#47,2574.0677,7808.18,5075.32,2590.1322,7823.04,7869.84,-0.005947,-0.59,1.078972,No,0.00,0.00
id#48,2574.0677,4925.69,3201.70,2590.1322,4949.08,5488.81,-0.098331,-9.83,1.082037,No,0.00,0.00
id#49,2574.0677,5304.30,3447.79,2590.1322,5315.08,5331.30,-0.003042,-0.30,1.079112,No,0.00,0.00
id#50,2574.0677,7965.50,5177.57,2590.1322,7993.73,8127.81,-0.016496,-1.65,1.080741,No,0.00,0.00
id#51,2574.0677,5961.24,3874.81,2590.1322,5997.53,7940.97,-0.244736,-24.47,1.083480,No,0.00,0.00
id#52,2574.0677,5395.32,3506.96,2590.1322,5428.99,8044.39,-0.325121,-32.51,1.083644,No,0.00,0.00
id#53,2574.0677,7638.09,4964.76,2590.1322,7685.76,9161.30,-0.161062,-16.11,1.083644,No,0.00,0.00
id#54,2574.0677,5029.15,3268.95,2590.1322,5060.54,5882.17,-0.139682,-13.97,1.083644,No,0.00,0.00
id#55,2574.0677,4534.56,2947.47,2590.1322,4534.56,6632.55,-0.316317,-31.63,1.076923,No,0.00,0.00
id#56,2574.0677,6816.70,4430.86,2590.1322,6816.70,7874.96,-0.134382,-13.44,1.076923,No,0.00,0.00
id#57,2574.0677,8564.56,5566.96,2590.1322,8618.01,9440.52,-0.087125,-8.71,1.083644,No,0.00,0.00
id#58,2574.0677,5849.42,3802.12,2590.1322,5883.48,6764.59,-0.130254,-13.03,1.083195,No,0.00,0.00
id#59,2574.0677,4680.08,3042.05,2590.1322,4680.08,5630.73,-0.168834,-16.88,1.076923,No,0.00,0.00
id#60,2574.0677,5238.46,3405.00,2590.1322,5242.41,5527.78,-0.051624,-5.16,1.077735,No,0.00,0.00
id#61,2574.0677,5582.96,3628.93,2590.1322,5582.96,7043.57,-0.207368,-20.74,1.076923,No,0.00,0.00
id#62,2574.0677,6129.62,3984.25,2590.1322,6167.87,9407.56,-0.344371,-34.44,1.083644,No,0.00,0.00
id#63,2574.0677,5828.60,3788.59,2590.1322,5864.06,6927.53,-0.153513,-15.35,1.083476,No,0.00,0.00
id#64,2574.0677,4127.10,2682.62,2590.1322,4152.86,6263.33,-0.336957,-33.70,1.083644,No,0.00,0.00
id#65,2574.0677,5633.41,3661.72,2590.1322,5643.77,5685.73,-0.007381,-0.74,1.078903,No,0.00,0.00
id#66,2574.0677,4714.95,3064.72,2590.1322,4714.95,5750.05,-0.180015,-18.00,1.076923,No,0.00,0.00
id#67,2574.0677,5443.22,3538.09,2590.1322,5477.15,6850.59,-0.200484,-20.05,1.083637,No,0.00,0.00
id#68,2574.0677,7255.60,4716.14,2590.1322,7265.37,7424.30,-0.021407,-2.14,1.078373,No,0.00,0.00
id#69,2574.0677,6303.98,4097.59,2590.1322,6337.51,7113.22,-0.109051,-10.91,1.082652,No,0.00,0.00
id#70,2574.0677,4402.08,2861.36,2590.1322,4429.56,5705.30,-0.223607,-22.36,1.083644,No,0.00,0.00
id#71,2574.0677,5569.18,3619.96,2590.1322,5591.71,6034.05,-0.073308,-7.33,1.081280,No,0.00,0.00
id#72,2574.0677,5582.75,3628.79,2590.1322,5617.59,7414.03,-0.242302,-24.23,1.083644,No,0.00,0.00
id#73,2574.0677,4100.77,2665.50,2590.1322,4126.36,6199.91,-0.334448,-33.44,1.083644,No,0.00,0.00
id#74,2574.0677,5407.22,3514.69,2590.1322,5434.07,6046.05,-0.101221,-10.12,1.082270,No,0.00,0.00
id#75,2574.0677,5408.82,3515.74,2590.1322,5426.34,5448.99,-0.004157,-0.42,1.080412,No,0.00,0.00
id#76,2574.0677,5253.65,3414.87,2590.1322,5286.44,7429.73,-0.288475,-28.85,1.083644,No,0.00,0.00
id#77,2574.0677,5358.88,3483.27,2590.1322,5392.32,8073.55,-0.332101,-33.21,1.083644,No,0.00,0.00
id#78,2574.0677,4764.03,3096.62,2590.1322,4764.03,6401.97,-0.255850,-25.59,1.076923,No,0.00,0.00
id#79,2574.0677,4419.52,2872.69,2590.1322,4419.52,6663.75,-0.336782,-33.68,1.076923,No,0.00,0.00
id#80,2574.0677,7309.24,4751.01,2590.1322,7309.24,9456.37,-0.227057,-22.71,1.076923,No,0.00,0.00
id#81,2574.0677,5037.17,3274.16,2590.1322,5037.17,5973.49,-0.156746,-15.67,1.076923,No,0.00,0.00
id#82,2574.0677,6346.17,4125.01,2590.1322,6369.55,6426.13,-0.008805,-0.88,1.080890,No,0.00,0.00
id#83,2574.0677,6584.65,4280.02,2590.1322,6625.75,8954.95,-0.260102,-26.01,1.083644,No,0.00,0.00
id#84,2574.0677,8533.83,5546.99,2590.1322,8587.09,9377.44,-0.084282,-8.43,1.083644,No,0.00,0.00
id#85,2574.0677,4357.96,2832.67,2590.1322,4385.15,5725.09,-0.234046,-23.40,1.083644,No,0.00,0.00
id#86,2574.0677,6079.25,3951.51,2590.1322,6111.85,6994.20,-0.126154,-12.62,1.082698,No,0.00,0.00
id#87,2574.0677,4868.48,3164.51,2590.1322,4897.33,6194.61,-0.209421,-20.94,1.083305,No,0.00,0.00
id#88,2574.0677,6800.67,4420.44,2590.1322,6843.12,8791.86,-0.221653,-22.17,1.083644,No,0.00,0.00
id#89,2574.0677,4131.80,2685.67,2590.1322,4131.80,4838.06,-0.145980,-14.60,1.076923,No,0.00,0.00
id#90,2574.0677,6105.19,3968.37,2590.1322,6105.19,7283.26,-0.161751,-16.18,1.076923,No,0.00,0.00
id#91,2574.0677,5171.80,3361.67,2590.1322,5171.80,5778.17,-0.104941,-10.49,1.076923,No,0.00,0.00
id#92,2574.0677,7878.47,5121.00,2590.1322,7892.53,7959.01,-0.008352,-0.84,1.078846,No,0.00,0.00
id#93,2574.0677,6098.49,3964.02,2590.1322,6112.99,6117.44,-0.000728,-0.07,1.079483,No,0.00,0.00
id#94,2574.0677,3968.13,2579.29,2590.1322,3968.13,5540.44,-0.283787,-28.38,1.076923,No,0.00,0.00
id#95,2574.0677,5053.75,3284.94,2590.1322,5053.75,5647.62,-0.105153,-10.52,1.076923,No,0.00,0.00
id#96,2574.0677,4283.64,2784.37,2590.1322,4283.64,5598.51,-0.234861,-23.49,1.076923,No,0.00,0.00
id#97,2574.0677,6642.67,4317.73,2590.1322,6648.01,6761.73,-0.016818,-1.68,1.077789,No,0.00,0.00
id#98,2574.0677,5837.06,3794.09,2590.1322,5858.31,5903.74,-0.007694,-0.77,1.080844,No,0.00,0.00
id#99,2574.0677,6675.53,4339.09,2590.1322,6698.08,6716.59,-0.002756,-0.28,1.080561,No,0.00,0.00
id#100,2574.0677,5735.92,3728.35,2590.1322,5752.58,5811.79,-0.010188,-1.02,1.080052,No,0.00,0.00
id#101,2574.0677,4202.99,2731.94,2590.1322,4202.99,5126.96,-0.180218,-18.02,1.076923,No,0.00,0.00
id#102,2574.0677,4756.68,3091.84,2590.1322,4756.68,7188.64,-0.338307,-33.83,1.076923,No,0.00,0.00
id#103,2574.0677,4269.07,2774.90,2590.1322,4292.36,5519.32,-0.222303,-22.23,1.082797,No,0.00,0.00
id#104,2574.0677,5368.39,3489.45,2590.1322,5373.71,5582.42,-0.037388,-3.74,1.077990,No,0.00,0.00
id#105,2574.0677,6542.87,4252.86,2590.1322,6583.70,8928.76,-0.262641,-26.26,1.083644,No,0.00,0.00
id#106,2574.0677,5554.70,3610.56,2590.1322,5554.70,6232.08,-0.108692,-10.87,1.076923,No,0.00,0.00
id#107,2574.0677,5493.43,3570.73,2590.1322,5493.43,7986.48,-0.312158,-31.22,1.076923,No,0.00,0.00
id#108,2574.0677,6335.11,4117.82,2590.1322,6335.11,6924.69,-0.085142,-8.51,1.076923,No,0.00,0.00
id#109,2574.0677,4138.44,2689.99,2590.1322,4138.44,6075.45,-0.318825,-31.88,1.076923,No,0.00,0.00
id#110,2574.0677,6139.05,3990.38,2590.1322,6139.05,7322.76,-0.161648,-16.16,1.076923,No,0.00,0.00
id#111,2574.0677,6204.47,4032.91,2590.1322,6214.16,6299.09,-0.013484,-1.35,1.078604,No,0.00,0.00
id#112,2574.0677,5027.27,3267.73,2590.1322,5042.14,5073.79,-0.006238,-0.62,1.080108,No,0.00,0.00
id#113,2574.0677,6846.17,4450.01,2590.1322,6888.90,8158.58,-0.155625,-15.56,1.083644,No,0.00,0.00
id#114,2574.0677,4702.69,3056.75,2590.1322,4728.05,5794.06,-0.183983,-18.40,1.082731,No,0.00,0.00
id#115,2574.0677,8127.87,5283.12,2590.1322,8127.87,8863.88,-0.083035,-8.30,1.076923,No,0.00,0.00
id#116,2574.0677,5808.97,3775.83,2590.1322,5808.97,6524.14,-0.109619,-10.96,1.076923,No,0.00,0.00
id#117,2574.0677,6461.23,4199.80,2590.1322,6461.23,7352.69,-0.121243,-12.12,1.076923,No,0.00,0.00
id#118,2574.0677,5072.62,3297.20,2590.1322,5072.62,6157.93,-0.176247,-17.62,1.076923,No,0.00,0.00
id#119,2574.0677,6728.79,4373.71,2590.1322,6736.92,6911.06,-0.025198,-2.52,1.078224,No,0.00,0.00
id#120,2574.0677,5598.99,3639.34,2590.1322,5622.49,5835.88,-0.036565,-3.66,1.081443,No,0.00,0.00
id#121,2574.0677,5792.48,3765.11,2590.1322,5828.63,8110.54,-0.281351,-28.14,1.083644,No,0.00,0.00
id#122,2574.0677,5437.87,3534.61,2590.1322,5437.87,6475.90,-0.160291,-16.03,1.076923,No,0.00,0.00
id#123,2574.0677,6262.88,4070.87,2590.1322,6262.88,8923.86,-0.298187,-29.82,1.076923,No,0.00,0.00
id#124,2574.0677,6073.74,3947.93,2590.1322,6073.74,8778.18,-0.308086,-30.81,1.076923,No,0.00,0.00
id#125,2574.0677,7386.26,4801.07,2590.1322,7432.24,8191.35,-0.092672,-9.27,1.083628,No,0.00,0.00
id#126,2574.0677,6925.66,4501.68,2590.1322,6951.74,6976.23,-0.003511,-0.35,1.080978,No,0.00,0.00
id#127,2574.0677,5962.12,3875.38,2590.1322,5962.12,6928.36,-0.139461,-13.95,1.076923,No,0.00,0.00
id#128,2574.0677,5349.27,3477.03,2590.1322,5349.27,6739.99,-0.206339,-20.63,1.076923,No,0.00,0.00
id#129,2574.0677,5115.23,3324.90,2590.1322,5119.65,5355.31,-0.044006,-4.40,1.077853,No,0.00,0.00
id#130,2574.0677,5343.77,3473.45,2590.1322,5377.12,7139.70,-0.246871,-24.69,1.083644,No,0.00,0.00
id#131,2574.0677,5720.63,3718.41,2590.1322,5723.16,6108.34,-0.063058,-6.31,1.077399,No,0.00,0.00
id#132,2574.0677,6876.65,4469.82,2590.1322,6876.65,8674.61,-0.207267,-20.73,1.076923,No,0.00,0.00
id#133,2574.0677,7172.94,4662.41,2590.1322,7197.99,7344.29,-0.019920,-1.99,1.080685,No,0.00,0.00
id#134,2574.0677,5529.29,3594.04,2590.1322,5534.73,5708.43,-0.030427,-3.04,1.077983,No,0.00,0.00
id#135,2574.0677,4898.33,3183.91,2590.1322,4924.67,5753.22,-0.144015,-14.40,1.082715,No,0.00,0.00
id#136,2574.0677,5500.75,3575.48,2590.1322,5500.75,6271.72,-0.122928,-12.29,1.076923,No,0.00,0.00
id#137,2574.0677,7833.11,5091.52,2590.1322,7864.52,8118.16,-0.031244,-3.12,1.081241,No,0.00,0.00
id#138,2574.0677,5944.18,3863.72,2590.1322,5980.27,7261.62,-0.176455,-17.65,1.083460,No,0.00,0.00
id#139,2574.0677,5053.27,3284.62,2590.1322,5067.80,5091.41,-0.004639,-0.46,1.080019,No,0.00,0.00
id#140,2574.0677,6993.23,4545.60,2590.1322,7016.74,7170.62,-0.021460,-2.15,1.080544,No,0.00,0.00
id#141,2574.0677,6329.32,4114.06,2590.1322,6337.39,6469.65,-0.020443,-2.04,1.078297,No,0.00,0.00
id#142,2574.0677,6711.71,4362.61,2590.1322,6726.61,6743.07,-0.002440,-0.24,1.079314,No,0.00,0.00
id#143,2574.0677,5394.63,3506.51,2590.1322,5410.48,5462.58,-0.009537,-0.95,1.080088,No,0.00,0.00
id#144,2574.0677,5866.13,3812.98,2590.1322,5873.66,5981.46,-0.018022,-1.80,1.078305,No,0.00,0.00
id#145,2574.0677,5809.76,3776.35,2590.1322,5809.76,6389.35,-0.090711,-9.07,1.076923,No,0.00,0.00
id#146,2574.0677,5301.75,3446.14,2590.1322,5331.86,5980.36,-0.108439,-10.84,1.083038,No,0.00,0.00
id#147,2574.0677,7318.70,4757.16,2590.1322,7334.63,7344.41,-0.001331,-0.13,1.079266,No,0.00,0.00
id#148,2574.0677,7300.40,4745.26,2590.1322,7345.96,8381.28,-0.123528,-12.35,1.083644,No,0.00,0.00
id#149,2574.0677,6088.20,3957.33,2590.1322,6088.20,7297.51,-0.165715,-16.57,1.076923,No,0.00,0.00
id#150,2574.0677,5828.10,3788.27,2590.1322,5837.76,5901.86,-0.010862,-1.09,1.078707,No,0.00,0.00
id#151,2574.0677,5276.76,3429.89,2590.1322,5285.58,5344.34,-0.010995,-1.10,1.078724,No,0.00,0.00
id#152,2574.0677,5677.26,3690.22,2590.1322,5677.26,7813.37,-0.273391,-27.34,1.076923,No,0.00,0.00
id#153,2574.0677,7569.30,4920.05,2590.1322,7569.30,8348.82,-0.093368,-9.34,1.076923,No,0.00,0.00
id#154,2574.0677,6981.38,4537.90,2590.1322,7019.60,7307.87,-0.039446,-3.94,1.082818,No,0.00,0.00
id#155,2574.0677,5838.90,3795.28,2590.1322,5838.90,8545.65,-0.316740,-31.67,1.076923,No,0.00,0.00
id#156,2574.0677,5997.01,3898.06,2590.1322,6034.44,6971.75,-0.134445,-13.44,1.083644,No,0.00,0.00
id#157,2574.0677,5532.31,3596.00,2590.1322,5537.47,5680.07,-0.025104,-2.51,1.077928,No,0.00,0.00
id#158,2574.0677,4175.66,2714.18,2590.1322,4175.66,5988.87,-0.302764,-30.28,1.076923,No,0.00,0.00
id#159,2574.0677,5702.10,3706.37,2590.1322,5737.69,8629.65,-0.335119,-33.51,1.083644,No,0.00,0.00
id#160,2574.0677,6795.57,4417.12,2590.1322,6837.98,7976.78,-0.142765,-14.28,1.083644,No,0.00,0.00
id#161,2574.0677,7808.43,5075.48,2590.1322,7844.39,8625.30,-0.090536,-9.05,1.081883,No,0.00,0.00
id#162,2574.0677,6426.04,4176.93,2590.1322,6466.15,9170.91,-0.294929,-29.49,1.083644,No,0.00,0.00
id#163,2574.0677,6603.08,4292.00,2590.1322,6603.08,7850.88,-0.158938,-15.89,1.076923,No,0.00,0.00
id#164,2574.0677,5490.27,3568.67,2590.1322,5490.27,7223.77,-0.239972,-24.00,1.076923,No,0.00,0.00
id#165,2574.0677,5252.55,3414.15,2590.1322,5262.80,5291.74,-0.005468,-0.55,1.079026,No,0.00,0.00
id#166,2574.0677,5933.65,3856.87,2590.1322,5933.65,6772.19,-0.123821,-12.38,1.076923,No,0.00,0.00
id#167,2574.0677,4678.83,3041.24,2590.1322,4678.83,6118.54,-0.235304,-23.53,1.076923,No,0.00,0.00
id#168,2574.0677,4418.69,2872.15,2590.1322,4418.69,6589.91,-0.329477,-32.95,1.076923,No,0.00,0.00
id#169,2574.0677,6531.02,4245.16,2590.1322,6546.59,6546.64,-0.000006,-0.00,1.079492,No,0.00,0.00
id#170,2574.0677,5311.12,3452.23,2590.1322,5330.78,5530.61,-0.036130,-3.61,1.080911,No,0.00,0.00
id#171,2574.0677,6652.66,4324.23,2590.1322,6694.18,7595.98,-0.118721,-11.87,1.083644,No,0.00,0.00
id#172,2574.0677,6660.54,4329.35,2590.1322,6660.54,7680.01,-0.132743,-13.27,1.076923,No,0.00,0.00
id#173,2574.0677,5438.49,3535.02,2590.1322,5472.43,6425.18,-0.148284,-14.83,1.083644,No,0.00,0.00
id#174,2574.0677,6852.37,4454.04,2590.1322,6852.37,7879.35,-0.130338,-13.03,1.076923,No,0.00,0.00
id#175,2574.0677,3567.11,2318.62,2590.1322,3567.11,4588.16,-0.222540,-22.25,1.076923,No,0.00,0.00
id#176,2574.0677,7151.47,4648.46,2590.1322,7196.10,9168.74,-0.215148,-21.51,1.083644,No,0.00,0.00
id#177,2574.0677,7187.25,4671.71,2590.1322,7187.25,8199.93,-0.123499,-12.35,1.076923,No,0.00,0.00
id#178,2574.0677,4971.77,3231.65,2590.1322,5002.19,6084.41,-0.177868,-17.79,1.083512,No,0.00,0.00
id#179,2574.0677,7098.45,4614.00,2590.1322,7098.45,8254.46,-0.140046,-14.00,1.076923,No,0.00,0.00
id#180,2574.0677,5041.94,3277.26,2590.1322,5073.40,6056.49,-0.162320,-16.23,1.083644,No,0.00,0.00
id#181,2574.0677,5848.43,3801.48,2590.1322,5848.43,8901.04,-0.342950,-34.30,1.076923,No,0.00,0.00
id#182,2574.0677,8096.30,5262.59,2590.1322,8096.30,9404.72,-0.139123,-13.91,1.076923,No,0.00,0.00
id#183,2574.0677,4109.31,2671.05,2590.1322,4134.95,5998.33,-0.310649,-31.06,1.083644,No,0.00,0.00
id#184,2574.0677,5590.67,3633.94,2590.1322,5590.67,6996.56,-0.200940,-20.09,1.076923,No,0.00,0.00
id#185,2574.0677,6178.36,4015.93,2590.1322,6178.36,7212.24,-0.143351,-14.34,1.076923,No,0.00,0.00
id#186,2574.0677,4603.51,2992.28,2590.1322,4605.48,4922.17,-0.064340,-6.43,1.077384,No,0.00,0.00
id#187,2574.0677,6773.94,4403.06,2590.1322,6787.83,6801.85,-0.002061,-0.21,1.079132,No,0.00,0.00
id#188,2574.0677,6563.07,4266.00,2590.1322,6576.30,6606.92,-0.004634,-0.46,1.079094,No,0.00,0.00
id#189,2574.0677,4372.37,2842.04,2590.1322,4372.37,6088.16,-0.281825,-28.18,1.076923,No,0.00,0.00
id#190,2574.0677,7094.29,4611.29,2590.1322,7138.56,8256.71,-0.135423,-13.54,1.083644,No,0.00,0.00
id#191,2574.0677,6569.72,4270.32,2590.1322,6606.29,7566.41,-0.126893,-12.69,1.082917,No,0.00,0.00
id#192,2574.0677,5080.89,3302.58,2590.1322,5112.60,5796.03,-0.117914,-11.79,1.083644,No,0.00,0.00
id#193,2574.0677,4499.22,2924.49,2590.1322,4499.22,5389.51,-0.165191,-16.52,1.076923,No,0.00,0.00
id#194,2574.0677,7380.32,4797.21,2590.1322,7426.38,8838.02,-0.159724,-15.97,1.083644,No,0.00,0.00
id#195,2574.0677,5628.09,3658.26,2590.1322,5663.22,7111.51,-0.203654,-20.37,1.083644,No,0.00,0.00
id#196,2574.0677,6645.75,4319.73,2590.1322,6673.84,7226.51,-0.076478,-7.65,1.081476,No,0.00,0.00
id#197,2574.0677,5687.37,3696.79,2590.1322,5687.37,6589.45,-0.136897,-13.69,1.076923,No,0.00,0.00
id#198,2574.0677,4636.95,3014.02,2590.1322,4636.95,5621.40,-0.175126,-17.51,1.076923,No,0.00,0.00
id#199,2574.0677,6040.25,3926.16,2590.1322,6059.38,6071.08,-0.001927,-0.19,1.080334,No,0.00,0.00
id#200,2574.0677,5684.05,3694.63,2590.1322,5719.52,8692.81,-0.342039,-34.20,1.083644,No,0.00,0.00
id#201,2574.0677,6430.61,4179.89,2590.1322,6470.74,6758.08,-0.042519,-4.25,1.083644,No,0.00,0.00
id#202,2574.0677,4465.94,2902.86,2590.1322,4465.94,5699.22,-0.216394,-21.64,1.076923,No,0.00,0.00
id#203,2574.0677,7796.24,5067.56,2590.1322,7844.90,9065.02,-0.134597,-13.46,1.083644,No,0.00,0.00
id#204,2574.0677,5940.34,3861.22,2590.1322,5940.34,7645.21,-0.222998,-22.30,1.076923,No,0.00,0.00
id#205,2574.0677,6223.97,4045.58,2590.1322,6262.82,8536.19,-0.266322,-26.63,1.083644,No,0.00,0.00
id#206,2574.0677,5776.60,3754.79,2590.1322,5783.39,5948.42,-0.027744,-2.77,1.078189,No,0.00,0.00
id#207,2574.0677,5324.75,3461.09,2590.1322,5324.75,6689.66,-0.204033,-20.40,1.076923,No,0.00,0.00
id#208,2574.0677,5256.19,3416.53,2590.1322,5262.19,5405.77,-0.026561,-2.66,1.078151,No,0.00,0.00
id#209,2574.0677,6199.36,4029.58,2590.1322,6210.84,6251.37,-0.006484,-0.65,1.078917,No,0.00,0.00
id#210,2574.0677,3912.13,2542.89,2590.1322,3912.13,5644.44,-0.306905,-30.69,1.076923,No,0.00,0.00
id#211,2574.0677,7044.23,4578.75,2590.1322,7088.19,7499.86,-0.054890,-5.49,1.083644,No,0.00,0.00
id#212,2574.0677,5446.80,3540.42,2590.1322,5446.80,6631.03,-0.178589,-17.86,1.076923,No,0.00,0.00
id#213,2574.0677,4450.99,2893.14,2590.1322,4450.99,5020.51,-0.113439,-11.34,1.076923,No,0.00,0.00
id#214,2574.0677,5180.40,3367.26,2590.1322,5180.40,6363.38,-0.185904,-18.59,1.076923,No,0.00,0.00
id#215,2574.0677,6498.74,4224.18,2590.1322,6498.74,7260.90,-0.104968,-10.50,1.076923,No,0.00,0.00
id#216,2574.0677,5699.43,3704.63,2590.1322,5699.43,7370.76,-0.226751,-22.68,1.076923,No,0.00,0.00
id#217,2574.0677,4632.65,3011.22,2590.1322,4632.65,6469.89,-0.283968,-28.40,1.076923,No,0.00,0.00
id#218,2574.0677,6615.34,4299.97,2590.1322,6615.34,7865.80,-0.158974,-15.90,1.076923,No,0.00,0.00
id#219,2574.0677,6582.38,4278.55,2590.1322,6582.38,7386.33,-0.108843,-10.88,1.076923,No,0.00,0.00
id#220,2574.0677,5672.57,3687.17,2590.1322,5690.93,5737.94,-0.008193,-0.82,1.080408,No,0.00,0.00
id#221,2574.0677,6060.22,3939.14,2590.1322,6065.54,6344.62,-0.043987,-4.40,1.077869,No,0.00,0.00
id#222,2574.0677,5134.19,3337.23,2590.1322,5134.19,5729.84,-0.103955,-10.40,1.076923,No,0.00,0.00
id#223,2574.0677,5851.32,3803.36,2590.1322,5851.32,7216.52,-0.189177,-18.92,1.076923,No,0.00,0.00
id#224,2574.0677,5142.37,3342.54,2590.1322,5166.38,5641.46,-0.084213,-8.42,1.081952,No,0.00,0.00
id#225,2574.0677,6301.65,4096.07,2590.1322,6301.65,7920.14,-0.204351,-20.44,1.076923,No,0.00,0.00
id#226,2574.0677,6804.21,4422.74,2590.1322,6816.36,6870.08,-0.007819,-0.78,1.078846,No,0.00,0.00
id#227,2574.0677,5624.09,3655.66,2590.1322,5638.91,5652.88,-0.002473,-0.25,1.079760,No,0.00,0.00
id#228,2574.0677,4641.17,3016.76,2590.1322,4641.17,5397.48,-0.140121,-14.01,1.076923,No,0.00,0.00
id#229,2574.0677,6459.68,4198.79,2590.1322,6472.51,6494.95,-0.003456,-0.35,1.079062,No,0.00,0.00
id#230,2574.0677,4808.70,3125.65,2590.1322,4827.49,5144.54,-0.061629,-6.16,1.081131,No,0.00,0.00
id#231,2574.0677,7446.78,4840.41,2590.1322,7456.83,7618.31,-0.021197,-2.12,1.078376,No,0.00,0.00
id#232,2574.0677,5518.84,3587.25,2590.1322,5518.84,7143.77,-0.227461,-22.75,1.076923,No,0.00,0.00
id#233,2574.0677,6946.66,4515.33,2590.1322,6946.66,7938.88,-0.124983,-12.50,1.076923,No,0.00,0.00
id#234,2574.0677,4664.71,3032.06,2590.1322,4664.71,6632.29,-0.296667,-29.67,1.076923,No,0.00,0.00
id#235,2574.0677,4229.76,2749.34,2590.1322,4229.76,6467.57,-0.346005,-34.60,1.076923,No,0.00,0.00
id#236,2574.0677,4364.49,2836.92,2590.1322,4364.49,6957.08,-0.372655,-37.27,1.076923,No,0.00,0.00
id#237,2574.0677,6139.46,3990.65,2590.1322,6139.46,7926.45,-0.225447,-22.54,1.076923,No,0.00,0.00
id#238,2574.0677,7812.90,5078.39,2590.1322,7823.86,7951.91,-0.016104,-1.61,1.078433,No,0.00,0.00
id#239,2574.0677,5384.38,3499.84,2590.1322,5384.38,7557.38,-0.287534,-28.75,1.076923,No,0.00,0.00
id#240,2574.0677,5052.89,3284.38,2590.1322,5052.89,6233.11,-0.189347,-18.93,1.076923,No,0.00,0.00
id#241,2574.0677,6518.82,4237.24,2590.1322,6559.51,7879.01,-0.167471,-16.75,1.083644,No,0.00,0.00
id#242,2574.0677,6344.97,4124.23,2590.1322,6364.77,6486.90,-0.018828,-1.88,1.080284,No,0.00,0.00
id#243,2574.0677,4483.56,2914.31,2590.1322,4483.56,6790.36,-0.339717,-33.97,1.076923,No,0.00,0.00
id#244,2574.0677,8638.08,5614.75,2590.1322,8663.64,8669.54,-0.000680,-0.07,1.080110,No,0.00,0.00
id#245,2574.0677,6210.34,4036.72,2590.1322,6210.34,8201.84,-0.242812,-24.28,1.076923,No,0.00,0.00
id#246,2574.0677,6330.11,4114.57,2590.1322,6358.79,7035.46,-0.096179,-9.62,1.081804,No,0.00,0.00
id#247,2574.0677,6703.63,4357.36,2590.1322,6744.45,7293.78,-0.075315,-7.53,1.083482,No,0.00,0.00
id#248,2574.0677,7634.92,4962.70,2590.1322,7658.57,7762.72,-0.013416,-1.34,1.080259,No,0.00,0.00
id#249,2574.0677,4565.39,2967.50,2590.1322,4565.40,5075.18,-0.100445,-10.04,1.076926,No,0.00,0.00
id#250,2574.0677,5384.25,3499.76,2590.1322,5389.91,5529.28,-0.025206,-2.52,1.078054,No,0.00,0.00
id#251,2574.0677,6040.84,3926.55,2590.1322,6057.73,6076.56,-0.003099,-0.31,1.079933,No,0.00,0.00
id#252,2574.0677,7109.78,4621.35,2590.1322,7154.15,9129.23,-0.216347,-21.63,1.083644,No,0.00,0.00
id#253,2574.0677,4891.00,3179.15,2590.1322,4897.40,5010.57,-0.022586,-2.26,1.078332,No,0.00,0.00
id#254,2574.0677,5259.87,3418.91,2590.1322,5259.87,6438.41,-0.183049,-18.30,1.076923,No,0.00,0.00
id#255,2574.0677,5991.67,3894.58,2590.1322,6003.07,6038.09,-0.005801,-0.58,1.078972,No,0.00,0.00
id#256,2574.0677,4186.34,2721.12,2590.1322,4186.34,5775.53,-0.275160,-27.52,1.076923,No,0.00,0.00
id#257,2574.0677,7218.25,4691.86,2590.1322,7246.98,7471.98,-0.030113,-3.01,1.081209,No,0.00,0.00
id#258,2574.0677,4547.29,2955.74,2590.1322,4547.29,6667.37,-0.317978,-31.80,1.076923,No,0.00,0.00
id#259,2574.0677,5381.39,3497.90,2590.1322,5381.39,6889.55,-0.218906,-21.89,1.076923,No,0.00,0.00
id#260,2574.0677,7667.04,4983.58,2590.1322,7683.05,7709.79,-0.003469,-0.35,1.079172,No,0.00,0.00
id#261,2574.0677,6994.71,4546.56,2590.1322,7012.33,7013.13,-0.000114,-0.01,1.079636,No,0.00,0.00
id#262,2574.0677,7374.94,4793.71,2590.1322,7404.38,7531.67,-0.016901,-1.69,1.081221,No,0.00,0.00
id#263,2574.0677,7032.34,4571.02,2590.1322,7066.11,8026.13,-0.119611,-11.96,1.082095,No,0.00,0.00
id#264,2574.0677,6195.37,4026.99,2590.1322,6234.03,7481.91,-0.166786,-16.68,1.083644,No,0.00,0.00
id#265,2574.0677,7510.47,4881.81,2590.1322,7537.62,7827.08,-0.036981,-3.70,1.080816,No,0.00,0.00
id#266,2574.0677,5165.11,3357.32,2590.1322,5180.24,5213.89,-0.006456,-0.65,1.080077,No,0.00,0.00
id#267,2574.0677,5954.90,3870.69,2590.1322,5992.07,7707.37,-0.222554,-22.26,1.083644,No,0.00,0.00
id#268,2574.0677,7606.77,4944.40,2590.1322,7631.30,7632.57,-0.000167,-0.02,1.080396,No,0.00,0.00
id#269,2574.0677,7070.33,4595.72,2590.1322,7070.33,8710.57,-0.188305,-18.83,1.076923,No,0.00,0.00
id#270,2574.0677,4711.91,3062.74,2590.1322,4711.91,7114.90,-0.337741,-33.77,1.076923,No,0.00,0.00
id#271,2574.0677,5498.72,3574.17,2590.1322,5523.00,5908.96,-0.065318,-6.53,1.081679,No,0.00,0.00
id#272,2574.0677,6086.43,3956.18,2590.1322,6124.41,7418.64,-0.174456,-17.45,1.083644,No,0.00,0.00
id#273,2574.0677,7787.01,5061.56,2590.1322,7787.81,8343.02,-0.066549,-6.65,1.077033,No,0.00,0.00
id#274,2574.0677,4788.18,3112.32,2590.1322,4788.18,5588.64,-0.143230,-14.32,1.076923,No,0.00,0.00
id#275,2574.0677,6170.72,4010.97,2590.1322,6179.62,6281.59,-0.016233,-1.62,1.078478,No,0.00,0.00
id#276,2574.0677,7015.69,4560.20,2590.1322,7042.15,7386.82,-0.046661,-4.67,1.080984,No,0.00,0.00
id#277,2574.0677,4896.35,3182.63,2590.1322,4920.83,5608.94,-0.122681,-12.27,1.082308,No,0.00,0.00
id#278,2574.0677,6608.54,4295.55,2590.1322,6612.19,6990.20,-0.054077,-5.41,1.077519,No,0.00,0.00
id#279,2574.0677,5660.76,3679.50,2590.1322,5660.76,8222.79,-0.311576,-31.16,1.076923,No,0.00,0.00
id#280,2574.0677,4297.96,2793.67,2590.1322,4297.96,5276.68,-0.185480,-18.55,1.076923,No,0.00,0.00
id#281,2574.0677,4857.24,3157.21,2590.1322,4887.55,6507.74,-0.248963,-24.90,1.083644,No,0.00,0.00
id#282,2574.0677,4992.82,3245.33,2590.1322,4992.82,6510.82,-0.233150,-23.32,1.076923,No,0.00,0.00
id#283,2574.0677,5951.75,3868.64,2590.1322,5977.61,6266.94,-0.046167,-4.62,1.081602,No,0.00,0.00
id#284,2574.0677,6576.42,4274.67,2590.1322,6601.57,6684.29,-0.012377,-1.24,1.081041,No,0.00,0.00
id#285,2574.0677,4868.27,3164.38,2590.1322,4892.81,5751.19,-0.149252,-14.93,1.082352,No,0.00,0.00
id#286,2574.0677,6153.38,3999.70,2590.1322,6190.83,8219.69,-0.246829,-24.68,1.083477,No,0.00,0.00
id#287,2574.0677,7151.42,4648.42,2590.1322,7185.91,8099.90,-0.112839,-11.28,1.082118,No,0.00,0.00
id#288,2574.0677,5259.43,3418.63,2590.1322,5259.43,5894.53,-0.107744,-10.77,1.076923,No,0.00,0.00
id#289,2574.0677,3482.80,2263.82,2590.1322,3482.80,4869.25,-0.284735,-28.47,1.076923,No,0.00,0.00
id#290,2574.0677,5368.79,3489.71,2590.1322,5380.58,5393.23,-0.002347,-0.23,1.079288,No,0.00,0.00
id#291,2574.0677,6983.82,4539.48,2590.1322,6983.82,9212.51,-0.241920,-24.19,1.076923,No,0.00,0.00
id#292,2574.0677,7828.10,5088.27,2590.1322,7835.34,8094.71,-0.032042,-3.20,1.077919,No,0.00,0.00
id#293,2574.0677,5167.96,3359.17,2590.1322,5172.84,5368.01,-0.036358,-3.64,1.077941,No,0.00,0.00
id#294,2574.0677,5635.79,3663.27,2590.1322,5635.79,7015.11,-0.196621,-19.66,1.076923,No,0.00,0.00
id#295,2574.0677,5662.09,3680.36,2590.1322,5662.09,8396.36,-0.325649,-32.56,1.076923,No,0.00,0.00
id#296,2574.0677,4799.77,3119.85,2590.1322,4829.66,6150.87,-0.214800,-21.48,1.083630,No,0.00,0.00
id#297,2574.0677,6001.79,3901.17,2590.1322,6039.25,7326.71,-0.175721,-17.57,1.083644,No,0.00,0.00
id#298,2574.0677,5833.55,3791.81,2590.1322,5869.96,8702.32,-0.325472,-32.55,1.083644,No,0.00,0.00
id#299,2574.0677,4921.45,3198.94,2590.1322,4952.17,6208.09,-0.202305,-20.23,1.083644,No,0.00,0.00
id#300,2574.0677,7358.42,4782.97,2590.1322,7369.88,7468.87,-0.013254,-1.33,1.078600,No,0.00,0.00
id#301,2574.0677,4993.32,3245.66,2590.1322,4993.32,7260.76,-0.312286,-31.23,1.076923,No,0.00,0.00
id#302,2574.0677,5766.96,3748.52,2590.1322,5802.95,7855.77,-0.261314,-26.13,1.083644,No,0.00,0.00
id#303,2574.0677,5732.68,3726.24,2590.1322,5744.76,5764.14,-0.003363,-0.34,1.079192,No,0.00,0.00
id#304,2574.0677,5146.83,3345.44,2590.1322,5146.83,6556.09,-0.214954,-21.50,1.076923,No,0.00,0.00
id#305,2574.0677,4021.03,2613.67,2590.1322,4021.03,5837.75,-0.311203,-31.12,1.076923,No,0.00,0.00
id#306,2574.0677,7672.16,4986.90,2590.1322,7720.04,8871.73,-0.129816,-12.98,1.083644,No,0.00,0.00
id#307,2574.0677,5792.79,3765.31,2590.1322,5810.97,5830.19,-0.003297,-0.33,1.080303,No,0.00,0.00
id#308,2574.0677,6091.94,3959.76,2590.1322,6124.71,6475.56,-0.054180,-5.42,1.082716,No,0.00,0.00
id#309,2574.0677,5407.34,3514.77,2590.1322,5435.00,5628.97,-0.034458,-3.45,1.082432,No,0.00,0.00
id#310,2574.0677,8539.34,5550.57,2590.1322,8556.43,8594.17,-0.004391,-0.44,1.079078,No,0.00,0.00
id#311,2574.0677,4578.11,2975.77,2590.1322,4578.11,6651.88,-0.311758,-31.18,1.076923,No,0.00,0.00
id#312,2574.0677,6843.05,4447.98,2590.1322,6843.26,7490.56,-0.086415,-8.64,1.076957,No,0.00,0.00
id#313,2574.0677,5997.90,3898.64,2590.1322,6035.33,8500.18,-0.289975,-29.00,1.083644,No,0.00,0.00
id#314,2574.0677,7884.51,5124.93,2590.1322,7895.59,7997.84,-0.012785,-1.28,1.078436,No,0.00,0.00
id#315,2574.0677,8121.20,5278.78,2590.1322,8145.47,8227.86,-0.010014,-1.00,1.080142,No,0.00,0.00
id#316,2574.0677,4980.58,3237.38,2590.1322,4994.15,5013.13,-0.003785,-0.38,1.079857,No,0.00,0.00
id#317,2574.0677,7126.53,4632.24,2590.1322,7152.06,7439.45,-0.038630,-3.86,1.080781,No,0.00,0.00
id#318,2574.0677,5673.64,3687.87,2590.1322,5696.96,5893.45,-0.033341,-3.33,1.081349,No,0.00,0.00
id#319,2574.0677,5993.22,3895.59,2590.1322,6024.68,6700.45,-0.100854,-10.09,1.082576,No,0.00,0.00
id#320,2574.0677,5519.17,3587.46,2590.1322,5519.17,6134.84,-0.100356,-10.04,1.076923,No,0.00,0.00
id#321,2574.0677,4954.08,3220.15,2590.1322,4954.08,7329.64,-0.324102,-32.41,1.076923,No,0.00,0.00
id#322,2574.0677,4736.98,3079.04,2590.1322,4741.51,4936.10,-0.039421,-3.94,1.077953,No,0.00,0.00
id#323,2574.0677,4833.08,3141.50,2590.1322,4855.21,5599.44,-0.132912,-13.29,1.081854,No,0.00,0.00
id#324,2574.0677,5431.63,3530.56,2590.1322,5431.63,7214.88,-0.247162,-24.72,1.076923,No,0.00,0.00
id#325,2574.0677,7113.72,4623.92,2590.1322,7143.89,7683.17,-0.070189,-7.02,1.081491,No,0.00,0.00
id#326,2574.0677,5132.33,3336.01,2590.1322,5132.33,6989.79,-0.265739,-26.57,1.076923,No,0.00,0.00
id#327,2574.0677,6239.20,4055.48,2590.1322,6239.20,7740.21,-0.193923,-19.39,1.076923,No,0.00,0.00
id#328,2574.0677,5666.35,3683.13,2590.1322,5666.35,6743.36,-0.159715,-15.97,1.076923,No,0.00,0.00
id#329,2574.0677,4705.94,3058.86,2590.1322,4735.31,6763.44,-0.299866,-29.99,1.083644,No,0.00,0.00
id#330,2574.0677,6034.13,3922.18,2590.1322,6034.13,7610.96,-0.207179,-20.72,1.076923,No,0.00,0.00
id#331,2574.0677,6136.26,3988.57,2590.1322,6146.03,6214.53,-0.011023,-1.10,1.078638,No,0.00,0.00
id#332,2574.0677,6831.84,4440.70,2590.1322,6831.84,7156.80,-0.045406,-4.54,1.076923,No,0.00,0.00
id#333,2574.0677,5563.61,3616.34,2590.1322,5563.61,7081.50,-0.214347,-21.43,1.076923,No,0.00,0.00
id#334,2574.0677,6109.05,3970.88,2590.1322,6140.27,7559.69,-0.187762,-18.78,1.082426,No,0.00,0.00
id#335,2574.0677,6412.79,4168.31,2590.1322,6451.87,7052.76,-0.085199,-8.52,1.083486,No,0.00,0.00
id#336,2574.0677,7149.42,4647.12,2590.1322,7169.42,7171.87,-0.000341,-0.03,1.079936,No,0.00,0.00
id#337,2574.0677,5095.96,3312.37,2590.1322,5127.76,6955.20,-0.262744,-26.27,1.083644,No,0.00,0.00
id#338,2574.0677,8673.41,5637.72,2590.1322,8696.78,8697.29,-0.000059,-0.01,1.079825,No,0.00,0.00
id#339,2574.0677,5672.97,3687.43,2590.1322,5685.96,5696.70,-0.001885,-0.19,1.079389,No,0.00,0.00
id#340,2574.0677,5623.95,3655.57,2590.1322,5623.95,7784.89,-0.277581,-27.76,1.076923,No,0.00,0.00
id#341,2574.0677,6382.40,4148.56,2590.1322,6386.33,6627.34,-0.036365,-3.64,1.077586,No,0.00,0.00
id#342,2574.0677,6109.48,3971.16,2590.1322,6142.79,7743.16,-0.206682,-20.67,1.082794,No,0.00,0.00
id#343,2574.0677,6823.91,4435.54,2590.1322,6823.91,7699.07,-0.113671,-11.37,1.076923,No,0.00,0.00
id#344,2574.0677,4616.62,3000.80,2590.1322,4616.62,5610.99,-0.177217,-17.72,1.076923,No,0.00,0.00
id#345,2574.0677,5747.02,3735.56,2590.1322,5772.69,6260.77,-0.077957,-7.80,1.081734,No,0.00,0.00
id#346,2574.0677,6600.09,4290.06,2590.1322,6617.24,6624.21,-0.001053,-0.11,1.079720,No,0.00,0.00
id#347,2574.0677,5888.61,3827.60,2590.1322,5891.43,6290.19,-0.063395,-6.34,1.077438,No,0.00,0.00
id#348,2574.0677,5613.15,3648.55,2590.1322,5648.18,7666.53,-0.263267,-26.33,1.083644,No,0.00,0.00
id#349,2574.0677,5098.79,3314.22,2590.1322,5098.79,5887.87,-0.134017,-13.40,1.076923,No,0.00,0.00
id#350,2574.0677,3828.10,2488.27,2590.1322,3851.99,6085.52,-0.367023,-36.70,1.083644,No,0.00,0.00
id#351,2574.0677,5831.10,3790.22,2590.1322,5849.30,5919.30,-0.011827,-1.18,1.080284,No,0.00,0.00
id#352,2574.0677,7248.61,4711.60,2590.1322,7283.24,7841.67,-0.071214,-7.12,1.082067,No,0.00,0.00
id#353,2574.0677,5660.99,3679.64,2590.1322,5696.32,6798.80,-0.162157,-16.22,1.083644,No,0.00,0.00
id#354,2574.0677,7190.65,4673.92,2590.1322,7208.77,7213.54,-0.000661,-0.07,1.079638,No,0.00,0.00
id#355,2574.0677,3810.74,2476.98,2590.1322,3810.74,5318.67,-0.283517,-28.35,1.076923,No,0.00,0.00
id#356,2574.0677,5759.58,3743.73,2590.1322,5790.33,6535.59,-0.114031,-11.40,1.082674,No,0.00,0.00
id#357,2574.0677,6643.05,4317.98,2590.1322,6643.05,7693.14,-0.136497,-13.65,1.076923,No,0.00,0.00
id#358,2574.0677,8572.57,5572.17,2590.1322,8605.07,8677.94,-0.008397,-0.84,1.081005,No,0.00,0.00
id#359,2574.0677,8261.78,5370.15,2590.1322,8261.85,8670.66,-0.047149,-4.71,1.076933,No,0.00,0.00
id#360,2574.0677,4916.30,3195.60,2590.1322,4943.06,6213.96,-0.204523,-20.45,1.082784,No,0.00,0.00
id#361,2574.0677,7533.68,4896.89,2590.1322,7561.21,7776.03,-0.027626,-2.76,1.080857,No,0.00,0.00
id#362,2574.0677,5514.34,3584.32,2590.1322,5536.01,5930.93,-0.066587,-6.66,1.081155,No,0.00,0.00
id#363,2574.0677,7232.58,4701.18,2590.1322,7277.72,7968.95,-0.086741,-8.67,1.083644,No,0.00,0.00
id#364,2574.0677,5583.67,3629.39,2590.1322,5613.88,7164.39,-0.216418,-21.64,1.082750,No,0.00,0.00
id#365,2574.0677,8076.21,5249.53,2590.1322,8090.61,8154.60,-0.007847,-0.78,1.078844,No,0.00,0.00
id#366,2574.0677,5297.41,3443.32,2590.1322,5330.47,6671.73,-0.201037,-20.10,1.083644,No,0.00,0.00
id#367,2574.0677,4368.55,2839.56,2590.1322,4368.55,6382.55,-0.315548,-31.55,1.076923,No,0.00,0.00
id#368,2574.0677,6004.09,3902.66,2590.1322,6031.34,6672.55,-0.096097,-9.61,1.081811,No,0.00,0.00
id#369,2574.0677,4997.70,3248.50,2590.1322,5020.50,5514.06,-0.089510,-8.95,1.081837,No,0.00,0.00
id#370,2574.0677,4108.24,2670.35,2590.1322,4108.24,5476.25,-0.249808,-24.98,1.076923,No,0.00,0.00
id#371,2574.0677,5716.63,3715.81,2590.1322,5725.09,5817.75,-0.015927,-1.59,1.078517,No,0.00,0.00
id#372,2574.0677,5943.36,3863.18,2590.1322,5943.36,8684.86,-0.315665,-31.57,1.076923,No,0.00,0.00
id#373,2574.0677,6281.26,4082.82,2590.1322,6281.26,7311.02,-0.140851,-14.09,1.076923,No,0.00,0.00
id#374,2574.0677,7811.24,5077.31,2590.1322,7859.99,8421.33,-0.066657,-6.67,1.083644,No,0.00,0.00
id#375,2574.0677,6194.22,4026.24,2590.1322,6213.76,6350.90,-0.021594,-2.16,1.080319,No,0.00,0.00
id#376,2574.0677,6158.34,4002.92,2590.1322,6196.78,6954.67,-0.108976,-10.90,1.083644,No,0.00,0.00
id#377,2574.0677,7132.28,4635.98,2590.1322,7142.50,7249.77,-0.014797,-1.48,1.078466,No,0.00,0.00
id#378,2574.0677,8228.32,5348.41,2590.1322,8244.02,8295.17,-0.006166,-0.62,1.078978,No,0.00,0.00
id#379,2574.0677,5699.59,3704.73,2590.1322,5729.47,6902.58,-0.169952,-17.00,1.082569,No,0.00,0.00
id#380,2574.0677,7315.56,4755.11,2590.1322,7361.21,9379.52,-0.215182,-21.52,1.083644,No,0.00,0.00
id#381,2574.0677,5915.06,3844.79,2590.1322,5932.28,5937.76,-0.000924,-0.09,1.080058,No,0.00,0.00
id#382,2574.0677,4030.29,2619.69,2590.1322,4055.44,5788.56,-0.299404,-29.94,1.083644,No,0.00,0.00
id#383,2574.0677,5716.21,3715.54,2590.1322,5733.42,5776.26,-0.007417,-0.74,1.080166,No,0.00,0.00
id#384,2574.0677,5689.98,3698.48,2590.1322,5716.36,5957.13,-0.040418,-4.04,1.081917,No,0.00,0.00
id#385,2574.0677,5868.64,3814.61,2590.1322,5905.26,8223.35,-0.281891,-28.19,1.083644,No,0.00,0.00
id#386,2574.0677,4816.87,3130.97,2590.1322,4816.87,6531.30,-0.262494,-26.25,1.076923,No,0.00,0.00
id#387,2574.0677,5422.00,3524.30,2590.1322,5422.00,6107.25,-0.112203,-11.22,1.076923,No,0.00,0.00
id#388,2574.0677,5814.00,3779.10,2590.1322,5843.06,6124.68,-0.045980,-4.60,1.082305,No,0.00,0.00
id#389,2574.0677,7842.75,5097.79,2590.1322,7854.04,7997.26,-0.017910,-1.79,1.078472,No,0.00,0.00
id#390,2574.0677,5926.25,3852.06,2590.1322,5962.24,6788.78,-0.121751,-12.18,1.083464,No,0.00,0.00
id#391,2574.0677,5028.76,3268.70,2590.1322,5034.30,5204.39,-0.032681,-3.27,1.078109,No,0.00,0.00
id#392,2574.0677,8848.19,5751.32,2590.1322,8872.02,8874.47,-0.000276,-0.03,1.079824,No,0.00,0.00
id#393,2574.0677,6805.19,4423.37,2590.1322,6845.69,7174.64,-0.045849,-4.58,1.083333,No,0.00,0.00
id#394,2574.0677,6687.74,4347.03,2590.1322,6729.48,7996.25,-0.158421,-15.84,1.083644,No,0.00,0.00
id#395,2574.0677,5494.13,3571.18,2590.1322,5494.13,7878.27,-0.302623,-30.26,1.076923,No,0.00,0.00
id#396,2574.0677,4688.03,3047.22,2590.1322,4688.03,6279.56,-0.253446,-25.34,1.076923,No,0.00,0.00
id#397,2574.0677,5783.02,3758.96,2590.1322,5795.31,5799.44,-0.000713,-0.07,1.079212,No,0.00,0.00
id#398,2574.0677,7452.63,4844.21,2590.1322,7489.82,8618.01,-0.130911,-13.09,1.082297,No,0.00,0.00
id#399,2574.0677,4255.85,2766.31,2590.1322,4255.85,5592.65,-0.239028,-23.90,1.076923,No,0.00,0.00
id#400,2574.0677,8090.24,5258.66,2590.1322,8106.51,8136.31,-0.003663,-0.37,1.079088,No,0.00,0.00
id#401,2574.0677,4479.44,2911.64,2590.1322,4479.44,5710.33,-0.215555,-21.56,1.076923,No,0.00,0.00
id#402,2574.0677,5371.49,3491.47,2590.1322,5397.35,5588.29,-0.034168,-3.42,1.082108,No,0.00,0.00
id#403,2574.0677,6345.33,4124.46,2590.1322,6371.62,6474.15,-0.015837,-1.58,1.081385,No,0.00,0.00
id#404,2574.0677,4680.54,3042.35,2590.1322,4680.54,7040.45,-0.335193,-33.52,1.076923,No,0.00,0.00
id#405,2574.0677,6917.33,4496.26,2590.1322,6917.33,8478.25,-0.184109,-18.41,1.076923,No,0.00,0.00
id#406,2574.0677,6491.87,4219.72,2590.1322,6498.76,6720.96,-0.033061,-3.31,1.078065,No,0.00,0.00
id#407,2574.0677,5661.27,3679.83,2590.1322,5688.65,5866.93,-0.030387,-3.04,1.082131,No,0.00,0.00
id#408,2574.0677,7267.35,4723.78,2590.1322,7312.70,8770.18,-0.166185,-16.62,1.083644,No,0.00,0.00
id#409,2574.0677,6767.30,4398.75,2590.1322,6779.41,6834.90,-0.008117,-0.81,1.078851,No,0.00,0.00
id#410,2574.0677,6116.34,3975.62,2590.1322,6116.34,7466.75,-0.180857,-18.09,1.076923,No,0.00,0.00
id#411,2574.0677,7803.23,5072.10,2590.1322,7836.96,8198.91,-0.044147,-4.41,1.081577,No,0.00,0.00
id#412,2574.0677,7231.61,4700.55,2590.1322,7276.75,8451.63,-0.139012,-13.90,1.083644,No,0.00,0.00
id#413,2574.0677,5738.32,3729.91,2590.1322,5738.32,6699.27,-0.143441,-14.34,1.076923,No,0.00,0.00
id#414,2574.0677,7311.92,4752.75,2590.1322,7326.90,7340.37,-0.001836,-0.18,1.079129,No,0.00,0.00
id#415,2574.0677,5260.03,3419.02,2590.1322,5260.03,6640.09,-0.207838,-20.78,1.076923,No,0.00,0.00
id#416,2574.0677,3807.80,2475.07,2590.1322,3831.56,5931.76,-0.354059,-35.41,1.083644,No,0.00,0.00
id#417,2574.0677,5486.21,3566.03,2590.1322,5495.93,5533.62,-0.006811,-0.68,1.078831,No,0.00,0.00
id#418,2574.0677,6213.01,4038.46,2590.1322,6234.46,6289.06,-0.008683,-0.87,1.080640,No,0.00,0.00
id#419,2574.0677,6065.45,3942.54,2590.1322,6077.76,6093.99,-0.002663,-0.27,1.079109,No,0.00,0.00
id#420,2574.0677,5993.60,3895.84,2590.1322,6031.01,7087.51,-0.149066,-14.91,1.083644,No,0.00,0.00
id#421,2574.0677,6855.99,4456.39,2590.1322,6898.78,8934.76,-0.227872,-22.79,1.083644,No,0.00,0.00
id#422,2574.0677,5386.14,3500.99,2590.1322,5419.75,7247.39,-0.252179,-25.22,1.083644,No,0.00,0.00
id#423,2574.0677,6467.59,4203.93,2590.1322,6476.03,6629.69,-0.023179,-2.32,1.078328,No,0.00,0.00
id#424,2574.0677,7754.38,5040.35,2590.1322,7785.78,8123.97,-0.041630,-4.16,1.081283,No,0.00,0.00
id#425,2574.0677,4596.71,2987.86,2590.1322,4625.40,6764.27,-0.316202,-31.62,1.083644,No,0.00,0.00
id#426,2574.0677,5320.04,3458.03,2590.1322,5320.04,5900.62,-0.098393,-9.84,1.076923,No,0.00,0.00
id#427,2574.0677,8832.11,5740.87,2590.1322,8880.13,9042.03,-0.017905,-1.79,1.082779,No,0.00,0.00
id#428,2574.0677,5276.08,3429.45,2590.1322,5276.08,6557.42,-0.195404,-19.54,1.076923,No,0.00,0.00
id#429,2574.0677,4940.05,3211.04,2590.1322,4967.64,6302.46,-0.211794,-21.18,1.082937,No,0.00,0.00
id#430,2574.0677,4521.01,2938.66,2590.1322,4521.01,5590.15,-0.191253,-19.13,1.076923,No,0.00,0.00
id#431,2574.0677,3598.54,2339.05,2590.1322,3598.54,5586.65,-0.355869,-35.59,1.076923,No,0.00,0.00
id#432,2574.0677,4891.25,3179.31,2590.1322,4891.25,6033.02,-0.189254,-18.93,1.076923,No,0.00,0.00
id#433,2574.0677,5491.93,3569.75,2590.1322,5526.20,8114.69,-0.318988,-31.90,1.083644,No,0.00,0.00
id#434,2574.0677,6447.63,4190.96,2590.1322,6462.38,6474.71,-0.001905,-0.19,1.079387,No,0.00,0.00
id#435,2574.0677,7582.28,4928.48,2590.1322,7629.60,8460.51,-0.098210,-9.82,1.083644,No,0.00,0.00
id#436,2574.0677,5973.13,3882.53,2590.1322,5997.59,6240.41,-0.038910,-3.89,1.081334,No,0.00,0.00
id#437,2574.0677,6714.29,4364.29,2590.1322,6720.33,7019.11,-0.042566,-4.26,1.077892,No,0.00,0.00
id#438,2574.0677,8007.24,5204.71,2590.1322,8057.21,9528.52,-0.154411,-15.44,1.083644,No,0.00,0.00
id#439,2574.0677,7077.94,4600.66,2590.1322,7114.54,7445.17,-0.044409,-4.44,1.082491,No,0.00,0.00
id#440,2574.0677,5212.31,3388.00,2590.1322,5231.95,5506.02,-0.049776,-4.98,1.080981,No,0.00,0.00
id#441,2574.0677,5039.72,3275.82,2590.1322,5039.72,6019.15,-0.162719,-16.27,1.076923,No,0.00,0.00
id#442,2574.0677,7929.00,5153.85,2590.1322,7978.49,9051.33,-0.118528,-11.85,1.083644,No,0.00,0.00
id#443,2574.0677,6564.97,4267.23,2590.1322,6594.11,7212.62,-0.085754,-8.58,1.081702,No,0.00,0.00
id#444,2574.0677,5402.58,3511.67,2590.1322,5408.69,5557.18,-0.026721,-2.67,1.078142,No,0.00,0.00
id#445,2574.0677,5331.79,3465.66,2590.1322,5353.28,5454.81,-0.018614,-1.86,1.081263,No,0.00,0.00
id#446,2574.0677,4354.36,2830.34,2590.1322,4381.54,6686.24,-0.344693,-34.47,1.083644,No,0.00,0.00
id#447,2574.0677,6327.57,4112.92,2590.1322,6367.06,7056.84,-0.097747,-9.77,1.083644,No,0.00,0.00
id#448,2574.0677,7822.99,5084.94,2590.1322,7823.00,8146.68,-0.039731,-3.97,1.076925,No,0.00,0.00
id#449,2574.0677,8284.50,5384.92,2590.1322,8318.73,8673.45,-0.040897,-4.09,1.081373,No,0.00,0.00
id#450,2574.0677,7872.94,5117.41,2590.1322,7922.07,8527.68,-0.071017,-7.10,1.083644,No,0.00,0.00
id#451,2574.0677,5783.57,3759.32,2590.1322,5819.67,7893.41,-0.262718,-26.27,1.083644,No,0.00,0.00
id#452,2574.0677,7077.48,4600.36,2590.1322,7097.78,7142.78,-0.006300,-0.63,1.080013,No,0.00,0.00
id#453,2574.0677,5724.33,3720.81,2590.1322,5760.05,7165.46,-0.196136,-19.61,1.083644,No,0.00,0.00
id#454,2574.0677,6878.20,4470.83,2590.1322,6904.21,7074.29,-0.024042,-2.40,1.080995,No,0.00,0.00
id#455,2574.0677,7610.59,4946.89,2590.1322,7629.03,7629.40,-0.000047,-0.00,1.079532,No,0.00,0.00
id#456,2574.0677,5580.86,3627.56,2590.1322,5580.86,6176.86,-0.096489,-9.65,1.076923,No,0.00,0.00
id#457,2574.0677,7318.37,4756.94,2590.1322,7324.38,7672.26,-0.045342,-4.53,1.077808,No,0.00,0.00
id#458,2574.0677,7024.26,4565.77,2590.1322,7043.35,7044.89,-0.000220,-0.02,1.079850,No,0.00,0.00
id#459,2574.0677,7863.04,5110.98,2590.1322,7912.11,9222.27,-0.142065,-14.21,1.083644,No,0.00,0.00
id#460,2574.0677,4220.36,2743.23,2590.1322,4246.70,6373.15,-0.333658,-33.37,1.083644,No,0.00,0.00
id#461,2574.0677,5525.77,3591.75,2590.1322,5525.77,8055.12,-0.314006,-31.40,1.076923,No,0.00,0.00
id#462,2574.0677,7103.15,4617.05,2590.1322,7137.30,8125.23,-0.121587,-12.16,1.082101,No,0.00,0.00
id#463,2574.0677,4861.33,3159.87,2590.1322,4891.67,5800.03,-0.156613,-15.66,1.083644,No,0.00,0.00
id#464,2574.0677,4835.52,3143.09,2590.1322,4835.52,6702.10,-0.278507,-27.85,1.076923,No,0.00,0.00
id#465,2574.0677,7106.17,4619.01,2590.1322,7138.61,8151.06,-0.124211,-12.42,1.081839,No,0.00,0.00
id#466,2574.0677,6856.64,4456.82,2590.1322,6856.64,7661.97,-0.105107,-10.51,1.076923,No,0.00,0.00
id#467,2574.0677,4178.06,2715.74,2590.1322,4178.06,5626.37,-0.257415,-25.74,1.076923,No,0.00,0.00
id#468,2574.0677,4710.73,3061.98,2590.1322,4716.13,4861.83,-0.029968,-3.00,1.078157,No,0.00,0.00
id#469,2574.0677,4796.41,3117.67,2590.1322,4796.41,5949.45,-0.193807,-19.38,1.076923,No,0.00,0.00
id#470,2574.0677,7099.79,4614.86,2590.1322,7099.79,8352.70,-0.150000,-15.00,1.076923,No,0.00,0.00
id#471,2574.0677,3585.68,2330.69,2590.1322,3585.68,5632.47,-0.363391,-36.34,1.076923,No,0.00,0.00
id#472,2574.0677,6304.11,4097.67,2590.1322,6304.11,7383.91,-0.146236,-14.62,1.076923,No,0.00,0.00
id#473,2574.0677,3914.50,2544.43,2590.1322,3938.94,5438.64,-0.275751,-27.58,1.083644,No,0.00,0.00
id#474,2574.0677,5317.47,3456.35,2590.1322,5329.15,5338.49,-0.001749,-0.17,1.079290,No,0.00,0.00
id#475,2574.0677,5484.34,3564.82,2590.1322,5509.74,5922.40,-0.069679,-6.97,1.081909,No,0.00,0.00
id#476,2574.0677,6859.58,4458.72,2590.1322,6902.12,7288.43,-0.053003,-5.30,1.083603,No,0.00,0.00
id#477,2574.0677,6792.37,4415.04,2590.1322,6834.76,8342.18,-0.180699,-18.07,1.083644,No,0.00,0.00
id#478,2574.0677,6512.45,4233.09,2590.1322,6553.09,8256.46,-0.206308,-20.63,1.083644,No,0.00,0.00
id#479,2574.0677,7234.27,4702.28,2590.1322,7245.05,7319.21,-0.010132,-1.01,1.078528,No,0.00,0.00
id#480,2574.0677,4188.71,2722.66,2590.1322,4188.71,4919.36,-0.148525,-14.85,1.076923,No,0.00,0.00
id#481,2574.0677,4923.31,3200.15,2590.1322,4923.31,7609.42,-0.352998,-35.30,1.076923,No,0.00,0.00
id#482,2574.0677,6030.35,3919.73,2590.1322,6063.18,6621.18,-0.084274,-8.43,1.082786,No,0.00,0.00
id#483,2574.0677,5002.22,3251.44,2590.1322,5033.43,6093.26,-0.173934,-17.39,1.083644,No,0.00,0.00
id#484,2574.0677,5772.44,3752.09,2590.1322,5772.44,6837.73,-0.155795,-15.58,1.076923,No,0.00,0.00
id#485,2574.0677,7006.54,4554.25,2590.1322,7031.00,7197.28,-0.023103,-2.31,1.080683,No,0.00,0.00
id#486,2574.0677,6935.06,4507.79,2590.1322,6951.73,6952.97,-0.000179,-0.02,1.079511,No,0.00,0.00
id#487,2574.0677,4880.49,3172.32,2590.1322,4910.49,6337.67,-0.225191,-22.52,1.083543,No,0.00,0.00
id#488,2574.0677,7006.81,4554.43,2590.1322,7018.38,7076.86,-0.008264,-0.83,1.078701,No,0.00,0.00
id#489,2574.0677,5732.21,3725.94,2590.1322,5732.21,7377.56,-0.223021,-22.30,1.076923,No,0.00,0.00
id#490,2574.0677,7183.48,4669.26,2590.1322,7194.46,7304.05,-0.015004,-1.50,1.078570,No,0.00,0.00
id#491,2574.0677,5675.11,3688.82,2590.1322,5677.39,6053.83,-0.062182,-6.22,1.077356,No,0.00,0.00
id#492,2574.0677,6227.18,4047.67,2590.1322,6227.18,7968.67,-0.218542,-21.85,1.076923,No,0.00,0.00
id#493,2574.0677,4994.63,3246.51,2590.1322,5017.89,5653.05,-0.112357,-11.24,1.081939,No,0.00,0.00
id#494,2574.0677,6314.01,4104.11,2590.1322,6326.25,6351.73,-0.004011,-0.40,1.079011,No,0.00,0.00
id#495,2574.0677,7436.92,4834.00,2590.1322,7472.23,8458.68,-0.116620,-11.66,1.082036,No,0.00,0.00
id#496,2574.0677,4507.92,2930.15,2590.1322,4531.21,5412.68,-0.162853,-16.29,1.082487,No,0.00,0.00
id#497,2574.0677,6385.45,4150.54,2590.1322,6423.28,8571.29,-0.250605,-25.06,1.083303,No,0.00,0.00
id#498,2574.0677,6050.86,3933.06,2590.1322,6050.86,7000.52,-0.135657,-13.57,1.076923,No,0.00,0.00
id#499,2574.0677,7789.48,5063.16,2590.1322,7794.14,8198.66,-0.049340,-4.93,1.077567,No,0.00,0.00
