position_id,seed_price,position_value_at_seed,loan_amount,close_price,position_value_at_close,hold_value,impermanent_loss,impermanent_loss_pct,health_factor,should_liquidate,repay_amount,collateral_to_take
id#0,148.8673,304.43,197.88,147.1280,300.87,4694.15,-0.935904,-93.59,1.064341,No,0.00,0.00
id#1,148.8673,695.77,452.25,147.1280,687.64,3125.91,-0.780018,-78.00,1.064341,No,0.00,0.00
id#2,148.8673,512.79,333.31,147.1280,506.80,4534.50,-0.888236,-88.82,1.064341,No,0.00,0.00
id#3,148.8673,760.21,494.13,147.1280,751.33,3682.85,-0.795994,-79.60,1.064341,No,0.00,0.00
id#4,148.8673,564.33,366.81,147.1280,557.73,3320.49,-0.832033,-83.20,1.064341,No,0.00,0.00
id#5,148.8673,415.09,269.81,147.1280,410.24,3761.62,-0.890940,-89.09,1.064341,No,0.00,0.00
id#6,148.8673,577.51,375.38,147.1280,570.77,3439.63,-0.834062,-83.41,1.064341,No,0.00,0.00
id#7,148.8673,647.36,420.78,147.1280,639.80,2673.31,-0.760672,-76.07,1.064341,No,0.00,0.00
id#8,148.8673,323.94,210.56,147.1280,320.15,3958.94,-0.919131,-91.91,1.064341,No,0.00,0.00
id#9,148.8673,607.34,394.77,147.1280,600.24,2774.91,-0.783690,-78.37,1.064341,No,0.00,0.00
id#10,148.8673,330.23,214.65,147.1280,326.37,5040.58,-0.935251,-93.53,1.064341,No,0.00,0.00
id#11,148.8673,582.04,378.32,147.1280,575.24,3257.28,-0.823400,-82.34,1.064341,No,0.00,0.00
id#12,148.8673,493.01,320.46,147.1280,487.25,4513.43,-0.892044,-89.20,1.064341,No,0.00,0.00
id#13,148.8673,509.73,331.32,147.1280,503.77,2726.86,-0.815256,-81.53,1.064341,No,0.00,0.00
id#14,148.8673,302.12,196.38,147.1280,298.59,3873.95,-0.922923,-92.29,1.064341,No,0.00,0.00
id#15,148.8673,541.16,351.75,147.1280,534.84,2793.07,-0.808513,-80.85,1.064341,No,0.00,0.00
id#16,148.8673,568.20,369.33,147.1280,561.56,2648.19,-0.787946,-78.79,1.064341,No,0.00,0.00
id#17,148.8673,569.37,370.09,147.1280,562.72,4441.62,-0.873308,-87.33,1.064341,No,0.00,0.00
id#18,148.8673,673.79,437.96,147.1280,665.91,2941.63,-0.773624,-77.36,1.064341,No,0.00,0.00
id#19,148.8673,357.21,232.19,147.1280,353.04,3293.04,-0.892792,-89.28,1.064341,No,0.00,0.00
id#20,148.8673,339.76,220.84,147.1280,335.79,4506.07,-0.925481,-92.55,1.064341,No,0.00,0.00
id#21,148.8673,421.32,273.86,147.1280,416.40,3609.81,-0.884649,-88.46,1.064341,No,0.00,0.00
id#22,148.8673,417.41,271.32,147.1280,412.54,4389.24,-0.906012,-90.60,1.064341,No,0.00,0.00
id#23,148.8673,691.71,449.61,147.1280,683.63,3096.64,-0.779235,-77.92,1.064341,No,0.00,0.00
id#24,148.8673,667.59,433.93,147.1280,659.79,3310.45,-0.800695,-80.07,1.064341,No,0.00,0.00
id#25,148.8673,511.52,332.49,147.1280,505.54,5250.16,-0.903710,-90.37,1.064341,No,0.00,0.00
id#26,148.8673,712.96,463.43,147.1280,704.63,3288.56,-0.785732,-78.57,1.064341,No,0.00,0.00
id#27,148.8673,719.20,467.48,147.1280,710.80,4080.95,-0.825826,-82.58,1.064341,No,0.00,0.00
id#28,148.8673,551.82,358.69,147.1280,545.38,3917.72,-0.860792,-86.08,1.064341,No,0.00,0.00
id#29,148.8673,365.65,237.67,147.1280,361.38,3114.69,-0.883977,-88.40,1.064341,No,0.00,0.00
id#30,148.8673,447.15,290.64,147.1280,441.92,4269.98,-0.896505,-89.65,1.064341,No,0.00,0.00
id#31,148.8673,405.45,263.54,147.1280,400.71,6041.74,-0.933676,-93.37,1.064341,No,0.00,0.00
id#32,148.8673,464.72,302.07,147.1280,459.29,5746.09,-0.920069,-92.01,1.064341,No,0.00,0.00
id#33,148.8673,316.19,205.53,147.1280,312.50,4037.13,-0.922594,-92.26,1.064341,No,0.00,0.00
id#34,148.8673,370.44,240.79,147.1280,366.11,3814.86,-0.904030,-90.40,1.064341,No,0.00,0.00
id#35,148.8673,356.12,231.48,147.1280,351.96,6814.72,-0.948353,-94.84,1.064341,No,0.00,0.00
id#36,148.8673,467.99,304.19,147.1280,462.52,4570.34,-0.898799,-89.88,1.064341,No,0.00,0.00
id#37,148.8673,423.17,275.06,147.1280,418.22,4027.65,-0.896162,-89.62,1.064341,No,0.00,0.00
id#38,148.8673,616.87,400.97,147.1280,609.66,3744.28,-0.837174,-83.72,1.064341,No,0.00,0.00
id#39,148.8673,320.04,208.02,147.1280,316.30,3487.35,-0.909301,-90.93,1.064341,No,0.00,0.00
id#40,148.8673,392.26,254.97,147.1280,387.68,5622.80,-0.931053,-93.11,1.064341,No,0.00,0.00
id#41,148.8673,469.17,304.96,147.1280,463.69,5391.93,-0.914002,-91.40,1.064341,No,0.00,0.00
id#42,148.8673,530.88,345.08,147.1280,524.68,2841.89,-0.815375,-81.54,1.064341,No,0.00,0.00
id#43,148.8673,504.44,327.89,147.1280,498.55,5284.50,-0.905658,-90.57,1.064341,No,0.00,0.00
id#44,148.8673,673.25,437.61,147.1280,665.39,4267.82,-0.844092,-84.41,1.064341,No,0.00,0.00
id#45,148.8673,443.54,288.30,147.1280,438.36,4823.41,-0.909118,-90.91,1.064341,No,0.00,0.00
id#46,148.8673,382.82,248.83,147.1280,378.34,5025.01,-0.924708,-92.47,1.064341,No,0.00,0.00
id#47,148.8673,570.90,371.09,147.1280,564.23,4714.44,-0.880318,-88.03,1.064341,No,0.00,0.00
id#48,148.8673,292.89,190.38,147.1280,289.47,3995.98,-0.927560,-92.76,1.064341,No,0.00,0.00
id#49,148.8673,399.29,259.54,147.1280,394.63,3293.19,-0.880168,-88.02,1.064341,No,0.00,0.00
id#50,148.8673,501.68,326.09,147.1280,495.82,5340.59,-0.907160,-90.72,1.064341,No,0.00,0.00
id#51,148.8673,344.83,224.14,147.1280,340.80,6322.30,-0.946095,-94.61,1.064341,No,0.00,0.00
id#52,148.8673,312.03,202.82,147.1280,308.38,5992.61,-0.948539,-94.85,1.064341,No,0.00,0.00
id#53,148.8673,441.74,287.13,147.1280,436.58,5984.06,-0.927043,-92.70,1.064341,No,0.00,0.00
id#54,148.8673,290.85,189.05,147.1280,287.46,3874.58,-0.925810,-92.58,1.064341,No,0.00,0.00
id#55,148.8673,638.47,415.00,147.1280,631.01,2693.78,-0.765755,-76.58,1.064341,No,0.00,0.00
id#56,148.8673,733.71,476.91,147.1280,725.14,4063.44,-0.821546,-82.15,1.064341,No,0.00,0.00
id#57,148.8673,495.32,321.96,147.1280,489.53,5884.63,-0.916812,-91.68,1.064341,No,0.00,0.00
id#58,148.8673,338.77,220.20,147.1280,334.81,4831.97,-0.930710,-93.07,1.064341,No,0.00,0.00
id#59,148.8673,533.48,346.76,147.1280,527.24,2790.17,-0.811036,-81.10,1.064341,No,0.00,0.00
id#60,148.8673,525.24,341.40,147.1280,519.10,3200.38,-0.837801,-83.78,1.064341,No,0.00,0.00
id#61,148.8673,601.22,390.80,147.1280,594.20,3234.59,-0.816298,-81.63,1.064341,No,0.00,0.00
id#62,148.8673,354.50,230.42,147.1280,350.36,7021.64,-0.950104,-95.01,1.064341,No,0.00,0.00
id#63,148.8673,337.14,219.14,147.1280,333.20,5029.30,-0.933748,-93.37,1.064341,No,0.00,0.00
id#64,148.8673,238.68,155.14,147.1280,235.90,4520.18,-0.947813,-94.78,1.064341,No,0.00,0.00
id#65,148.8673,387.36,251.78,147.1280,382.83,3284.27,-0.883435,-88.34,1.064341,No,0.00,0.00
id#66,148.8673,641.22,416.79,147.1280,633.73,2901.50,-0.781587,-78.16,1.064341,No,0.00,0.00
id#67,148.8673,314.80,204.62,147.1280,311.12,5200.04,-0.940169,-94.02,1.064341,No,0.00,0.00
id#68,148.8673,607.04,394.58,147.1280,599.95,4398.61,-0.863604,-86.36,1.064341,No,0.00,0.00
id#69,148.8673,367.61,238.95,147.1280,363.31,5074.02,-0.928397,-92.84,1.064341,No,0.00,0.00
id#70,148.8673,254.59,165.48,147.1280,251.61,4154.65,-0.939438,-93.94,1.064341,No,0.00,0.00
id#71,148.8673,348.24,226.36,147.1280,344.18,4440.44,-0.922490,-92.25,1.064341,No,0.00,0.00
id#72,148.8673,322.87,209.87,147.1280,319.10,5543.78,-0.942440,-94.24,1.064341,No,0.00,0.00
id#73,148.8673,237.16,154.16,147.1280,234.39,4634.56,-0.949425,-94.94,1.064341,No,0.00,0.00
id#74,148.8673,318.51,207.03,147.1280,314.79,4357.88,-0.927766,-92.78,1.064341,No,0.00,0.00
id#75,148.8673,340.01,221.01,147.1280,336.04,3379.15,-0.900556,-90.06,1.064341,No,0.00,0.00
id#76,148.8673,303.84,197.49,147.1280,300.29,5462.99,-0.945032,-94.50,1.064341,No,0.00,0.00
id#77,148.8673,309.92,201.45,147.1280,306.30,5725.93,-0.946506,-94.65,1.064341,No,0.00,0.00
id#78,148.8673,538.41,349.97,147.1280,532.12,2738.85,-0.805715,-80.57,1.064341,No,0.00,0.00
id#79,148.8673,554.90,360.68,147.1280,548.41,2526.25,-0.782915,-78.29,1.064341,No,0.00,0.00
id#80,148.8673,722.92,469.90,147.1280,714.48,4094.78,-0.825515,-82.55,1.064341,No,0.00,0.00
id#81,148.8673,490.85,319.05,147.1280,485.12,2905.02,-0.833007,-83.30,1.064341,No,0.00,0.00
id#82,148.8673,385.68,250.69,147.1280,381.17,3955.69,-0.903639,-90.36,1.064341,No,0.00,0.00
id#83,148.8673,380.81,247.53,147.1280,376.36,6371.12,-0.940927,-94.09,1.064341,No,0.00,0.00
id#84,148.8673,493.54,320.80,147.1280,487.77,5908.09,-0.917440,-91.74,1.064341,No,0.00,0.00
id#85,148.8673,252.04,163.82,147.1280,249.09,4277.55,-0.941768,-94.18,1.064341,No,0.00,0.00
id#86,148.8673,354.42,230.37,147.1280,350.28,5099.03,-0.931304,-93.13,1.064341,No,0.00,0.00
id#87,148.8673,281.84,183.20,147.1280,278.55,4813.46,-0.942131,-94.21,1.064341,No,0.00,0.00
id#88,148.8673,393.31,255.65,147.1280,388.71,6698.00,-0.941966,-94.20,1.064341,No,0.00,0.00
id#89,148.8673,447.46,290.85,147.1280,442.23,2455.80,-0.819923,-81.99,1.064341,No,0.00,0.00
id#90,148.8673,536.95,349.02,147.1280,530.68,3408.94,-0.844328,-84.43,1.064341,No,0.00,0.00
id#91,148.8673,421.00,273.65,147.1280,416.09,2904.50,-0.856745,-85.67,1.064341,No,0.00,0.00
id#92,148.8673,582.65,378.72,147.1280,575.84,4732.39,-0.878319,-87.83,1.064341,No,0.00,0.00
id#93,148.8673,409.85,266.40,147.1280,405.06,3669.72,-0.889620,-88.96,1.064341,No,0.00,0.00
id#94,148.8673,592.40,385.06,147.1280,585.48,2412.89,-0.757354,-75.74,1.064341,No,0.00,0.00
id#95,148.8673,458.35,297.92,147.1280,452.99,2926.29,-0.845200,-84.52,1.064341,No,0.00,0.00
id#96,148.8673,469.75,305.33,147.1280,464.26,2464.73,-0.811640,-81.16,1.064341,No,0.00,0.00
id#97,148.8673,422.76,274.80,147.1280,417.82,3624.92,-0.884736,-88.47,1.064341,No,0.00,0.00
id#98,148.8673,354.94,230.71,147.1280,350.80,3616.73,-0.903007,-90.30,1.064341,No,0.00,0.00
id#99,148.8673,407.08,264.60,147.1280,402.32,4001.24,-0.899450,-89.95,1.064341,No,0.00,0.00
id#100,148.8673,408.31,265.40,147.1280,403.54,3994.56,-0.898979,-89.90,1.064341,No,0.00,0.00
id#101,148.8673,504.61,328.00,147.1280,498.72,2523.95,-0.802406,-80.24,1.064341,No,0.00,0.00
id#102,148.8673,654.81,425.63,147.1280,647.16,2787.48,-0.767833,-76.78,1.064341,No,0.00,0.00
id#103,148.8673,249.02,161.86,147.1280,246.11,4436.48,-0.944526,-94.45,1.064341,No,0.00,0.00
id#104,148.8673,488.28,317.38,147.1280,482.58,3251.36,-0.851577,-85.16,1.064341,No,0.00,0.00
id#105,148.8673,378.40,245.96,147.1280,373.98,6151.54,-0.939206,-93.92,1.064341,No,0.00,0.00
id#106,148.8673,611.21,397.28,147.1280,604.06,3356.89,-0.820053,-82.01,1.064341,No,0.00,0.00
id#107,148.8673,723.71,470.41,147.1280,715.26,3215.02,-0.777526,-77.75,1.064341,No,0.00,0.00
id#108,148.8673,504.11,327.67,147.1280,498.22,3570.24,-0.860452,-86.05,1.064341,No,0.00,0.00
id#109,148.8673,572.17,371.91,147.1280,565.48,2445.49,-0.768765,-76.88,1.064341,No,0.00,0.00
id#110,148.8673,578.16,375.80,147.1280,571.40,3499.48,-0.836717,-83.67,1.064341,No,0.00,0.00
id#111,148.8673,530.24,344.66,147.1280,524.05,3853.79,-0.864018,-86.40,1.064341,No,0.00,0.00
id#112,148.8673,342.01,222.31,147.1280,338.01,3355.65,-0.899271,-89.93,1.064341,No,0.00,0.00
id#113,148.8673,395.94,257.36,147.1280,391.31,5865.95,-0.933291,-93.33,1.064341,No,0.00,0.00
id#114,148.8673,274.48,178.41,147.1280,271.28,4509.25,-0.939840,-93.98,1.064341,No,0.00,0.00
id#115,148.8673,631.97,410.78,147.1280,624.58,4553.01,-0.862820,-86.28,1.064341,No,0.00,0.00
id#116,148.8673,486.35,316.13,147.1280,480.67,3282.36,-0.853560,-85.36,1.064341,No,0.00,0.00
id#117,148.8673,763.26,496.12,147.1280,754.34,3942.74,-0.808677,-80.87,1.064341,No,0.00,0.00
id#118,148.8673,535.84,348.29,147.1280,529.58,2962.34,-0.821230,-82.12,1.064341,No,0.00,0.00
id#119,148.8673,528.98,343.84,147.1280,522.80,3969.53,-0.868297,-86.83,1.064341,No,0.00,0.00
id#120,148.8673,337.93,219.65,147.1280,333.98,3889.59,-0.914135,-91.41,1.064341,No,0.00,0.00
id#121,148.8673,335.00,217.75,147.1280,331.09,5712.32,-0.942040,-94.20,1.064341,No,0.00,0.00
id#122,148.8673,607.86,395.11,147.1280,600.76,3237.93,-0.814462,-81.45,1.064341,No,0.00,0.00
id#123,148.8673,739.32,480.56,147.1280,730.68,3577.58,-0.795760,-79.58,1.064341,No,0.00,0.00
id#124,148.8673,753.76,489.94,147.1280,744.95,3504.04,-0.787401,-78.74,1.064341,No,0.00,0.00
id#125,148.8673,427.17,277.66,147.1280,422.18,5412.45,-0.921998,-92.20,1.064341,No,0.00,0.00
id#126,148.8673,410.90,267.08,147.1280,406.10,4029.58,-0.899221,-89.92,1.064341,No,0.00,0.00
id#127,148.8673,572.21,371.94,147.1280,565.52,3450.82,-0.836119,-83.61,1.064341,No,0.00,0.00
id#128,148.8673,678.69,441.15,147.1280,670.76,3221.72,-0.791801,-79.18,1.064341,No,0.00,0.00
id#129,148.8673,476.81,309.93,147.1280,471.24,3094.25,-0.847704,-84.77,1.064341,No,0.00,0.00
id#130,148.8673,309.05,200.88,147.1280,305.44,5001.71,-0.938933,-93.89,1.064341,No,0.00,0.00
id#131,148.8673,526.01,341.91,147.1280,519.87,3392.72,-0.846770,-84.68,1.064341,No,0.00,0.00
id#132,148.8673,688.91,447.79,147.1280,680.86,3905.32,-0.825658,-82.57,1.064341,No,0.00,0.00
id#133,148.8673,458.90,298.29,147.1280,453.54,4935.98,-0.908115,-90.81,1.064341,No,0.00,0.00
id#134,148.8673,419.18,272.47,147.1280,414.29,3193.77,-0.870283,-87.03,1.064341,No,0.00,0.00
id#135,148.8673,285.65,185.67,147.1280,282.31,4287.61,-0.934156,-93.42,1.064341,No,0.00,0.00
id#136,148.8673,528.11,343.27,147.1280,521.94,3206.81,-0.837241,-83.72,1.064341,No,0.00,0.00
id#137,148.8673,478.05,310.73,147.1280,472.46,5408.43,-0.912643,-91.26,1.064341,No,0.00,0.00
id#138,148.8673,343.85,223.50,147.1280,339.83,5417.81,-0.937276,-93.73,1.064341,No,0.00,0.00
id#139,148.8673,347.47,225.86,147.1280,343.41,3354.79,-0.897635,-89.76,1.064341,No,0.00,0.00
id#140,148.8673,460.04,299.02,147.1280,454.66,4925.80,-0.907698,-90.77,1.064341,No,0.00,0.00
id#141,148.8673,459.64,298.76,147.1280,454.27,3653.92,-0.875677,-87.57,1.064341,No,0.00,0.00
id#142,148.8673,419.02,272.36,147.1280,414.12,3775.27,-0.890307,-89.03,1.064341,No,0.00,0.00
id#143,148.8673,378.08,245.75,147.1280,373.67,3720.48,-0.899565,-89.96,1.064341,No,0.00,0.00
id#144,148.8673,406.91,264.49,147.1280,402.15,3334.39,-0.879393,-87.94,1.064341,No,0.00,0.00
id#145,148.8673,445.11,289.32,147.1280,439.91,3225.20,-0.863601,-86.36,1.064341,No,0.00,0.00
id#146,148.8673,307.39,199.80,147.1280,303.80,4173.52,-0.927209,-92.72,1.064341,No,0.00,0.00
id#147,148.8673,538.51,350.03,147.1280,532.22,4567.58,-0.883479,-88.35,1.064341,No,0.00,0.00
id#148,148.8673,422.21,274.43,147.1280,417.27,5753.88,-0.927479,-92.75,1.064341,No,0.00,0.00
id#149,148.8673,581.44,377.94,147.1280,574.65,3477.62,-0.834759,-83.48,1.064341,No,0.00,0.00
id#150,148.8673,475.93,309.36,147.1280,470.37,3597.64,-0.869255,-86.93,1.064341,No,0.00,0.00
id#151,148.8673,400.13,260.09,147.1280,395.46,3172.68,-0.875355,-87.54,1.064341,No,0.00,0.00
id#152,148.8673,757.21,492.18,147.1280,748.36,3380.06,-0.778596,-77.86,1.064341,No,0.00,0.00
id#153,148.8673,683.36,444.18,147.1280,675.38,4400.68,-0.846529,-84.65,1.064341,No,0.00,0.00
id#154,148.8673,404.79,263.11,147.1280,400.06,4494.42,-0.910988,-91.10,1.064341,No,0.00,0.00
id#155,148.8673,754.08,490.15,147.1280,745.27,3393.21,-0.780366,-78.04,1.064341,No,0.00,0.00
id#156,148.8673,346.83,225.44,147.1280,342.78,4838.55,-0.929157,-92.92,1.064341,No,0.00,0.00
id#157,148.8673,384.79,250.12,147.1280,380.30,3110.57,-0.877740,-87.77,1.064341,No,0.00,0.00
id#158,148.8673,550.22,357.64,147.1280,543.79,2452.70,-0.778290,-77.83,1.064341,No,0.00,0.00
id#159,148.8673,329.77,214.35,147.1280,325.92,6161.13,-0.947101,-94.71,1.064341,No,0.00,0.00
id#160,148.8673,393.01,255.46,147.1280,388.42,5302.67,-0.926750,-92.68,1.064341,No,0.00,0.00
id#161,148.8673,467.45,303.84,147.1280,461.99,6264.18,-0.926249,-92.62,1.064341,No,0.00,0.00
id#162,148.8673,371.64,241.57,147.1280,367.30,6569.67,-0.944092,-94.41,1.064341,No,0.00,0.00
id#163,148.8673,714.89,464.68,147.1280,706.54,3905.38,-0.819085,-81.91,1.064341,No,0.00,0.00
id#164,148.8673,814.58,529.48,147.1280,805.07,3376.19,-0.761546,-76.15,1.064341,No,0.00,0.00
id#165,148.8673,364.47,236.90,147.1280,360.21,3102.30,-0.883889,-88.39,1.064341,No,0.00,0.00
id#166,148.8673,647.61,420.94,147.1280,640.04,3561.13,-0.820271,-82.03,1.064341,No,0.00,0.00
id#167,148.8673,525.42,341.52,147.1280,519.28,2708.90,-0.808307,-80.83,1.064341,No,0.00,0.00
id#168,148.8673,559.69,363.80,147.1280,553.15,2540.47,-0.782266,-78.23,1.064341,No,0.00,0.00
id#169,148.8673,476.33,309.62,147.1280,470.77,4174.93,-0.887239,-88.72,1.064341,No,0.00,0.00
id#170,148.8673,337.63,219.46,147.1280,333.68,3856.00,-0.913464,-91.35,1.064341,No,0.00,0.00
id#171,148.8673,384.75,250.09,147.1280,380.25,4974.60,-0.923561,-92.36,1.064341,No,0.00,0.00
id#172,148.8673,694.02,451.11,147.1280,685.91,3944.06,-0.826090,-82.61,1.064341,No,0.00,0.00
id#173,148.8673,314.53,204.44,147.1280,310.85,4439.49,-0.929980,-93.00,1.064341,No,0.00,0.00
id#174,148.8673,578.56,376.06,147.1280,571.80,3840.40,-0.851109,-85.11,1.064341,No,0.00,0.00
id#175,148.8673,522.87,339.87,147.1280,516.77,2199.11,-0.765012,-76.50,1.064341,No,0.00,0.00
id#176,148.8673,413.59,268.84,147.1280,408.76,6295.56,-0.935071,-93.51,1.064341,No,0.00,0.00
id#177,148.8673,608.82,395.73,147.1280,601.70,4046.56,-0.851305,-85.13,1.064341,No,0.00,0.00
id#178,148.8673,287.56,186.92,147.1280,284.20,4535.86,-0.937343,-93.73,1.064341,No,0.00,0.00
id#179,148.8673,708.86,460.76,147.1280,700.58,4149.10,-0.831149,-83.11,1.064341,No,0.00,0.00
id#180,148.8673,291.59,189.54,147.1280,288.19,3932.81,-0.926723,-92.67,1.064341,No,0.00,0.00
id#181,148.8673,738.93,480.31,147.1280,730.30,3339.92,-0.781343,-78.13,1.064341,No,0.00,0.00
id#182,148.8673,658.28,427.88,147.1280,650.59,4460.19,-0.854134,-85.41,1.064341,No,0.00,0.00
id#183,148.8673,237.66,154.48,147.1280,234.88,4220.98,-0.944354,-94.44,1.064341,No,0.00,0.00
id#184,148.8673,604.37,392.84,147.1280,597.31,3250.98,-0.816268,-81.63,1.064341,No,0.00,0.00
id#185,148.8673,507.46,329.85,147.1280,501.53,3407.17,-0.852801,-85.28,1.064341,No,0.00,0.00
id#186,148.8673,427.45,277.84,147.1280,422.45,2734.50,-0.845510,-84.55,1.064341,No,0.00,0.00
id#187,148.8673,529.98,344.49,147.1280,523.79,4296.30,-0.878084,-87.81,1.064341,No,0.00,0.00
id#188,148.8673,440.11,286.07,147.1280,434.97,3821.77,-0.886188,-88.62,1.064341,No,0.00,0.00
id#189,148.8673,653.37,424.69,147.1280,645.73,2660.74,-0.757310,-75.73,1.064341,No,0.00,0.00
id#190,148.8673,410.29,266.69,147.1280,405.49,5759.08,-0.929591,-92.96,1.064341,No,0.00,0.00
id#191,148.8673,381.57,248.02,147.1280,377.12,5457.35,-0.930898,-93.09,1.064341,No,0.00,0.00
id#192,148.8673,293.85,191.00,147.1280,290.41,3919.52,-0.925906,-92.59,1.064341,No,0.00,0.00
id#193,148.8673,548.34,356.42,147.1280,541.93,2723.69,-0.801031,-80.10,1.064341,No,0.00,0.00
id#194,148.8673,426.83,277.44,147.1280,421.84,5992.60,-0.929606,-92.96,1.064341,No,0.00,0.00
id#195,148.8673,325.49,211.57,147.1280,321.69,4764.66,-0.932484,-93.25,1.064341,No,0.00,0.00
id#196,148.8673,408.02,265.21,147.1280,403.25,5270.50,-0.923489,-92.35,1.064341,No,0.00,0.00
id#197,148.8673,509.11,330.92,147.1280,503.16,3233.22,-0.844378,-84.44,1.064341,No,0.00,0.00
id#198,148.8673,499.38,324.60,147.1280,493.55,2722.02,-0.818683,-81.87,1.064341,No,0.00,0.00
id#199,148.8673,375.92,244.35,147.1280,371.52,3664.50,-0.898615,-89.86,1.064341,No,0.00,0.00
id#200,148.8673,328.73,213.67,147.1280,324.89,6624.82,-0.950959,-95.10,1.064341,No,0.00,0.00
id#201,148.8673,371.90,241.74,147.1280,367.56,4025.69,-0.908697,-90.87,1.064341,No,0.00,0.00
id#202,148.8673,585.01,380.26,147.1280,578.18,2698.86,-0.785769,-78.58,1.064341,No,0.00,0.00
id#203,148.8673,450.88,293.07,147.1280,445.62,6121.16,-0.927201,-92.72,1.064341,No,0.00,0.00
id#204,148.8673,619.59,402.73,147.1280,612.35,3388.23,-0.819270,-81.93,1.064341,No,0.00,0.00
id#205,148.8673,359.95,233.97,147.1280,355.75,6376.53,-0.944210,-94.42,1.064341,No,0.00,0.00
id#206,148.8673,480.50,312.32,147.1280,474.88,3457.04,-0.862633,-86.26,1.064341,No,0.00,0.00
id#207,148.8673,699.54,454.70,147.1280,691.37,3232.23,-0.786102,-78.61,1.064341,No,0.00,0.00
id#208,148.8673,404.45,262.89,147.1280,399.73,3070.33,-0.869810,-86.98,1.064341,No,0.00,0.00
id#209,148.8673,473.97,308.08,147.1280,468.44,3801.24,-0.876767,-87.68,1.064341,No,0.00,0.00
id#210,148.8673,488.37,317.44,147.1280,482.66,2261.77,-0.786601,-78.66,1.064341,No,0.00,0.00
id#211,148.8673,407.39,264.81,147.1280,402.63,4584.32,-0.912172,-91.22,1.064341,No,0.00,0.00
id#212,148.8673,536.50,348.72,147.1280,530.23,3119.70,-0.830038,-83.00,1.064341,No,0.00,0.00
id#213,148.8673,498.19,323.83,147.1280,492.37,2694.72,-0.817282,-81.73,1.064341,No,0.00,0.00
id#214,148.8673,558.53,363.05,147.1280,552.01,3028.87,-0.817751,-81.78,1.064341,No,0.00,0.00
id#215,148.8673,715.57,465.12,147.1280,707.21,3932.93,-0.820183,-82.02,1.064341,No,0.00,0.00
id#216,148.8673,803.82,522.48,147.1280,794.43,3484.29,-0.771998,-77.20,1.064341,No,0.00,0.00
id#217,148.8673,603.60,392.34,147.1280,596.55,2732.61,-0.781693,-78.17,1.064341,No,0.00,0.00
id#218,148.8673,706.38,459.15,147.1280,698.13,3899.99,-0.820993,-82.10,1.064341,No,0.00,0.00
id#219,148.8673,687.89,447.13,147.1280,679.86,3935.40,-0.827246,-82.72,1.064341,No,0.00,0.00
id#220,148.8673,365.63,237.66,147.1280,361.36,3711.38,-0.902635,-90.26,1.064341,No,0.00,0.00
id#221,148.8673,580.59,377.38,147.1280,573.81,3690.69,-0.844526,-84.45,1.064341,No,0.00,0.00
id#222,148.8673,417.92,271.64,147.1280,413.03,2884.83,-0.856826,-85.68,1.064341,No,0.00,0.00
id#223,148.8673,623.60,405.34,147.1280,616.31,3406.66,-0.819086,-81.91,1.064341,No,0.00,0.00
id#224,148.8673,306.31,199.10,147.1280,302.73,4035.08,-0.924975,-92.50,1.064341,No,0.00,0.00
id#225,148.8673,667.84,434.09,147.1280,660.03,3640.21,-0.818683,-81.87,1.064341,No,0.00,0.00
id#226,148.8673,452.67,294.24,147.1280,447.38,3889.78,-0.884985,-88.50,1.064341,No,0.00,0.00
id#227,148.8673,410.78,267.01,147.1280,405.98,3766.66,-0.892218,-89.22,1.064341,No,0.00,0.00
id#228,148.8673,474.76,308.59,147.1280,469.21,2728.59,-0.828039,-82.80,1.064341,No,0.00,0.00
id#229,148.8673,498.60,324.09,147.1280,492.77,4037.22,-0.877942,-87.79,1.064341,No,0.00,0.00
id#230,148.8673,303.92,197.55,147.1280,300.37,3745.42,-0.919803,-91.98,1.064341,No,0.00,0.00
id#231,148.8673,612.27,397.98,147.1280,605.12,4491.93,-0.865287,-86.53,1.064341,No,0.00,0.00
id#232,148.8673,614.73,399.58,147.1280,607.55,3198.87,-0.810073,-81.01,1.064341,No,0.00,0.00
id#233,148.8673,718.59,467.08,147.1280,710.20,4118.89,-0.827576,-82.76,1.064341,No,0.00,0.00
id#234,148.8673,543.90,353.53,147.1280,537.54,2656.83,-0.797676,-79.77,1.064341,No,0.00,0.00
id#235,148.8673,573.33,372.66,147.1280,566.63,2461.08,-0.769765,-76.98,1.064341,No,0.00,0.00
id#236,148.8673,610.29,396.69,147.1280,603.16,2533.68,-0.761943,-76.19,1.064341,No,0.00,0.00
id#237,148.8673,752.55,489.16,147.1280,743.75,3645.96,-0.796006,-79.60,1.064341,No,0.00,0.00
id#238,148.8673,547.44,355.83,147.1280,541.04,4480.28,-0.879239,-87.92,1.064341,No,0.00,0.00
id#239,148.8673,844.47,548.91,147.1280,834.61,3302.86,-0.747307,-74.73,1.064341,No,0.00,0.00
id#240,148.8673,486.23,316.05,147.1280,480.55,2860.23,-0.831990,-83.20,1.064341,No,0.00,0.00
id#241,148.8673,377.01,245.05,147.1280,372.60,5469.84,-0.931881,-93.19,1.064341,No,0.00,0.00
id#242,148.8673,439.34,285.57,147.1280,434.21,4535.97,-0.904274,-90.43,1.064341,No,0.00,0.00
id#243,148.8673,635.90,413.33,147.1280,628.47,2646.08,-0.762491,-76.25,1.064341,No,0.00,0.00
id#244,148.8673,545.65,354.67,147.1280,539.27,5219.10,-0.896673,-89.67,1.064341,No,0.00,0.00
id#245,148.8673,665.87,432.81,147.1280,658.09,3538.06,-0.813997,-81.40,1.064341,No,0.00,0.00
id#246,148.8673,381.25,247.81,147.1280,376.80,5182.65,-0.927296,-92.73,1.064341,No,0.00,0.00
id#247,148.8673,387.72,252.02,147.1280,383.19,4707.04,-0.918592,-91.86,1.064341,No,0.00,0.00
id#248,148.8673,520.79,338.51,147.1280,514.70,5299.56,-0.902878,-90.29,1.064341,No,0.00,0.00
id#249,148.8673,518.08,336.75,147.1280,512.03,2783.29,-0.816035,-81.60,1.064341,No,0.00,0.00
id#250,148.8673,386.75,251.39,147.1280,382.23,3068.65,-0.875439,-87.54,1.064341,No,0.00,0.00
id#251,148.8673,418.52,272.03,147.1280,413.63,3977.01,-0.895996,-89.60,1.064341,No,0.00,0.00
id#252,148.8673,411.18,267.27,147.1280,406.38,6062.81,-0.932972,-93.30,1.064341,No,0.00,0.00
id#253,148.8673,400.15,260.10,147.1280,395.47,2937.78,-0.865384,-86.54,1.064341,No,0.00,0.00
id#254,148.8673,487.54,316.90,147.1280,481.84,2952.97,-0.836828,-83.68,1.064341,No,0.00,0.00
id#255,148.8673,443.34,288.17,147.1280,438.16,3638.22,-0.879568,-87.96,1.064341,No,0.00,0.00
id#256,148.8673,637.66,414.48,147.1280,630.21,2562.16,-0.754031,-75.40,1.064341,No,0.00,0.00
id#257,148.8673,441.24,286.81,147.1280,436.09,4972.16,-0.912294,-91.23,1.064341,No,0.00,0.00
id#258,148.8673,644.25,418.77,147.1280,636.73,2703.78,-0.764505,-76.45,1.064341,No,0.00,0.00
id#259,148.8673,549.22,356.99,147.1280,542.81,3055.95,-0.822377,-82.24,1.064341,No,0.00,0.00
id#260,148.8673,528.31,343.40,147.1280,522.14,4562.09,-0.885548,-88.55,1.064341,No,0.00,0.00
id#261,148.8673,494.23,321.25,147.1280,488.45,4460.38,-0.890491,-89.05,1.064341,No,0.00,0.00
id#262,148.8673,443.92,288.55,147.1280,438.73,4733.08,-0.907305,-90.73,1.064341,No,0.00,0.00
id#263,148.8673,418.22,271.84,147.1280,413.33,6003.74,-0.931154,-93.12,1.064341,No,0.00,0.00
id#264,148.8673,358.30,232.89,147.1280,354.11,4830.32,-0.926689,-92.67,1.064341,No,0.00,0.00
id#265,148.8673,484.72,315.07,147.1280,479.06,5519.88,-0.913212,-91.32,1.064341,No,0.00,0.00
id#266,148.8673,355.11,230.82,147.1280,350.96,3470.44,-0.898872,-89.89,1.064341,No,0.00,0.00
id#267,148.8673,344.39,223.86,147.1280,340.37,5780.68,-0.941120,-94.11,1.064341,No,0.00,0.00
id#268,148.8673,452.26,293.97,147.1280,446.98,4263.88,-0.895170,-89.52,1.064341,No,0.00,0.00
id#269,148.8673,641.85,417.20,147.1280,634.35,3932.34,-0.838684,-83.87,1.064341,No,0.00,0.00
id#270,148.8673,671.90,436.74,147.1280,664.05,2786.57,-0.761696,-76.17,1.064341,No,0.00,0.00
id#271,148.8673,331.09,215.21,147.1280,327.22,4156.22,-0.921270,-92.13,1.064341,No,0.00,0.00
id#272,148.8673,352.00,228.80,147.1280,347.89,4871.09,-0.928581,-92.86,1.064341,No,0.00,0.00
id#273,148.8673,646.22,420.04,147.1280,638.67,4483.74,-0.857559,-85.76,1.064341,No,0.00,0.00
id#274,148.8673,451.17,293.26,147.1280,445.90,2753.19,-0.838044,-83.80,1.064341,No,0.00,0.00
id#275,148.8673,446.16,290.00,147.1280,440.94,3587.58,-0.877092,-87.71,1.064341,No,0.00,0.00
id#276,148.8673,446.59,290.28,147.1280,441.37,5265.09,-0.916171,-91.62,1.064341,No,0.00,0.00
id#277,148.8673,288.61,187.60,147.1280,285.24,4160.32,-0.931439,-93.14,1.064341,No,0.00,0.00
id#278,148.8673,572.08,371.85,147.1280,565.39,3883.11,-0.854397,-85.44,1.064341,No,0.00,0.00
id#279,148.8673,793.66,515.88,147.1280,784.39,3364.96,-0.766896,-76.69,1.064341,No,0.00,0.00
id#280,148.8673,452.93,294.41,147.1280,447.64,2498.95,-0.820868,-82.09,1.064341,No,0.00,0.00
id#281,148.8673,280.91,182.59,147.1280,277.63,4424.86,-0.937257,-93.73,1.064341,No,0.00,0.00
id#282,148.8673,757.51,492.38,147.1280,748.66,3088.49,-0.757598,-75.76,1.064341,No,0.00,0.00
id#283,148.8673,357.43,232.33,147.1280,353.25,4239.88,-0.916683,-91.67,1.064341,No,0.00,0.00
id#284,148.8673,398.09,258.76,147.1280,393.44,4159.71,-0.905416,-90.54,1.064341,No,0.00,0.00
id#285,148.8673,287.08,186.60,147.1280,283.72,4397.63,-0.935483,-93.55,1.064341,No,0.00,0.00
id#286,148.8673,355.95,231.37,147.1280,351.79,6556.36,-0.946344,-94.63,1.064341,No,0.00,0.00
id#287,148.8673,424.46,275.90,147.1280,419.50,5994.52,-0.930019,-93.00,1.064341,No,0.00,0.00
id#288,148.8673,429.15,278.95,147.1280,424.14,2951.48,-0.856297,-85.63,1.064341,No,0.00,0.00
id#289,148.8673,512.84,333.35,147.1280,506.85,2111.18,-0.759921,-75.99,1.064341,No,0.00,0.00
id#290,148.8673,362.30,235.49,147.1280,358.07,3183.65,-0.887530,-88.75,1.064341,No,0.00,0.00
id#291,148.8673,707.18,459.67,147.1280,698.92,3911.96,-0.821338,-82.13,1.064341,No,0.00,0.00
id#292,148.8673,592.74,385.28,147.1280,585.82,4509.70,-0.870098,-87.01,1.064341,No,0.00,0.00
id#293,148.8673,428.83,278.74,147.1280,423.82,3053.30,-0.861191,-86.12,1.064341,No,0.00,0.00
id#294,148.8673,630.66,409.93,147.1280,623.29,3311.23,-0.811765,-81.18,1.064341,No,0.00,0.00
id#295,148.8673,693.90,451.03,147.1280,685.79,3229.66,-0.787658,-78.77,1.064341,No,0.00,0.00
id#296,148.8673,277.59,180.43,147.1280,274.34,4737.61,-0.942092,-94.21,1.064341,No,0.00,0.00
id#297,148.8673,347.10,225.62,147.1280,343.05,4814.73,-0.928750,-92.88,1.064341,No,0.00,0.00
id#298,148.8673,337.37,219.29,147.1280,333.43,6421.14,-0.948073,-94.81,1.064341,No,0.00,0.00
id#299,148.8673,284.62,185.01,147.1280,281.30,4144.91,-0.932134,-93.21,1.064341,No,0.00,0.00
id#300,148.8673,647.82,421.08,147.1280,640.25,4611.26,-0.861155,-86.12,1.064341,No,0.00,0.00
id#301,148.8673,710.44,461.79,147.1280,702.14,2977.72,-0.764202,-76.42,1.064341,No,0.00,0.00
id#302,148.8673,333.52,216.79,147.1280,329.63,6117.04,-0.946113,-94.61,1.064341,No,0.00,0.00
id#303,148.8673,389.24,253.01,147.1280,384.70,3386.56,-0.886405,-88.64,1.064341,No,0.00,0.00
id#304,148.8673,697.52,453.39,147.1280,689.37,3133.06,-0.779970,-78.00,1.064341,No,0.00,0.00
id#305,148.8673,571.83,371.69,147.1280,565.15,2398.52,-0.764375,-76.44,1.064341,No,0.00,0.00
id#306,148.8673,443.71,288.41,147.1280,438.52,5541.04,-0.920859,-92.09,1.064341,No,0.00,0.00
id#307,148.8673,367.93,239.15,147.1280,363.63,3623.69,-0.899652,-89.97,1.064341,No,0.00,0.00
id#308,148.8673,353.87,230.02,147.1280,349.74,4155.69,-0.915842,-91.58,1.064341,No,0.00,0.00
id#309,148.8673,314.76,204.60,147.1280,311.08,3482.16,-0.910663,-91.07,1.064341,No,0.00,0.00
id#310,148.8673,541.35,351.88,147.1280,535.03,4803.90,-0.888627,-88.86,1.064341,No,0.00,0.00
id#311,148.8673,578.51,376.03,147.1280,571.75,2650.29,-0.784267,-78.43,1.064341,No,0.00,0.00
id#312,148.8673,665.65,432.67,147.1280,657.87,4061.82,-0.838036,-83.80,1.064341,No,0.00,0.00
id#313,148.8673,346.88,225.47,147.1280,342.83,5975.61,-0.942629,-94.26,1.064341,No,0.00,0.00
id#314,148.8673,518.15,336.79,147.1280,512.09,4410.92,-0.883904,-88.39,1.064341,No,0.00,0.00
id#315,148.8673,561.87,365.21,147.1280,555.30,5582.59,-0.900530,-90.05,1.064341,No,0.00,0.00
id#316,148.8673,357.80,232.57,147.1280,353.62,3350.40,-0.894455,-89.45,1.064341,No,0.00,0.00
id#317,148.8673,463.59,301.33,147.1280,458.18,5288.55,-0.913365,-91.34,1.064341,No,0.00,0.00
id#318,148.8673,343.95,223.56,147.1280,339.93,3917.95,-0.913239,-91.32,1.064341,No,0.00,0.00
id#319,148.8673,349.92,227.45,147.1280,345.83,4740.19,-0.927043,-92.70,1.064341,No,0.00,0.00
id#320,148.8673,513.53,333.80,147.1280,507.53,3223.36,-0.842546,-84.25,1.064341,No,0.00,0.00
id#321,148.8673,741.63,482.06,147.1280,732.97,2977.19,-0.753806,-75.38,1.064341,No,0.00,0.00
id#322,148.8673,439.45,285.64,147.1280,434.32,2876.56,-0.849015,-84.90,1.064341,No,0.00,0.00
id#323,148.8673,292.19,189.92,147.1280,288.77,4321.21,-0.933173,-93.32,1.064341,No,0.00,0.00
id#324,148.8673,660.20,429.13,147.1280,652.49,3193.61,-0.795689,-79.57,1.064341,No,0.00,0.00
id#325,148.8673,435.08,282.80,147.1280,429.99,5532.51,-0.922279,-92.23,1.064341,No,0.00,0.00
id#326,148.8673,605.74,393.73,147.1280,598.67,2973.09,-0.798638,-79.86,1.064341,No,0.00,0.00
id#327,148.8673,642.77,417.80,147.1280,635.26,3593.09,-0.823199,-82.32,1.064341,No,0.00,0.00
id#328,148.8673,529.18,343.97,147.1280,523.00,3225.23,-0.837841,-83.78,1.064341,No,0.00,0.00
id#329,148.8673,272.16,176.90,147.1280,268.98,5128.62,-0.947553,-94.76,1.064341,No,0.00,0.00
id#330,148.8673,655.68,426.19,147.1280,648.02,3504.46,-0.815086,-81.51,1.064341,No,0.00,0.00
id#331,148.8673,412.07,267.84,147.1280,407.25,3489.76,-0.883301,-88.33,1.064341,No,0.00,0.00
id#332,148.8673,456.59,296.78,147.1280,451.25,3716.16,-0.878570,-87.86,1.064341,No,0.00,0.00
id#333,148.8673,754.64,490.52,147.1280,745.83,3387.95,-0.779860,-77.99,1.064341,No,0.00,0.00
id#334,148.8673,360.07,234.04,147.1280,355.86,5993.64,-0.940627,-94.06,1.064341,No,0.00,0.00
id#335,148.8673,370.90,241.09,147.1280,366.57,4632.69,-0.920874,-92.09,1.064341,No,0.00,0.00
id#336,148.8673,463.97,301.58,147.1280,458.55,4377.16,-0.895241,-89.52,1.064341,No,0.00,0.00
id#337,148.8673,294.72,191.57,147.1280,291.27,4855.07,-0.940006,-94.00,1.064341,No,0.00,0.00
id#338,148.8673,545.59,354.63,147.1280,539.21,5068.19,-0.893608,-89.36,1.064341,No,0.00,0.00
id#339,148.8673,348.02,226.21,147.1280,343.95,3157.93,-0.891082,-89.11,1.064341,No,0.00,0.00
id#340,148.8673,768.21,499.34,147.1280,759.24,3361.75,-0.774155,-77.42,1.064341,No,0.00,0.00
id#341,148.8673,463.84,301.50,147.1280,458.42,3602.72,-0.872756,-87.28,1.064341,No,0.00,0.00
id#342,148.8673,356.27,231.58,147.1280,352.11,6139.89,-0.942652,-94.27,1.064341,No,0.00,0.00
id#343,148.8673,693.24,450.60,147.1280,685.14,4047.11,-0.830710,-83.07,1.064341,No,0.00,0.00
id#344,148.8673,437.83,284.59,147.1280,432.72,2617.42,-0.834678,-83.47,1.064341,No,0.00,0.00
id#345,148.8673,346.14,224.99,147.1280,342.09,4494.90,-0.923893,-92.39,1.064341,No,0.00,0.00
id#346,148.8673,473.26,307.62,147.1280,467.73,4318.95,-0.891704,-89.17,1.064341,No,0.00,0.00
id#347,148.8673,559.08,363.40,147.1280,552.55,3519.28,-0.842994,-84.30,1.064341,No,0.00,0.00
id#348,148.8673,324.63,211.01,147.1280,320.84,5247.56,-0.938860,-93.89,1.064341,No,0.00,0.00
id#349,148.8673,407.76,265.04,147.1280,402.99,2801.15,-0.856133,-85.61,1.064341,No,0.00,0.00
id#350,148.8673,221.39,143.91,147.1280,218.81,4429.11,-0.950598,-95.06,1.064341,No,0.00,0.00
id#351,148.8673,392.49,255.12,147.1280,387.91,3991.00,-0.902805,-90.28,1.064341,No,0.00,0.00
id#352,148.8673,428.51,278.53,147.1280,423.50,5433.32,-0.922055,-92.21,1.064341,No,0.00,0.00
id#353,148.8673,327.39,212.81,147.1280,323.57,4465.07,-0.927533,-92.75,1.064341,No,0.00,0.00
id#354,148.8673,449.63,292.26,147.1280,444.37,4120.52,-0.892156,-89.22,1.064341,No,0.00,0.00
id#355,148.8673,610.52,396.84,147.1280,603.39,2349.61,-0.743197,-74.32,1.064341,No,0.00,0.00
id#356,148.8673,335.79,218.26,147.1280,331.87,4690.77,-0.929251,-92.93,1.064341,No,0.00,0.00
id#357,148.8673,658.09,427.76,147.1280,650.40,3880.93,-0.832411,-83.24,1.064341,No,0.00,0.00
id#358,148.8673,515.74,335.23,147.1280,509.72,5263.97,-0.903168,-90.32,1.064341,No,0.00,0.00
id#359,148.8673,590.55,383.86,147.1280,583.65,4596.31,-0.873017,-87.30,1.064341,No,0.00,0.00
id#360,148.8673,286.74,186.38,147.1280,283.39,4919.74,-0.942397,-94.24,1.064341,No,0.00,0.00
id#361,148.8673,476.90,309.98,147.1280,471.33,5298.55,-0.911046,-91.10,1.064341,No,0.00,0.00
id#362,148.8673,348.62,226.61,147.1280,344.55,4352.14,-0.920832,-92.08,1.064341,No,0.00,0.00
id#363,148.8673,418.29,271.89,147.1280,413.40,5143.38,-0.919625,-91.96,1.064341,No,0.00,0.00
id#364,148.8673,326.03,211.92,147.1280,322.22,5741.63,-0.943880,-94.39,1.064341,No,0.00,0.00
id#365,148.8673,630.05,409.53,147.1280,622.69,4960.84,-0.874479,-87.45,1.064341,No,0.00,0.00
id#366,148.8673,306.37,199.14,147.1280,302.79,4591.69,-0.934057,-93.41,1.064341,No,0.00,0.00
id#367,148.8673,562.09,365.36,147.1280,555.52,2537.42,-0.781070,-78.11,1.064341,No,0.00,0.00
id#368,148.8673,361.44,234.93,147.1280,357.21,4912.30,-0.927282,-92.73,1.064341,No,0.00,0.00
id#369,148.8673,299.94,194.96,147.1280,296.43,4010.20,-0.926081,-92.61,1.064341,No,0.00,0.00
id#370,148.8673,592.57,385.17,147.1280,585.65,2505.71,-0.766273,-76.63,1.064341,No,0.00,0.00
id#371,148.8673,514.64,334.52,147.1280,508.63,3579.52,-0.857905,-85.79,1.064341,No,0.00,0.00
id#372,148.8673,725.84,471.80,147.1280,717.36,3401.96,-0.789133,-78.91,1.064341,No,0.00,0.00
id#373,148.8673,613.89,399.03,147.1280,606.71,3650.42,-0.833796,-83.38,1.064341,No,0.00,0.00
id#374,148.8673,451.75,293.64,147.1280,446.47,5072.11,-0.911975,-91.20,1.064341,No,0.00,0.00
id#375,148.8673,428.85,278.76,147.1280,423.84,4474.70,-0.905280,-90.53,1.064341,No,0.00,0.00
id#376,148.8673,356.16,231.50,147.1280,352.00,4667.30,-0.924582,-92.46,1.064341,No,0.00,0.00
id#377,148.8673,491.32,319.36,147.1280,485.58,4069.31,-0.880672,-88.07,1.064341,No,0.00,0.00
id#378,148.8673,577.05,375.08,147.1280,570.30,4869.68,-0.882887,-88.29,1.064341,No,0.00,0.00
id#379,148.8673,333.98,217.09,147.1280,330.08,5337.99,-0.938165,-93.82,1.064341,No,0.00,0.00
id#380,148.8673,423.08,275.00,147.1280,418.14,6335.93,-0.934005,-93.40,1.064341,No,0.00,0.00
id#381,148.8673,380.50,247.32,147.1280,376.05,3639.01,-0.896661,-89.67,1.064341,No,0.00,0.00
id#382,148.8673,233.09,151.51,147.1280,230.36,4237.42,-0.945636,-94.56,1.064341,No,0.00,0.00
id#383,148.8673,386.40,251.16,147.1280,381.89,3830.43,-0.900302,-90.03,1.064341,No,0.00,0.00
id#384,148.8673,335.88,218.33,147.1280,331.96,3875.77,-0.914350,-91.43,1.064341,No,0.00,0.00
id#385,148.8673,339.40,220.61,147.1280,335.44,6035.08,-0.944419,-94.44,1.064341,No,0.00,0.00
id#386,148.8673,688.66,447.63,147.1280,680.61,2921.66,-0.767047,-76.70,1.064341,No,0.00,0.00
id#387,148.8673,635.49,413.07,147.1280,628.06,3313.16,-0.810434,-81.04,1.064341,No,0.00,0.00
id#388,148.8673,339.79,220.87,147.1280,335.82,3944.48,-0.914862,-91.49,1.064341,No,0.00,0.00
id#389,148.8673,624.19,405.72,147.1280,616.90,4712.69,-0.869098,-86.91,1.064341,No,0.00,0.00
id#390,148.8673,342.79,222.81,147.1280,338.78,4729.24,-0.928364,-92.84,1.064341,No,0.00,0.00
id#391,148.8673,473.21,307.58,147.1280,467.68,3090.81,-0.848688,-84.87,1.064341,No,0.00,0.00
id#392,148.8673,538.00,349.70,147.1280,531.71,4977.15,-0.893169,-89.32,1.064341,No,0.00,0.00
id#393,148.8673,393.66,255.88,147.1280,389.06,4381.29,-0.911200,-91.12,1.064341,No,0.00,0.00
id#394,148.8673,386.78,251.40,147.1280,382.26,5071.03,-0.924620,-92.46,1.064341,No,0.00,0.00
id#395,148.8673,632.31,411.00,147.1280,624.92,3108.22,-0.798946,-79.89,1.064341,No,0.00,0.00
id#396,148.8673,722.99,469.94,147.1280,714.54,2893.03,-0.753013,-75.30,1.064341,No,0.00,0.00
id#397,148.8673,463.14,301.04,147.1280,457.73,3749.02,-0.877907,-87.79,1.064341,No,0.00,0.00
id#398,148.8673,439.78,285.86,147.1280,434.64,6465.25,-0.932772,-93.28,1.064341,No,0.00,0.00
id#399,148.8673,451.46,293.45,147.1280,446.19,2421.30,-0.815724,-81.57,1.064341,No,0.00,0.00
id#400,148.8673,600.61,390.40,147.1280,593.59,4975.41,-0.880695,-88.07,1.064341,No,0.00,0.00
id#401,148.8673,460.42,299.27,147.1280,455.04,2553.00,-0.821762,-82.18,1.064341,No,0.00,0.00
id#402,148.8673,314.67,204.54,147.1280,311.00,3521.71,-0.911691,-91.17,1.064341,No,0.00,0.00
id#403,148.8673,377.85,245.60,147.1280,373.44,3989.97,-0.906406,-90.64,1.064341,No,0.00,0.00
id#404,148.8673,631.76,410.64,147.1280,624.38,2732.03,-0.771460,-77.15,1.064341,No,0.00,0.00
id#405,148.8673,709.11,460.92,147.1280,700.82,3995.38,-0.824592,-82.46,1.064341,No,0.00,0.00
id#406,148.8673,558.50,363.03,147.1280,551.98,3893.85,-0.858243,-85.82,1.064341,No,0.00,0.00
id#407,148.8673,331.15,215.25,147.1280,327.28,3646.33,-0.910244,-91.02,1.064341,No,0.00,0.00
id#408,148.8673,420.30,273.19,147.1280,415.39,5829.94,-0.928750,-92.87,1.064341,No,0.00,0.00
id#409,148.8673,461.05,299.69,147.1280,455.67,3915.33,-0.883620,-88.36,1.064341,No,0.00,0.00
id#410,148.8673,565.45,367.54,147.1280,558.85,3434.88,-0.837302,-83.73,1.064341,No,0.00,0.00
id#411,148.8673,468.88,304.77,147.1280,463.40,5527.25,-0.916161,-91.62,1.064341,No,0.00,0.00
id#412,148.8673,418.23,271.85,147.1280,413.34,5734.74,-0.927923,-92.79,1.064341,No,0.00,0.00
id#413,148.8673,708.29,460.39,147.1280,700.01,3506.33,-0.800357,-80.04,1.064341,No,0.00,0.00
id#414,148.8673,581.40,377.91,147.1280,574.60,4671.53,-0.876999,-87.70,1.064341,No,0.00,0.00
id#415,148.8673,680.02,442.02,147.1280,672.08,3178.79,-0.788574,-78.86,1.064341,No,0.00,0.00
id#416,148.8673,220.22,143.14,147.1280,217.65,4410.61,-0.950654,-95.07,1.064341,No,0.00,0.00
id#417,148.8673,465.51,302.58,147.1280,460.07,3475.36,-0.867620,-86.76,1.064341,No,0.00,0.00
id#418,148.8673,387.47,251.85,147.1280,382.94,3972.78,-0.903609,-90.36,1.064341,No,0.00,0.00
id#419,148.8673,467.88,304.12,147.1280,462.42,3810.21,-0.878637,-87.86,1.064341,No,0.00,0.00
id#420,148.8673,346.63,225.31,147.1280,342.58,4558.53,-0.924848,-92.48,1.064341,No,0.00,0.00
id#421,148.8673,396.51,257.73,147.1280,391.87,6352.90,-0.938316,-93.83,1.064341,No,0.00,0.00
id#422,148.8673,311.50,202.47,147.1280,307.86,5515.64,-0.944184,-94.42,1.064341,No,0.00,0.00
id#423,148.8673,594.68,386.54,147.1280,587.74,4011.60,-0.853491,-85.35,1.064341,No,0.00,0.00
id#424,148.8673,475.49,309.07,147.1280,469.93,5569.31,-0.915621,-91.56,1.064341,No,0.00,0.00
id#425,148.8673,265.84,172.80,147.1280,262.74,5120.09,-0.948685,-94.87,1.064341,No,0.00,0.00
id#426,148.8673,556.67,361.84,147.1280,550.17,3193.65,-0.827731,-82.77,1.064341,No,0.00,0.00
id#427,148.8673,511.53,332.49,147.1280,505.55,5202.87,-0.902832,-90.28,1.064341,No,0.00,0.00
id#428,148.8673,606.60,394.29,147.1280,599.52,3121.26,-0.807925,-80.79,1.064341,No,0.00,0.00
id#429,148.8673,287.26,186.72,147.1280,283.90,4988.41,-0.943087,-94.31,1.064341,No,0.00,0.00
id#430,148.8673,495.59,322.13,147.1280,489.80,2648.51,-0.815067,-81.51,1.064341,No,0.00,0.00
id#431,148.8673,512.86,333.36,147.1280,506.87,2113.69,-0.760196,-76.02,1.064341,No,0.00,0.00
id#432,148.8673,596.80,387.92,147.1280,589.82,2938.33,-0.799266,-79.93,1.064341,No,0.00,0.00
id#433,148.8673,317.62,206.45,147.1280,313.91,6255.85,-0.949822,-94.98,1.064341,No,0.00,0.00
id#434,148.8673,414.40,269.36,147.1280,409.56,3721.41,-0.889945,-88.99,1.064341,No,0.00,0.00
id#435,148.8673,438.51,285.03,147.1280,433.39,5429.85,-0.920185,-92.02,1.064341,No,0.00,0.00
id#436,148.8673,363.98,236.59,147.1280,359.73,4226.53,-0.914888,-91.49,1.064341,No,0.00,0.00
id#437,148.8673,633.96,412.07,147.1280,626.55,4080.78,-0.846463,-84.65,1.064341,No,0.00,0.00
id#438,148.8673,463.09,301.01,147.1280,457.68,6081.11,-0.924738,-92.47,1.064341,No,0.00,0.00
id#439,148.8673,412.13,267.88,147.1280,407.31,4722.30,-0.913747,-91.37,1.064341,No,0.00,0.00
id#440,148.8673,332.96,216.42,147.1280,329.07,3955.60,-0.916809,-91.68,1.064341,No,0.00,0.00
id#441,148.8673,627.32,407.75,147.1280,619.99,3066.04,-0.797789,-79.78,1.064341,No,0.00,0.00
id#442,148.8673,458.56,298.07,147.1280,453.20,5703.71,-0.920542,-92.05,1.064341,No,0.00,0.00
id#443,148.8673,397.10,258.11,147.1280,392.46,5260.55,-0.925396,-92.54,1.064341,No,0.00,0.00
id#444,148.8673,414.78,269.61,147.1280,409.93,3152.43,-0.869963,-87.00,1.064341,No,0.00,0.00
id#445,148.8673,320.73,208.48,147.1280,316.98,3445.10,-0.907990,-90.80,1.064341,No,0.00,0.00
id#446,148.8673,251.83,163.69,147.1280,248.89,4977.10,-0.949994,-95.00,1.064341,No,0.00,0.00
id#447,148.8673,365.95,237.86,147.1280,361.67,4495.51,-0.919549,-91.95,1.064341,No,0.00,0.00
id#448,148.8673,535.52,348.09,147.1280,529.26,4307.84,-0.877140,-87.71,1.064341,No,0.00,0.00
id#449,148.8673,503.97,327.58,147.1280,498.08,5889.61,-0.915430,-91.54,1.064341,No,0.00,0.00
id#450,148.8673,455.32,295.96,147.1280,450.00,5392.23,-0.916547,-91.65,1.064341,No,0.00,0.00
id#451,148.8673,334.48,217.41,147.1280,330.58,5484.50,-0.939725,-93.97,1.064341,No,0.00,0.00
id#452,148.8673,495.46,322.05,147.1280,489.67,4790.64,-0.897785,-89.78,1.064341,No,0.00,0.00
id#453,148.8673,331.06,215.19,147.1280,327.19,5171.16,-0.936728,-93.67,1.064341,No,0.00,0.00
id#454,148.8673,426.11,276.97,147.1280,421.13,4691.49,-0.910236,-91.02,1.064341,No,0.00,0.00
id#455,148.8673,558.67,363.14,147.1280,552.15,4916.96,-0.887706,-88.77,1.064341,No,0.00,0.00
id#456,148.8673,512.04,332.83,147.1280,506.06,3253.43,-0.844454,-84.45,1.064341,No,0.00,0.00
id#457,148.8673,669.33,435.07,147.1280,661.51,4399.46,-0.849637,-84.96,1.064341,No,0.00,0.00
id#458,148.8673,463.63,301.36,147.1280,458.21,4334.31,-0.894283,-89.43,1.064341,No,0.00,0.00
id#459,148.8673,454.75,295.59,147.1280,449.43,5960.72,-0.924601,-92.46,1.064341,No,0.00,0.00
id#460,148.8673,244.08,158.65,147.1280,241.23,4944.04,-0.951209,-95.12,1.064341,No,0.00,0.00
id#461,148.8673,724.57,470.97,147.1280,716.10,3227.70,-0.778138,-77.81,1.064341,No,0.00,0.00
id#462,148.8673,422.40,274.56,147.1280,417.47,6091.50,-0.931468,-93.15,1.064341,No,0.00,0.00
id#463,148.8673,281.15,182.75,147.1280,277.86,3972.58,-0.930055,-93.01,1.064341,No,0.00,0.00
id#464,148.8673,711.25,462.31,147.1280,702.94,2935.98,-0.760577,-76.06,1.064341,No,0.00,0.00
id#465,148.8673,429.40,279.11,147.1280,424.39,6229.47,-0.931874,-93.19,1.064341,No,0.00,0.00
id#466,148.8673,719.44,467.64,147.1280,711.03,4108.48,-0.826935,-82.69,1.064341,No,0.00,0.00
id#467,148.8673,489.05,317.88,147.1280,483.34,2423.31,-0.800546,-80.05,1.064341,No,0.00,0.00
id#468,148.8673,416.36,270.64,147.1280,411.50,2859.72,-0.856105,-85.61,1.064341,No,0.00,0.00
id#469,148.8673,648.81,421.73,147.1280,641.23,2937.04,-0.781675,-78.17,1.064341,No,0.00,0.00
id#470,148.8673,629.39,409.10,147.1280,622.03,3998.41,-0.844430,-84.44,1.064341,No,0.00,0.00
id#471,148.8673,502.24,326.45,147.1280,496.37,2090.36,-0.762544,-76.25,1.064341,No,0.00,0.00
id#472,148.8673,571.30,371.34,147.1280,564.62,3580.34,-0.842299,-84.23,1.064341,No,0.00,0.00
id#473,148.8673,226.39,147.15,147.1280,223.74,4339.69,-0.948442,-94.84,1.064341,No,0.00,0.00
id#474,148.8673,374.43,243.38,147.1280,370.05,3240.73,-0.885811,-88.58,1.064341,No,0.00,0.00
id#475,148.8673,326.38,212.14,147.1280,322.56,4134.88,-0.921990,-92.20,1.064341,No,0.00,0.00
id#476,148.8673,396.71,257.86,147.1280,392.08,4473.40,-0.912353,-91.24,1.064341,No,0.00,0.00
id#477,148.8673,392.83,255.34,147.1280,388.24,5840.83,-0.933531,-93.35,1.064341,No,0.00,0.00
id#478,148.8673,376.64,244.81,147.1280,372.24,5935.29,-0.937284,-93.73,1.064341,No,0.00,0.00
id#479,148.8673,463.61,301.35,147.1280,458.19,4015.69,-0.885899,-88.59,1.064341,No,0.00,0.00
id#480,148.8673,434.93,282.71,147.1280,429.85,2463.15,-0.825488,-82.55,1.064341,No,0.00,0.00
id#481,148.8673,672.15,436.89,147.1280,664.29,2862.13,-0.767903,-76.79,1.064341,No,0.00,0.00
id#482,148.8673,350.47,227.80,147.1280,346.37,4500.87,-0.923043,-92.30,1.064341,No,0.00,0.00
id#483,148.8673,289.30,188.04,147.1280,285.92,3994.20,-0.928417,-92.84,1.064341,No,0.00,0.00
id#484,148.8673,611.40,397.41,147.1280,604.26,3400.77,-0.822317,-82.23,1.064341,No,0.00,0.00
id#485,148.8673,451.47,293.45,147.1280,446.19,4905.03,-0.909034,-90.90,1.064341,No,0.00,0.00
id#486,148.8673,524.26,340.77,147.1280,518.13,4555.69,-0.886267,-88.63,1.064341,No,0.00,0.00
id#487,148.8673,282.27,183.48,147.1280,278.97,4947.29,-0.943611,-94.36,1.064341,No,0.00,0.00
id#488,148.8673,448.42,291.47,147.1280,443.18,3907.21,-0.886574,-88.66,1.064341,No,0.00,0.00
id#489,148.8673,740.70,481.46,147.1280,732.05,3446.83,-0.787617,-78.76,1.064341,No,0.00,0.00
id#490,148.8673,575.23,373.90,147.1280,568.51,4355.33,-0.869468,-86.95,1.064341,No,0.00,0.00
id#491,148.8673,503.96,327.58,147.1280,498.07,3337.55,-0.850767,-85.08,1.064341,No,0.00,0.00
id#492,148.8673,641.51,416.98,147.1280,634.02,3546.49,-0.821227,-82.12,1.064341,No,0.00,0.00
id#493,148.8673,299.24,194.51,147.1280,295.75,4227.22,-0.930038,-93.00,1.064341,No,0.00,0.00
id#494,148.8673,387.68,251.99,147.1280,383.15,3474.71,-0.889733,-88.97,1.064341,No,0.00,0.00
id#495,148.8673,443.44,288.24,147.1280,438.26,6324.33,-0.930702,-93.07,1.064341,No,0.00,0.00
id#496,148.8673,264.75,172.09,147.1280,261.66,4171.77,-0.937279,-93.73,1.064341,No,0.00,0.00
id#497,148.8673,369.72,240.32,147.1280,365.40,6905.94,-0.947089,-94.71,1.064341,No,0.00,0.00
id#498,148.8673,552.86,359.36,147.1280,546.40,3461.99,-0.842170,-84.22,1.064341,No,0.00,0.00
id#499,148.8673,647.20,420.68,147.1280,639.64,4541.41,-0.859155,-85.92,1.064341,No,0.00,0.00
