position_id,seed_price,position_value_at_seed,loan_amount,close_price,position_value_at_close,hold_value,impermanent_loss,impermanent_loss_pct,health_factor,should_liquidate,repay_amount,collateral_to_take
id#0,12.1759,7563.63,4916.36,12.0295,7518.36,7520.76,-0.000320,-0.03,1.070478,No,0.00,0.00
id#1,12.1759,3744.53,2433.94,12.0295,3722.54,3723.54,-0.000270,-0.03,1.070599,No,0.00,0.00
id#2,12.1759,5629.01,3658.85,12.0295,5602.50,5602.93,-0.000077,-0.01,1.071852,No,0.00,0.00
id#3,12.1759,6207.99,4035.19,12.0295,6177.74,6178.28,-0.000087,-0.01,1.071677,No,0.00,0.00
id#4,12.1759,4138.21,2689.83,12.0295,4113.41,4114.74,-0.000324,-0.03,1.070469,No,0.00,0.00
id#5,12.1759,7964.54,5176.95,12.0295,7927.12,7927.73,-0.000076,-0.01,1.071864,No,0.00,0.00
id#6,12.1759,4149.36,2697.08,12.0295,4129.70,4130.02,-0.000078,-0.01,1.071820,No,0.00,0.00
id#7,12.1759,5025.20,3266.38,12.0295,4997.85,4998.61,-0.000151,-0.02,1.071061,No,0.00,0.00
id#8,12.1759,4211.86,2737.71,12.0295,4186.92,4188.13,-0.000290,-0.03,1.070548,No,0.00,0.00
id#9,12.1759,9041.07,5876.69,12.0295,8997.81,8998.54,-0.000081,-0.01,1.071771,No,0.00,0.00
id#10,12.1759,5976.19,3884.52,12.0295,5945.60,5946.24,-0.000108,-0.01,1.071410,No,0.00,0.00
id#11,12.1759,8462.45,5500.59,12.0295,8420.46,8421.25,-0.000094,-0.01,1.071579,No,0.00,0.00
id#12,12.1759,7478.58,4861.08,12.0295,7441.69,7442.37,-0.000091,-0.01,1.071611,No,0.00,0.00
id#13,12.1759,4739.44,3080.64,12.0295,4718.24,4718.55,-0.000065,-0.01,1.072105,No,0.00,0.00
id#14,12.1759,5360.90,3484.58,12.0295,5332.84,5333.48,-0.000121,-0.01,1.071286,No,0.00,0.00
id#15,12.1759,8057.92,5237.65,12.0295,8017.12,8017.94,-0.000102,-0.01,1.071470,No,0.00,0.00
id#16,12.1759,6414.57,4169.47,12.0295,6384.88,6385.34,-0.000072,-0.01,1.071939,No,0.00,0.00
id#17,12.1759,7604.66,4943.03,12.0295,7559.71,7561.87,-0.000285,-0.03,1.070558,No,0.00,0.00
id#18,12.1759,9098.96,5914.32,12.0295,9057.55,9058.17,-0.000069,-0.01,1.072023,No,0.00,0.00
id#19,12.1759,6755.27,4390.92,12.0295,6717.64,6718.83,-0.000177,-0.02,1.070925,No,0.00,0.00
id#20,12.1759,7189.47,4673.16,12.0295,7152.17,7152.99,-0.000115,-0.01,1.071335,No,0.00,0.00
id#21,12.1759,5985.54,3890.60,12.0295,5957.91,5958.34,-0.000072,-0.01,1.071951,No,0.00,0.00
id#22,12.1759,5741.93,3732.26,12.0295,5709.89,5710.91,-0.000179,-0.02,1.070914,No,0.00,0.00
id#23,12.1759,9274.04,6028.13,12.0295,9224.18,9225.48,-0.000140,-0.01,1.071133,No,0.00,0.00
id#24,12.1759,3942.15,2562.40,12.0295,3920.76,3921.35,-0.000148,-0.01,1.071082,No,0.00,0.00
id#25,12.1759,5336.64,3468.82,12.0295,5312.99,5313.32,-0.000064,-0.01,1.072150,No,0.00,0.00
id#26,12.1759,4988.13,3242.29,12.0295,4963.99,4964.41,-0.000085,-0.01,1.071711,No,0.00,0.00
id#27,12.1759,5519.79,3587.86,12.0295,5493.18,5493.63,-0.000084,-0.01,1.071731,No,0.00,0.00
id#28,12.1759,5617.54,3651.40,12.0295,5584.41,5585.98,-0.000279,-0.03,1.070573,No,0.00,0.00
id#29,12.1759,7961.06,5174.69,12.0295,7925.05,7925.59,-0.000067,-0.01,1.072053,No,0.00,0.00
id#30,12.1759,6078.64,3951.12,12.0295,6044.30,6045.49,-0.000196,-0.02,1.070839,No,0.00,0.00
id#31,12.1759,8350.96,5428.12,12.0295,8308.29,8309.18,-0.000107,-0.01,1.071420,No,0.00,0.00
id#32,12.1759,7089.24,4608.00,12.0295,7054.64,7055.26,-0.000088,-0.01,1.071667,No,0.00,0.00
id#33,12.1759,8251.60,5363.54,12.0295,8202.54,8205.01,-0.000301,-0.03,1.070519,No,0.00,0.00
id#34,12.1759,7386.46,4801.20,12.0295,7344.09,7345.71,-0.000221,-0.02,1.070746,No,0.00,0.00
id#35,12.1759,5306.09,3448.96,12.0295,5278.19,5278.84,-0.000124,-0.01,1.071260,No,0.00,0.00
id#36,12.1759,4657.61,3027.44,12.0295,4630.28,4631.52,-0.000268,-0.03,1.070604,No,0.00,0.00
id#37,12.1759,8878.82,5771.23,12.0295,8830.53,8831.86,-0.000151,-0.02,1.071066,No,0.00,0.00
id#38,12.1759,5564.21,3616.74,12.0295,5531.85,5533.22,-0.000248,-0.02,1.070659,No,0.00,0.00
id#39,12.1759,6071.55,3946.51,12.0295,6038.90,6039.75,-0.000141,-0.01,1.071131,No,0.00,0.00
id#40,12.1759,5682.75,3693.79,12.0295,5656.28,5656.70,-0.000074,-0.01,1.071907,No,0.00,0.00
id#41,12.1759,4139.71,2690.81,12.0295,4121.26,4121.53,-0.000065,-0.01,1.072122,No,0.00,0.00
id#42,12.1759,4915.56,3195.11,12.0295,4887.97,4888.88,-0.000187,-0.02,1.070878,No,0.00,0.00
id#43,12.1759,4519.30,2937.55,12.0295,4498.02,4498.37,-0.000077,-0.01,1.071851,No,0.00,0.00
id#44,12.1759,5334.48,3467.41,12.0295,5308.07,5308.56,-0.000093,-0.01,1.071592,No,0.00,0.00
id#45,12.1759,6576.13,4274.48,12.0295,6539.33,6540.52,-0.000183,-0.02,1.070897,No,0.00,0.00
id#46,12.1759,8829.02,5738.86,12.0295,8785.96,8786.73,-0.000087,-0.01,1.071671,No,0.00,0.00
id#47,12.1759,5805.47,3773.55,12.0295,5771.38,5772.93,-0.000269,-0.03,1.070600,No,0.00,0.00
id#48,12.1759,9202.93,5981.91,12.0295,9155.92,9156.90,-0.000107,-0.01,1.071422,No,0.00,0.00
id#49,12.1759,5731.35,3725.38,12.0295,5698.46,5699.72,-0.000222,-0.02,1.070743,No,0.00,0.00
id#50,12.1759,4738.35,3079.93,12.0295,4713.64,4714.20,-0.000118,-0.01,1.071307,No,0.00,0.00
id#51,12.1759,6128.26,3983.37,12.0295,6099.20,6099.68,-0.000079,-0.01,1.071817,No,0.00,0.00
id#52,12.1759,7425.03,4826.27,12.0295,7389.12,7389.75,-0.000085,-0.01,1.071715,No,0.00,0.00
id#53,12.1759,5200.38,3380.25,12.0295,5175.49,5175.91,-0.000081,-0.01,1.071769,No,0.00,0.00
id#54,12.1759,4081.85,2653.20,12.0295,4059.01,4059.75,-0.000183,-0.02,1.070898,No,0.00,0.00
id#55,12.1759,5947.56,3865.91,12.0295,5915.37,5916.24,-0.000146,-0.01,1.071096,No,0.00,0.00
id#56,12.1759,5172.46,3362.10,12.0295,5143.07,5144.13,-0.000205,-0.02,1.070804,No,0.00,0.00
id#57,12.1759,6063.40,3941.21,12.0295,6032.16,6032.83,-0.000111,-0.01,1.071375,No,0.00,0.00
id#58,12.1759,6055.15,3935.85,12.0295,6019.03,6020.90,-0.000310,-0.03,1.070500,No,0.00,0.00
id#59,12.1759,7025.14,4566.34,12.0295,6988.48,6989.31,-0.000119,-0.01,1.071303,No,0.00,0.00
id#60,12.1759,4654.30,3025.29,12.0295,4630.82,4631.28,-0.000101,-0.01,1.071490,No,0.00,0.00
id#61,12.1759,6390.87,4154.07,12.0295,6360.11,6360.64,-0.000083,-0.01,1.071739,No,0.00,0.00
id#62,12.1759,6547.93,4256.15,12.0295,6518.35,6518.79,-0.000067,-0.01,1.072059,No,0.00,0.00
id#63,12.1759,7489.66,4868.28,12.0295,7448.47,7449.67,-0.000162,-0.02,1.071000,No,0.00,0.00
id#64,12.1759,6501.94,4226.26,12.0295,6467.07,6467.96,-0.000138,-0.01,1.071147,No,0.00,0.00
id#65,12.1759,4234.46,2752.40,12.0295,4214.88,4215.19,-0.000072,-0.01,1.071944,No,0.00,0.00
id#66,12.1759,4461.05,2899.68,12.0295,4437.61,4438.16,-0.000123,-0.01,1.071266,No,0.00,0.00
id#67,12.1759,4797.30,3118.25,12.0295,4771.95,4772.56,-0.000127,-0.01,1.071232,No,0.00,0.00
id#68,12.1759,6870.79,4466.02,12.0295,6834.65,6835.50,-0.000124,-0.01,1.071258,No,0.00,0.00
id#69,12.1759,6782.77,4408.80,12.0295,6752.44,6752.88,-0.000065,-0.01,1.072108,No,0.00,0.00
id#70,12.1759,5608.04,3645.23,12.0295,5579.07,5579.70,-0.000113,-0.01,1.071360,No,0.00,0.00
id#71,12.1759,6149.32,3997.06,12.0295,6117.26,6117.98,-0.000118,-0.01,1.071309,No,0.00,0.00
id#72,12.1759,6241.07,4056.70,12.0295,6206.99,6207.95,-0.000155,-0.02,1.071043,No,0.00,0.00
id#73,12.1759,5490.41,3568.76,12.0295,5458.10,5459.60,-0.000275,-0.03,1.070585,No,0.00,0.00
id#74,12.1759,7712.58,5013.18,12.0295,7675.17,7675.83,-0.000086,-0.01,1.071699,No,0.00,0.00
id#75,12.1759,4477.29,2910.24,12.0295,4455.19,4455.60,-0.000092,-0.01,1.071607,No,0.00,0.00
id#76,12.1759,6306.33,4099.12,12.0295,6271.59,6272.62,-0.000164,-0.02,1.070990,No,0.00,0.00
id#77,12.1759,8373.83,5442.99,12.0295,8335.29,8335.89,-0.000071,-0.01,1.071967,No,0.00,0.00
id#78,12.1759,8846.40,5750.16,12.0295,8792.76,8795.93,-0.000360,-0.04,1.070393,No,0.00,0.00
id#79,12.1759,5287.92,3437.15,12.0295,5259.92,5260.59,-0.000129,-0.01,1.071220,No,0.00,0.00
id#80,12.1759,5600.27,3640.18,12.0295,5575.40,5575.76,-0.000064,-0.01,1.072141,No,0.00,0.00
id#81,12.1759,4411.67,2867.58,12.0295,4390.98,4391.31,-0.000076,-0.01,1.071872,No,0.00,0.00
id#82,12.1759,7800.03,5070.02,12.0295,7760.85,7761.61,-0.000099,-0.01,1.071514,No,0.00,0.00
id#83,12.1759,9494.14,6171.19,12.0295,9448.14,9448.95,-0.000085,-0.01,1.071706,No,0.00,0.00
id#84,12.1759,5968.35,3879.43,12.0295,5939.42,5939.93,-0.000085,-0.01,1.071704,No,0.00,0.00
id#85,12.1759,6862.09,4460.36,12.0295,6822.10,6823.82,-0.000253,-0.03,1.070646,No,0.00,0.00
id#86,12.1759,5440.78,3536.51,12.0295,5415.19,5415.60,-0.000076,-0.01,1.071858,No,0.00,0.00
id#87,12.1759,6119.07,3977.40,12.0295,6084.16,6085.45,-0.000212,-0.02,1.070778,No,0.00,0.00
id#88,12.1759,3868.96,2514.83,12.0295,3851.59,3851.85,-0.000066,-0.01,1.072088,No,0.00,0.00
id#89,12.1759,5916.76,3845.90,12.0295,5882.71,5884.04,-0.000228,-0.02,1.070724,No,0.00,0.00
id#90,12.1759,3922.09,2549.36,12.0295,3900.90,3901.47,-0.000145,-0.01,1.071104,No,0.00,0.00
id#91,12.1759,8096.23,5262.55,12.0295,8053.45,8054.48,-0.000127,-0.01,1.071233,No,0.00,0.00
id#92,12.1759,5581.06,3627.69,12.0295,5554.61,5555.04,-0.000079,-0.01,1.071819,No,0.00,0.00
id#93,12.1759,4700.52,3055.34,12.0295,4676.26,4676.78,-0.000112,-0.01,1.071365,No,0.00,0.00
id#94,12.1759,4163.59,2706.33,12.0295,4144.53,4144.82,-0.000070,-0.01,1.071993,No,0.00,0.00
id#95,12.1759,4670.21,3035.64,12.0295,4649.29,4649.60,-0.000066,-0.01,1.072099,No,0.00,0.00
id#96,12.1759,5601.96,3641.28,12.0295,5571.20,5572.09,-0.000160,-0.02,1.071009,No,0.00,0.00
id#97,12.1759,4604.57,2992.97,12.0295,4583.66,4583.97,-0.000068,-0.01,1.072031,No,0.00,0.00
id#98,12.1759,7448.24,4841.35,12.0295,7404.13,7406.28,-0.000291,-0.03,1.070545,No,0.00,0.00
id#99,12.1759,9604.87,6243.16,12.0295,9554.16,9555.37,-0.000126,-0.01,1.071238,No,0.00,0.00
id#100,12.1759,5350.90,3478.08,12.0295,5321.62,5322.45,-0.000157,-0.02,1.071029,No,0.00,0.00
id#101,12.1759,8134.15,5287.20,12.0295,8094.98,8095.66,-0.000083,-0.01,1.071737,No,0.00,0.00
id#102,12.1759,5326.55,3462.26,12.0295,5300.99,5301.42,-0.000082,-0.01,1.071755,No,0.00,0.00
id#103,12.1759,7489.39,4868.11,12.0295,7444.69,7447.01,-0.000312,-0.03,1.070495,No,0.00,0.00
id#104,12.1759,8004.18,5202.72,12.0295,7962.02,7963.01,-0.000125,-0.01,1.071251,No,0.00,0.00
id#105,12.1759,6086.31,3956.10,12.0295,6053.43,6054.30,-0.000145,-0.01,1.071105,No,0.00,0.00
id#106,12.1759,4400.49,2860.32,12.0295,4377.45,4377.98,-0.000121,-0.01,1.071286,No,0.00,0.00
id#107,12.1759,5466.67,3553.34,12.0295,5439.39,5439.92,-0.000096,-0.01,1.071549,No,0.00,0.00
id#108,12.1759,6866.22,4463.04,12.0295,6832.87,6833.46,-0.000086,-0.01,1.071693,No,0.00,0.00
id#109,12.1759,8066.04,5242.92,12.0295,8020.76,8022.26,-0.000187,-0.02,1.070877,No,0.00,0.00
id#110,12.1759,6126.23,3982.05,12.0295,6098.14,6098.57,-0.000070,-0.01,1.071986,No,0.00,0.00
id#111,12.1759,5163.24,3356.10,12.0295,5136.15,5136.78,-0.000122,-0.01,1.071274,No,0.00,0.00
id#112,12.1759,7597.16,4938.15,12.0295,7557.62,7558.50,-0.000117,-0.01,1.071318,No,0.00,0.00
id#113,12.1759,7226.21,4697.03,12.0295,7185.50,7186.88,-0.000192,-0.02,1.070857,No,0.00,0.00
id#114,12.1759,3625.08,2356.30,12.0295,3608.17,3608.44,-0.000074,-0.01,1.071901,No,0.00,0.00
id#115,12.1759,4995.75,3247.24,12.0295,4966.58,4967.86,-0.000256,-0.03,1.070635,No,0.00,0.00
id#116,12.1759,5293.81,3440.98,12.0295,5265.00,5265.80,-0.000151,-0.02,1.071061,No,0.00,0.00
id#117,12.1759,6362.41,4135.57,12.0295,6327.88,6328.82,-0.000149,-0.01,1.071079,No,0.00,0.00
id#118,12.1759,3861.23,2509.80,12.0295,3841.06,3841.52,-0.000119,-0.01,1.071297,No,0.00,0.00
id#119,12.1759,8990.83,5844.04,12.0295,8949.19,8949.84,-0.000073,-0.01,1.071936,No,0.00,0.00
id#120,12.1759,5001.55,3251.00,12.0295,4978.85,4979.19,-0.000068,-0.01,1.072036,No,0.00,0.00
id#121,12.1759,7991.44,5194.43,12.0295,7952.92,7953.58,-0.000084,-0.01,1.071732,No,0.00,0.00
id#122,12.1759,5107.19,3319.67,12.0295,5076.29,5078.08,-0.000353,-0.04,1.070406,No,0.00,0.00
id#123,12.1759,6609.36,4296.08,12.0295,6572.65,6573.79,-0.000173,-0.02,1.070942,No,0.00,0.00
id#124,12.1759,5219.77,3392.85,12.0295,5189.76,5190.93,-0.000226,-0.02,1.070731,No,0.00,0.00
id#125,12.1759,6828.98,4438.83,12.0295,6798.03,6798.49,-0.000068,-0.01,1.072042,No,0.00,0.00
id#126,12.1759,4625.39,3006.50,12.0295,4597.54,4599.09,-0.000338,-0.03,1.070437,No,0.00,0.00
id#127,12.1759,4220.85,2743.55,12.0295,4200.62,4200.96,-0.000082,-0.01,1.071761,No,0.00,0.00
id#128,12.1759,5813.85,3779.00,12.0295,5788.05,5788.42,-0.000064,-0.01,1.072145,No,0.00,0.00
id#129,12.1759,8346.36,5425.13,12.0295,8297.48,8299.67,-0.000263,-0.03,1.070616,No,0.00,0.00
id#130,12.1759,5224.36,3395.83,12.0295,5197.24,5197.84,-0.000115,-0.01,1.071333,No,0.00,0.00
id#131,12.1759,6806.59,4424.29,12.0295,6775.64,6776.10,-0.000069,-0.01,1.072025,No,0.00,0.00
id#132,12.1759,5138.62,3340.10,12.0295,5112.20,5112.76,-0.000110,-0.01,1.071386,No,0.00,0.00
id#133,12.1759,7463.27,4851.13,12.0295,7418.88,7421.12,-0.000303,-0.03,1.070516,No,0.00,0.00
id#134,12.1759,7929.68,5154.29,12.0295,7882.23,7884.75,-0.000319,-0.03,1.070478,No,0.00,0.00
id#135,12.1759,8034.42,5222.37,12.0295,7990.36,7991.63,-0.000159,-0.02,1.071017,No,0.00,0.00
id#136,12.1759,6172.51,4012.13,12.0295,6136.78,6138.24,-0.000238,-0.02,1.070690,No,0.00,0.00
id#137,12.1759,4579.62,2976.75,12.0295,4555.59,4556.14,-0.000122,-0.01,1.071271,No,0.00,0.00
id#138,12.1759,5534.57,3597.47,12.0295,5504.35,5505.20,-0.000155,-0.02,1.071042,No,0.00,0.00
id#139,12.1759,7411.01,4817.15,12.0295,7376.59,7377.13,-0.000073,-0.01,1.071922,No,0.00,0.00
id#140,12.1759,3961.20,2574.78,12.0295,3938.49,3939.36,-0.000220,-0.02,1.070749,No,0.00,0.00
id#141,12.1759,5300.38,3445.25,12.0295,5270.87,5271.80,-0.000177,-0.02,1.070926,No,0.00,0.00
id#142,12.1759,4244.38,2758.85,12.0295,4225.23,4225.52,-0.000067,-0.01,1.072065,No,0.00,0.00
id#143,12.1759,4299.77,2794.85,12.0295,4274.35,4275.57,-0.000287,-0.03,1.070555,No,0.00,0.00
id#144,12.1759,5390.34,3503.72,12.0295,5359.35,5360.56,-0.000225,-0.02,1.070732,No,0.00,0.00
id#145,12.1759,5179.32,3366.56,12.0295,5154.47,5154.89,-0.000082,-0.01,1.071755,No,0.00,0.00
id#146,12.1759,7977.23,5185.20,12.0295,7933.36,7934.64,-0.000162,-0.02,1.071000,No,0.00,0.00
id#147,12.1759,5332.06,3465.84,12.0295,5304.28,5304.91,-0.000118,-0.01,1.071314,No,0.00,0.00
id#148,12.1759,7924.86,5151.16,12.0295,7883.00,7884.00,-0.000127,-0.01,1.071235,No,0.00,0.00
id#149,12.1759,7000.48,4550.31,12.0295,6960.29,6961.84,-0.000223,-0.02,1.070740,No,0.00,0.00
id#150,12.1759,6993.68,4545.89,12.0295,6957.78,6958.54,-0.000109,-0.01,1.071394,No,0.00,0.00
id#151,12.1759,7074.35,4598.33,12.0295,7039.48,7040.12,-0.000091,-0.01,1.071614,No,0.00,0.00
id#152,12.1759,7461.86,4850.21,12.0295,7427.18,7427.72,-0.000073,-0.01,1.071917,No,0.00,0.00
id#153,12.1759,4433.41,2881.71,12.0295,4408.78,4409.54,-0.000174,-0.02,1.070940,No,0.00,0.00
id#154,12.1759,4056.83,2636.94,12.0295,4034.56,4035.20,-0.000160,-0.02,1.071010,No,0.00,0.00
id#155,12.1759,3391.13,2204.24,12.0295,3376.01,3376.23,-0.000065,-0.01,1.072119,No,0.00,0.00
id#156,12.1759,5424.56,3525.96,12.0295,5399.25,5399.65,-0.000074,-0.01,1.071899,No,0.00,0.00
id#157,12.1759,6300.52,4095.34,12.0295,6265.79,6266.82,-0.000164,-0.02,1.070988,No,0.00,0.00
id#158,12.1759,9241.77,6007.15,12.0295,9188.03,9190.30,-0.000248,-0.02,1.070660,No,0.00,0.00
id#159,12.1759,7958.60,5173.09,12.0295,7914.84,7916.12,-0.000162,-0.02,1.071002,No,0.00,0.00
id#160,12.1759,4681.72,3043.11,12.0295,4657.40,4657.94,-0.000116,-0.01,1.071330,No,0.00,0.00
id#161,12.1759,5883.46,3824.25,12.0295,5849.66,5850.97,-0.000224,-0.02,1.070737,No,0.00,0.00
id#162,12.1759,9264.39,6021.85,12.0295,9218.32,9219.20,-0.000095,-0.01,1.071569,No,0.00,0.00
id#163,12.1759,6613.04,4298.48,12.0295,6574.65,6576.26,-0.000244,-0.02,1.070672,No,0.00,0.00
id#164,12.1759,4047.06,2630.59,12.0295,4024.43,4025.16,-0.000182,-0.02,1.070902,No,0.00,0.00
id#165,12.1759,4475.24,2908.90,12.0295,4454.97,4455.27,-0.000068,-0.01,1.072046,No,0.00,0.00
id#166,12.1759,4874.84,3168.65,12.0295,4850.06,4850.56,-0.000104,-0.01,1.071448,No,0.00,0.00
id#167,12.1759,6446.42,4190.17,12.0295,6409.91,6411.19,-0.000200,-0.02,1.070825,No,0.00,0.00
id#168,12.1759,8734.98,5677.73,12.0295,8687.52,8688.82,-0.000150,-0.01,1.071072,No,0.00,0.00
id#169,12.1759,6487.34,4216.77,12.0295,6455.28,6455.87,-0.000092,-0.01,1.071600,No,0.00,0.00
id#170,12.1759,8907.67,5789.99,12.0295,8866.25,8866.90,-0.000074,-0.01,1.071915,No,0.00,0.00
id#171,12.1759,6208.38,4035.45,12.0295,6177.78,6178.35,-0.000091,-0.01,1.071615,No,0.00,0.00
id#172,12.1759,5823.71,3785.41,12.0295,5793.54,5794.20,-0.000114,-0.01,1.071344,No,0.00,0.00
id#173,12.1759,7718.05,5016.73,12.0295,7679.25,7680.01,-0.000099,-0.01,1.071509,No,0.00,0.00
id#174,12.1759,5480.52,3562.34,12.0295,5447.59,5449.39,-0.000331,-0.03,1.070452,No,0.00,0.00
id#175,12.1759,6854.34,4455.32,12.0295,6817.40,6818.37,-0.000142,-0.01,1.071119,No,0.00,0.00
id#176,12.1759,7078.53,4601.04,12.0295,7041.87,7042.67,-0.000114,-0.01,1.071346,No,0.00,0.00
id#177,12.1759,6620.95,4303.62,12.0295,6584.61,6585.66,-0.000160,-0.02,1.071012,No,0.00,0.00
id#178,12.1759,3456.98,2247.04,12.0295,3439.84,3440.16,-0.000094,-0.01,1.071582,No,0.00,0.00
id#179,12.1759,5058.43,3287.98,12.0295,5032.63,5033.16,-0.000106,-0.01,1.071431,No,0.00,0.00
id#180,12.1759,5624.78,3656.11,12.0295,5591.03,5592.86,-0.000327,-0.03,1.070462,No,0.00,0.00
id#181,12.1759,3812.93,2478.40,12.0295,3795.64,3795.90,-0.000068,-0.01,1.072042,No,0.00,0.00
id#182,12.1759,8565.58,5567.63,12.0295,8524.10,8524.82,-0.000085,-0.01,1.071707,No,0.00,0.00
id#183,12.1759,3967.11,2578.62,12.0295,3944.70,3945.48,-0.000196,-0.02,1.070840,No,0.00,0.00
id#184,12.1759,5954.83,3870.64,12.0295,5925.09,5925.66,-0.000096,-0.01,1.071544,No,0.00,0.00
id#185,12.1759,6108.02,3970.21,12.0295,6079.35,6079.81,-0.000076,-0.01,1.071868,No,0.00,0.00
id#186,12.1759,6903.03,4486.97,12.0295,6863.85,6865.25,-0.000203,-0.02,1.070811,No,0.00,0.00
id#187,12.1759,4660.62,3029.40,12.0295,4639.14,4639.47,-0.000071,-0.01,1.071961,No,0.00,0.00
id#188,12.1759,4334.50,2817.42,12.0295,4313.53,4313.89,-0.000085,-0.01,1.071713,No,0.00,0.00
id#189,12.1759,5684.33,3694.82,12.0295,5653.80,5654.59,-0.000140,-0.01,1.071138,No,0.00,0.00
id#190,12.1759,6340.36,4121.24,12.0295,6310.34,6310.83,-0.000078,-0.01,1.071823,No,0.00,0.00
id#191,12.1759,5713.63,3713.86,12.0295,5681.89,5682.88,-0.000174,-0.02,1.070940,No,0.00,0.00
id#192,12.1759,5750.17,3737.61,12.0295,5717.68,5718.80,-0.000197,-0.02,1.070837,No,0.00,0.00
id#193,12.1759,4329.15,2813.95,12.0295,4307.03,4307.49,-0.000107,-0.01,1.071422,No,0.00,0.00
id#194,12.1759,7715.95,5015.37,12.0295,7675.99,7676.87,-0.000114,-0.01,1.071346,No,0.00,0.00
id#195,12.1759,4749.99,3087.49,12.0295,4727.22,4727.61,-0.000082,-0.01,1.071761,No,0.00,0.00
id#196,12.1759,7327.37,4762.79,12.0295,7291.23,7291.90,-0.000091,-0.01,1.071611,No,0.00,0.00
id#197,12.1759,4466.66,2903.33,12.0295,4443.72,4444.21,-0.000109,-0.01,1.071394,No,0.00,0.00
id#198,12.1759,7466.51,4853.23,12.0295,7430.41,7431.04,-0.000085,-0.01,1.071715,No,0.00,0.00
id#199,12.1759,4065.85,2642.80,12.0295,4042.47,4043.39,-0.000226,-0.02,1.070730,No,0.00,0.00
id#200,12.1759,7258.86,4718.26,12.0295,7221.75,7222.52,-0.000107,-0.01,1.071417,No,0.00,0.00
id#201,12.1759,8284.32,5384.81,12.0295,8234.89,8237.45,-0.000311,-0.03,1.070497,No,0.00,0.00
id#202,12.1759,6091.09,3959.21,12.0295,6059.75,6060.42,-0.000110,-0.01,1.071382,No,0.00,0.00
id#203,12.1759,6283.25,4084.11,12.0295,6249.15,6250.08,-0.000149,-0.01,1.071079,No,0.00,0.00
id#204,12.1759,8729.72,5674.32,12.0295,8690.64,8691.21,-0.000065,-0.01,1.072102,No,0.00,0.00
id#205,12.1759,6964.52,4526.94,12.0295,6932.34,6932.84,-0.000072,-0.01,1.071947,No,0.00,0.00
id#206,12.1759,7516.35,4885.63,12.0295,7481.75,7482.28,-0.000071,-0.01,1.071965,No,0.00,0.00
id#207,12.1759,8343.04,5422.98,12.0295,8300.91,8301.75,-0.000101,-0.01,1.071485,No,0.00,0.00
id#208,12.1759,7802.18,5071.41,12.0295,7761.98,7762.84,-0.000111,-0.01,1.071374,No,0.00,0.00
id#209,12.1759,5525.87,3591.81,12.0295,5496.51,5497.23,-0.000131,-0.01,1.071201,No,0.00,0.00
id#210,12.1759,5854.84,3805.65,12.0295,5821.25,5822.54,-0.000221,-0.02,1.070745,No,0.00,0.00
id#211,12.1759,3705.71,2408.71,12.0295,3689.07,3689.31,-0.000066,-0.01,1.072087,No,0.00,0.00
id#212,12.1759,7820.01,5083.00,12.0295,7783.06,7783.67,-0.000078,-0.01,1.071836,No,0.00,0.00
id#213,12.1759,4964.90,3227.18,12.0295,4935.31,4936.82,-0.000308,-0.03,1.070505,No,0.00,0.00
id#214,12.1759,6482.70,4213.76,12.0295,6451.54,6452.08,-0.000083,-0.01,1.071747,No,0.00,0.00
id#215,12.1759,7089.83,4608.39,12.0295,7055.08,7055.71,-0.000089,-0.01,1.071644,No,0.00,0.00
id#216,12.1759,6454.42,4195.37,12.0295,6420.91,6421.65,-0.000116,-0.01,1.071331,No,0.00,0.00
id#217,12.1759,6102.94,3966.91,12.0295,6066.94,6068.64,-0.000280,-0.03,1.070571,No,0.00,0.00
id#218,12.1759,5273.64,3427.87,12.0295,5242.77,5244.15,-0.000262,-0.03,1.070619,No,0.00,0.00
id#219,12.1759,8418.14,5471.79,12.0295,8371.10,8372.61,-0.000181,-0.02,1.070905,No,0.00,0.00
id#220,12.1759,6938.18,4509.82,12.0295,6900.11,6901.21,-0.000160,-0.02,1.071014,No,0.00,0.00
id#221,12.1759,5228.96,3398.82,12.0295,5202.97,5203.46,-0.000094,-0.01,1.071570,No,0.00,0.00
id#222,12.1759,6552.01,4258.81,12.0295,6522.69,6523.11,-0.000065,-0.01,1.072104,No,0.00,0.00
id#223,12.1759,4403.18,2862.07,12.0295,4378.05,4378.98,-0.000212,-0.02,1.070778,No,0.00,0.00
id#224,12.1759,6811.16,4427.26,12.0295,6772.98,6774.24,-0.000185,-0.02,1.070886,No,0.00,0.00
id#225,12.1759,5151.09,3348.21,12.0295,5125.66,5126.13,-0.000092,-0.01,1.071606,No,0.00,0.00
id#226,12.1759,4321.16,2808.75,12.0295,4299.04,4299.51,-0.000108,-0.01,1.071412,No,0.00,0.00
id#227,12.1759,6571.26,4271.32,12.0295,6531.71,6533.91,-0.000337,-0.03,1.070440,No,0.00,0.00
id#228,12.1759,6954.91,4520.69,12.0295,6921.26,6921.84,-0.000085,-0.01,1.071712,No,0.00,0.00
id#229,12.1759,4863.29,3161.14,12.0295,4841.58,4841.90,-0.000065,-0.01,1.072116,No,0.00,0.00
id#230,12.1759,8436.51,5483.73,12.0295,8394.27,8395.08,-0.000097,-0.01,1.071531,No,0.00,0.00
id#231,12.1759,6344.52,4123.94,12.0295,6310.93,6311.74,-0.000128,-0.01,1.071221,No,0.00,0.00
id#232,12.1759,6852.49,4454.12,12.0295,6818.00,6818.67,-0.000100,-0.01,1.071503,No,0.00,0.00
id#233,12.1759,6089.83,3958.39,12.0295,6059.48,6060.05,-0.000096,-0.01,1.071555,No,0.00,0.00
id#234,12.1759,4084.09,2654.66,12.0295,4063.84,4064.22,-0.000094,-0.01,1.071582,No,0.00,0.00
id#235,12.1759,5257.18,3417.16,12.0295,5228.72,5229.48,-0.000146,-0.01,1.071094,No,0.00,0.00
id#236,12.1759,4678.22,3040.85,12.0295,4652.72,4653.43,-0.000153,-0.02,1.071051,No,0.00,0.00
id#237,12.1759,3696.03,2402.42,12.0295,3678.92,3679.19,-0.000072,-0.01,1.071938,No,0.00,0.00
id#238,12.1759,6551.31,4258.35,12.0295,6520.69,6521.18,-0.000075,-0.01,1.071890,No,0.00,0.00
id#239,12.1759,5055.91,3286.34,12.0295,5026.69,5027.87,-0.000235,-0.02,1.070699,No,0.00,0.00
id#240,12.1759,6319.70,4107.81,12.0295,6284.37,6285.52,-0.000182,-0.02,1.070903,No,0.00,0.00
id#241,12.1759,5729.56,3724.21,12.0295,5701.33,5701.85,-0.000091,-0.01,1.071617,No,0.00,0.00
id#242,12.1759,8626.23,5607.05,12.0295,8579.10,8580.43,-0.000155,-0.02,1.071039,No,0.00,0.00
id#243,12.1759,7197.51,4678.38,12.0295,7158.88,7159.87,-0.000139,-0.01,1.071143,No,0.00,0.00
id#244,12.1759,5607.94,3645.16,12.0295,5575.52,5576.84,-0.000236,-0.02,1.070697,No,0.00,0.00
id#245,12.1759,7648.74,4971.68,12.0295,7613.82,7614.35,-0.000069,-0.01,1.072007,No,0.00,0.00
id#246,12.1759,4535.50,2948.08,12.0295,4509.79,4510.70,-0.000202,-0.02,1.070817,No,0.00,0.00
id#247,12.1759,6220.75,4043.49,12.0295,6191.15,6191.64,-0.000080,-0.01,1.071799,No,0.00,0.00
id#248,12.1759,5406.92,3514.50,12.0295,5378.46,5379.13,-0.000124,-0.01,1.071255,No,0.00,0.00
id#249,12.1759,9004.44,5852.89,12.0295,8953.24,8955.09,-0.000206,-0.02,1.070800,No,0.00,0.00
id#250,12.1759,6205.82,4033.78,12.0295,6175.63,6176.16,-0.000087,-0.01,1.071684,No,0.00,0.00
id#251,12.1759,4248.94,2761.81,12.0295,4226.32,4226.88,-0.000132,-0.01,1.071190,No,0.00,0.00
id#252,12.1759,5318.57,3457.07,12.0295,5291.50,5292.05,-0.000105,-0.01,1.071441,No,0.00,0.00
id#253,12.1759,6019.51,3912.68,12.0295,5984.24,5985.82,-0.000265,-0.03,1.070612,No,0.00,0.00
id#254,12.1759,7809.19,5075.98,12.0295,7766.87,7768.02,-0.000147,-0.01,1.071087,No,0.00,0.00
id#255,12.1759,7312.01,4752.81,12.0295,7272.61,7273.65,-0.000142,-0.01,1.071120,No,0.00,0.00
id#256,12.1759,5564.96,3617.23,12.0295,5536.13,5536.76,-0.000114,-0.01,1.071343,No,0.00,0.00
id#257,12.1759,5651.76,3673.65,12.0295,5621.06,5621.90,-0.000150,-0.01,1.071072,No,0.00,0.00
id#258,12.1759,8717.27,5666.22,12.0295,8677.76,8678.35,-0.000068,-0.01,1.072042,No,0.00,0.00
id#259,12.1759,7197.75,4678.54,12.0295,7164.80,7165.30,-0.000070,-0.01,1.071994,No,0.00,0.00
id#260,12.1759,6564.84,4267.14,12.0295,6527.31,6528.72,-0.000215,-0.02,1.070768,No,0.00,0.00
id#261,12.1759,7619.23,4952.50,12.0295,7585.49,7585.97,-0.000063,-0.01,1.072155,No,0.00,0.00
id#262,12.1759,3561.32,2314.85,12.0295,3544.89,3545.14,-0.000072,-0.01,1.071956,No,0.00,0.00
id#263,12.1759,6180.98,4017.63,12.0295,6147.25,6148.20,-0.000154,-0.02,1.071048,No,0.00,0.00
id#264,12.1759,5940.22,3861.15,12.0295,5913.18,5913.59,-0.000069,-0.01,1.072021,No,0.00,0.00
id#265,12.1759,5796.61,3767.80,12.0295,5761.57,5763.59,-0.000350,-0.03,1.070413,No,0.00,0.00
id#266,12.1759,5979.18,3886.47,12.0295,5949.79,5950.32,-0.000090,-0.01,1.071628,No,0.00,0.00
id#267,12.1759,6833.83,4441.99,12.0295,6797.32,6798.23,-0.000135,-0.01,1.071168,No,0.00,0.00
id#268,12.1759,8354.71,5430.56,12.0295,8307.44,8309.09,-0.000199,-0.02,1.070830,No,0.00,0.00
id#269,12.1759,5212.06,3387.84,12.0295,5184.92,5185.53,-0.000117,-0.01,1.071317,No,0.00,0.00
id#270,12.1759,3533.71,2296.91,12.0295,3516.35,3516.66,-0.000090,-0.01,1.071631,No,0.00,0.00
id#271,12.1759,5683.19,3694.07,12.0295,5656.72,5657.13,-0.000074,-0.01,1.071907,No,0.00,0.00
id#272,12.1759,7972.62,5182.20,12.0295,7924.92,7927.45,-0.000319,-0.03,1.070480,No,0.00,0.00
id#273,12.1759,7315.97,4755.38,12.0295,7280.22,7280.86,-0.000088,-0.01,1.071660,No,0.00,0.00
id#274,12.1759,3225.71,2096.71,12.0295,3208.98,3209.35,-0.000115,-0.01,1.071340,No,0.00,0.00
id#275,12.1759,4493.58,2920.83,12.0295,4472.62,4472.96,-0.000074,-0.01,1.071902,No,0.00,0.00
id#276,12.1759,6060.35,3939.23,12.0295,6028.70,6029.42,-0.000119,-0.01,1.071298,No,0.00,0.00
id#277,12.1759,5230.46,3399.80,12.0295,5205.97,5206.36,-0.000075,-0.01,1.071881,No,0.00,0.00
id#278,12.1759,5023.75,3265.44,12.0295,4995.49,4996.44,-0.000190,-0.02,1.070865,No,0.00,0.00
id#279,12.1759,6816.41,4430.67,12.0295,6786.05,6786.49,-0.000064,-0.01,1.072126,No,0.00,0.00
id#280,12.1759,6472.42,4207.07,12.0295,6439.15,6439.86,-0.000110,-0.01,1.071388,No,0.00,0.00
id#281,12.1759,4714.19,3064.22,12.0295,4692.43,4692.76,-0.000072,-0.01,1.071951,No,0.00,0.00
id#282,12.1759,5511.38,3582.39,12.0295,5481.65,5482.44,-0.000143,-0.01,1.071115,No,0.00,0.00
id#283,12.1759,4959.11,3223.42,12.0295,4936.79,4937.12,-0.000066,-0.01,1.072076,No,0.00,0.00
id#284,12.1759,4321.12,2808.73,12.0295,4300.57,4300.91,-0.000080,-0.01,1.071800,No,0.00,0.00
id#285,12.1759,5412.39,3518.05,12.0295,5385.08,5385.62,-0.000101,-0.01,1.071488,No,0.00,0.00
id#286,12.1759,4366.16,2838.00,12.0295,4344.12,4344.56,-0.000101,-0.01,1.071488,No,0.00,0.00
id#287,12.1759,5107.06,3319.59,12.0295,5080.54,5081.13,-0.000116,-0.01,1.071331,No,0.00,0.00
id#288,12.1759,4627.80,3008.07,12.0295,4601.43,4602.39,-0.000210,-0.02,1.070787,No,0.00,0.00
id#289,12.1759,5024.94,3266.21,12.0295,4996.88,4997.78,-0.000180,-0.02,1.070909,No,0.00,0.00
id#290,12.1759,7853.83,5104.99,12.0295,7816.67,7817.28,-0.000078,-0.01,1.071827,No,0.00,0.00
id#291,12.1759,6745.21,4384.38,12.0295,6710.43,6711.18,-0.000112,-0.01,1.071371,No,0.00,0.00
id#292,12.1759,4239.55,2755.71,12.0295,4219.92,4220.23,-0.000073,-0.01,1.071937,No,0.00,0.00
id#293,12.1759,6455.61,4196.15,12.0295,6424.08,6424.64,-0.000088,-0.01,1.071662,No,0.00,0.00
id#294,12.1759,7304.95,4748.21,12.0295,7269.44,7270.07,-0.000086,-0.01,1.071689,No,0.00,0.00
id#295,12.1759,6955.61,4521.15,12.0295,6923.72,6924.21,-0.000070,-0.01,1.071986,No,0.00,0.00
id#296,12.1759,4572.52,2972.14,12.0295,4551.79,4552.10,-0.000068,-0.01,1.072039,No,0.00,0.00
id#297,12.1759,6100.64,3965.42,12.0295,6064.99,6066.56,-0.000258,-0.03,1.070631,No,0.00,0.00
id#298,12.1759,6558.48,4263.01,12.0295,6523.32,6524.22,-0.000138,-0.01,1.071150,No,0.00,0.00
id#299,12.1759,4146.05,2694.93,12.0295,4126.22,4126.56,-0.000081,-0.01,1.071773,No,0.00,0.00
id#300,12.1759,6491.46,4219.45,12.0295,6454.65,6455.96,-0.000202,-0.02,1.070817,No,0.00,0.00
id#301,12.1759,7648.12,4971.28,12.0295,7604.76,7606.30,-0.000202,-0.02,1.070818,No,0.00,0.00
id#302,12.1759,6843.87,4448.52,12.0295,6809.44,6810.11,-0.000100,-0.01,1.071504,No,0.00,0.00
id#303,12.1759,7712.62,5013.20,12.0295,7678.11,7678.61,-0.000065,-0.01,1.072105,No,0.00,0.00
id#304,12.1759,9370.40,6090.76,12.0295,9323.72,9324.61,-0.000095,-0.01,1.071559,No,0.00,0.00
id#305,12.1759,7416.11,4820.47,12.0295,7378.35,7379.13,-0.000105,-0.01,1.071440,No,0.00,0.00
id#306,12.1759,4481.92,2913.25,12.0295,4455.90,4456.99,-0.000245,-0.02,1.070670,No,0.00,0.00
id#307,12.1759,4938.70,3210.15,12.0295,4910.32,4911.42,-0.000224,-0.02,1.070735,No,0.00,0.00
id#308,12.1759,7704.45,5007.89,12.0295,7667.17,7667.82,-0.000085,-0.01,1.071712,No,0.00,0.00
id#309,12.1759,5546.37,3605.14,12.0295,5513.97,5515.39,-0.000257,-0.03,1.070633,No,0.00,0.00
id#310,12.1759,5877.06,3820.09,12.0295,5847.51,5848.09,-0.000099,-0.01,1.071507,No,0.00,0.00
id#311,12.1759,5513.40,3583.71,12.0295,5487.62,5488.03,-0.000075,-0.01,1.071886,No,0.00,0.00
id#312,12.1759,8213.29,5338.64,12.0295,8165.85,8167.76,-0.000234,-0.02,1.070703,No,0.00,0.00
id#313,12.1759,7963.41,5176.22,12.0295,7925.09,7925.75,-0.000083,-0.01,1.071741,No,0.00,0.00
id#314,12.1759,3889.84,2528.40,12.0295,3872.20,3872.47,-0.000068,-0.01,1.072039,No,0.00,0.00
id#315,12.1759,6200.01,4030.01,12.0295,6167.98,6168.68,-0.000113,-0.01,1.071359,No,0.00,0.00
id#316,12.1759,5217.39,3391.30,12.0295,5189.18,5189.93,-0.000145,-0.01,1.071101,No,0.00,0.00
id#317,12.1759,6365.28,4137.43,12.0295,6328.23,6329.81,-0.000250,-0.02,1.070654,No,0.00,0.00
id#318,12.1759,6421.90,4174.24,12.0295,6388.73,6389.45,-0.000113,-0.01,1.071360,No,0.00,0.00
id#319,12.1759,6999.34,4549.57,12.0295,6960.24,6961.49,-0.000181,-0.02,1.070906,No,0.00,0.00
id#320,12.1759,6945.28,4514.43,12.0295,6912.64,6913.17,-0.000076,-0.01,1.071862,No,0.00,0.00
id#321,12.1759,8707.02,5659.56,12.0295,8660.89,8662.01,-0.000129,-0.01,1.071218,No,0.00,0.00
id#322,12.1759,6410.37,4166.74,12.0295,6379.64,6380.16,-0.000082,-0.01,1.071761,No,0.00,0.00
id#323,12.1759,6036.62,3923.80,12.0295,6004.22,6005.05,-0.000139,-0.01,1.071143,No,0.00,0.00
id#324,12.1759,8447.42,5490.83,12.0295,8399.79,8401.41,-0.000194,-0.02,1.070850,No,0.00,0.00
id#325,12.1759,6355.08,4130.80,12.0295,6317.94,6319.58,-0.000258,-0.03,1.070630,No,0.00,0.00
id#326,12.1759,9018.35,5861.93,12.0295,8970.30,8971.50,-0.000133,-0.01,1.071185,No,0.00,0.00
id#327,12.1759,7055.08,4585.80,12.0295,7020.55,7021.18,-0.000089,-0.01,1.071653,No,0.00,0.00
id#328,12.1759,8220.37,5343.24,12.0295,8182.19,8182.79,-0.000073,-0.01,1.071921,No,0.00,0.00
id#329,12.1759,7059.73,4588.82,12.0295,7027.45,7027.94,-0.000070,-0.01,1.072000,No,0.00,0.00
id#330,12.1759,6656.39,4326.65,12.0295,6618.30,6619.74,-0.000217,-0.02,1.070761,No,0.00,0.00
id#331,12.1759,6736.67,4378.84,12.0295,6703.01,6703.66,-0.000097,-0.01,1.071543,No,0.00,0.00
id#332,12.1759,3960.66,2574.43,12.0295,3941.91,3942.22,-0.000078,-0.01,1.071824,No,0.00,0.00
id#333,12.1759,4517.17,2936.16,12.0295,4491.97,4492.77,-0.000179,-0.02,1.070915,No,0.00,0.00
id#334,12.1759,6905.80,4488.77,12.0295,6874.98,6875.42,-0.000065,-0.01,1.072116,No,0.00,0.00
id#335,12.1759,4799.97,3119.98,12.0295,4777.06,4777.45,-0.000081,-0.01,1.071784,No,0.00,0.00
id#336,12.1759,7135.76,4638.24,12.0295,7100.07,7100.76,-0.000097,-0.01,1.071538,No,0.00,0.00
id#337,12.1759,3658.11,2377.77,12.0295,3639.12,3639.54,-0.000115,-0.01,1.071334,No,0.00,0.00
id#338,12.1759,5829.83,3789.39,12.0295,5800.99,5801.52,-0.000093,-0.01,1.071596,No,0.00,0.00
id#339,12.1759,9633.30,6261.65,12.0295,9583.83,9584.88,-0.000109,-0.01,1.071393,No,0.00,0.00
id#340,12.1759,4561.75,2965.14,12.0295,4540.84,4541.16,-0.000070,-0.01,1.071987,No,0.00,0.00
id#341,12.1759,6407.06,4164.59,12.0295,6373.47,6374.24,-0.000122,-0.01,1.071277,No,0.00,0.00
id#342,12.1759,6856.70,4456.85,12.0295,6815.64,6817.83,-0.000321,-0.03,1.070476,No,0.00,0.00
id#343,12.1759,8420.28,5473.18,12.0295,8375.97,8377.01,-0.000124,-0.01,1.071256,No,0.00,0.00
id#344,12.1759,7356.60,4781.79,12.0295,7323.84,7324.31,-0.000064,-0.01,1.072128,No,0.00,0.00
id#345,12.1759,6467.44,4203.83,12.0295,6436.98,6437.47,-0.000077,-0.01,1.071851,No,0.00,0.00
id#346,12.1759,5821.91,3784.24,12.0295,5793.90,5794.38,-0.000083,-0.01,1.071741,No,0.00,0.00
id#347,12.1759,4728.92,3073.80,12.0295,4706.17,4706.56,-0.000083,-0.01,1.071742,No,0.00,0.00
id#348,12.1759,6656.38,4326.65,12.0295,6619.18,6620.38,-0.000181,-0.02,1.070904,No,0.00,0.00
id#349,12.1759,5146.02,3344.91,12.0295,5121.41,5121.83,-0.000081,-0.01,1.071772,No,0.00,0.00
id#350,12.1759,7396.79,4807.91,12.0295,7359.03,7359.81,-0.000106,-0.01,1.071425,No,0.00,0.00
id#351,12.1759,3944.16,2563.71,12.0295,3926.59,3926.84,-0.000064,-0.01,1.072125,No,0.00,0.00
id#352,12.1759,6718.33,4366.92,12.0295,6678.10,6680.25,-0.000321,-0.03,1.070474,No,0.00,0.00
id#353,12.1759,5887.23,3826.70,12.0295,5856.99,5857.63,-0.000110,-0.01,1.071391,No,0.00,0.00
id#354,12.1759,8215.93,5340.36,12.0295,8168.43,8170.36,-0.000236,-0.02,1.070696,No,0.00,0.00
id#355,12.1759,7658.99,4978.34,12.0295,7621.79,7622.45,-0.000086,-0.01,1.071693,No,0.00,0.00
id#356,12.1759,5441.53,3537.00,12.0295,5417.26,5417.61,-0.000065,-0.01,1.072119,No,0.00,0.00
id#357,12.1759,4476.70,2909.86,12.0295,4453.39,4453.92,-0.000117,-0.01,1.071316,No,0.00,0.00
id#358,12.1759,9508.54,6180.55,12.0295,9458.56,9459.73,-0.000123,-0.01,1.071262,No,0.00,0.00
id#359,12.1759,4884.38,3174.85,12.0295,4858.62,4859.23,-0.000126,-0.01,1.071242,No,0.00,0.00
id#360,12.1759,5137.79,3339.57,12.0295,5108.23,5109.39,-0.000227,-0.02,1.070725,No,0.00,0.00
id#361,12.1759,7607.34,4944.77,12.0295,7566.77,7567.78,-0.000134,-0.01,1.071180,No,0.00,0.00
id#362,12.1759,5898.69,3834.15,12.0295,5866.63,5867.51,-0.000150,-0.02,1.071069,No,0.00,0.00
id#363,12.1759,6014.61,3909.50,12.0295,5979.51,5981.04,-0.000256,-0.03,1.070638,No,0.00,0.00
id#364,12.1759,5238.99,3405.35,12.0295,5208.01,5209.51,-0.000287,-0.03,1.070554,No,0.00,0.00
id#365,12.1759,7255.80,4716.27,12.0295,7223.46,7223.93,-0.000065,-0.01,1.072123,No,0.00,0.00
id#366,12.1759,6972.75,4532.29,12.0295,6940.39,6940.90,-0.000073,-0.01,1.071925,No,0.00,0.00
id#367,12.1759,7779.92,5056.94,12.0295,7742.37,7743.02,-0.000084,-0.01,1.071726,No,0.00,0.00
id#368,12.1759,6311.09,4102.21,12.0295,6280.00,6280.57,-0.000091,-0.01,1.071617,No,0.00,0.00
id#369,12.1759,5964.76,3877.09,12.0295,5935.04,5935.61,-0.000095,-0.01,1.071558,No,0.00,0.00
id#370,12.1759,6122.39,3979.55,12.0295,6093.66,6094.12,-0.000076,-0.01,1.071870,No,0.00,0.00
id#371,12.1759,7110.29,4621.69,12.0295,7073.63,7074.42,-0.000112,-0.01,1.071370,No,0.00,0.00
id#372,12.1759,7063.93,4591.55,12.0295,7029.05,7029.70,-0.000092,-0.01,1.071606,No,0.00,0.00
id#373,12.1759,3529.63,2294.26,12.0295,3510.24,3510.81,-0.000161,-0.02,1.071007,No,0.00,0.00
id#374,12.1759,4984.91,3240.19,12.0295,4962.10,4962.45,-0.000070,-0.01,1.071997,No,0.00,0.00
id#375,12.1759,5251.79,3413.67,12.0295,5228.04,5228.40,-0.000067,-0.01,1.072053,No,0.00,0.00
id#376,12.1759,8033.22,5221.60,12.0295,7992.48,7993.30,-0.000103,-0.01,1.071461,No,0.00,0.00
id#377,12.1759,6817.41,4431.31,12.0295,6785.05,6785.58,-0.000079,-0.01,1.071812,No,0.00,0.00
id#378,12.1759,5259.00,3418.35,12.0295,5229.98,5230.85,-0.000166,-0.02,1.070980,No,0.00,0.00
id#379,12.1759,8733.48,5676.76,12.0295,8690.27,8691.07,-0.000093,-0.01,1.071595,No,0.00,0.00
id#380,12.1759,7219.05,4692.38,12.0295,7186.57,7187.05,-0.000066,-0.01,1.072078,No,0.00,0.00
id#381,12.1759,6134.17,3987.21,12.0295,6104.85,6105.35,-0.000081,-0.01,1.071777,No,0.00,0.00
id#382,12.1759,4866.30,3163.09,12.0295,4843.23,4843.61,-0.000079,-0.01,1.071819,No,0.00,0.00
id#383,12.1759,6888.21,4477.34,12.0295,6851.43,6852.36,-0.000135,-0.01,1.071173,No,0.00,0.00
id#384,12.1759,6325.00,4111.25,12.0295,6291.91,6292.67,-0.000120,-0.01,1.071290,No,0.00,0.00
id#385,12.1759,4357.47,2832.36,12.0295,4332.31,4333.33,-0.000234,-0.02,1.070704,No,0.00,0.00
id#386,12.1759,5200.37,3380.24,12.0295,5171.23,5172.19,-0.000184,-0.02,1.070890,No,0.00,0.00
id#387,12.1759,4555.49,2961.07,12.0295,4528.47,4529.80,-0.000294,-0.03,1.070536,No,0.00,0.00
id#388,12.1759,6226.34,4047.12,12.0295,6196.13,6196.66,-0.000086,-0.01,1.071699,No,0.00,0.00
id#389,12.1759,5655.97,3676.38,12.0295,5626.95,5627.56,-0.000109,-0.01,1.071396,No,0.00,0.00
id#390,12.1759,3804.31,2472.80,12.0295,3786.23,3786.53,-0.000079,-0.01,1.071804,No,0.00,0.00
id#391,12.1759,7993.72,5195.92,12.0295,7955.36,7956.01,-0.000082,-0.01,1.071754,No,0.00,0.00
id#392,12.1759,7214.26,4689.27,12.0295,7179.99,7180.56,-0.000079,-0.01,1.071808,No,0.00,0.00
id#393,12.1759,6036.60,3923.79,12.0295,6006.63,6007.19,-0.000094,-0.01,1.071575,No,0.00,0.00
id#394,12.1759,6319.78,4107.86,12.0295,6285.17,6286.16,-0.000158,-0.02,1.071025,No,0.00,0.00
id#395,12.1759,4163.03,2705.97,12.0295,4144.57,4144.83,-0.000064,-0.01,1.072147,No,0.00,0.00
id#396,12.1759,5178.22,3365.84,12.0295,5154.46,5154.82,-0.000070,-0.01,1.071983,No,0.00,0.00
id#397,12.1759,5353.70,3479.91,12.0295,5328.89,5329.27,-0.000073,-0.01,1.071931,No,0.00,0.00
id#398,12.1759,5254.35,3415.33,12.0295,5228.50,5228.97,-0.000090,-0.01,1.071625,No,0.00,0.00
id#399,12.1759,8647.65,5620.97,12.0295,8605.24,8606.01,-0.000089,-0.01,1.071642,No,0.00,0.00
id#400,12.1759,7155.67,4651.19,12.0295,7113.65,7115.57,-0.000270,-0.03,1.070599,No,0.00,0.00
id#401,12.1759,7284.65,4735.02,12.0295,7247.83,7248.56,-0.000102,-0.01,1.071480,No,0.00,0.00
id#402,12.1759,3721.22,2418.80,12.0295,3701.34,3701.84,-0.000135,-0.01,1.071170,No,0.00,0.00
id#403,12.1759,4435.19,2882.87,12.0295,4410.66,4411.40,-0.000168,-0.02,1.070967,No,0.00,0.00
id#404,12.1759,5105.58,3318.63,12.0295,5078.01,5078.74,-0.000144,-0.01,1.071106,No,0.00,0.00
id#405,12.1759,8989.50,5843.18,12.0295,8945.78,8946.55,-0.000086,-0.01,1.071686,No,0.00,0.00
id#406,12.1759,3480.41,2262.27,12.0295,3463.97,3464.24,-0.000078,-0.01,1.071837,No,0.00,0.00
id#407,12.1759,7326.04,4761.93,12.0295,7287.03,7288.00,-0.000133,-0.01,1.071188,No,0.00,0.00
id#408,12.1759,4662.27,3030.47,12.0295,4640.27,4640.63,-0.000077,-0.01,1.071841,No,0.00,0.00
id#409,12.1759,6252.26,4063.97,12.0295,6224.06,6224.48,-0.000067,-0.01,1.072067,No,0.00,0.00
id#410,12.1759,6076.31,3949.60,12.0295,6043.21,6044.13,-0.000152,-0.02,1.071057,No,0.00,0.00
id#411,12.1759,5516.21,3585.54,12.0295,5485.97,5486.84,-0.000159,-0.02,1.071019,No,0.00,0.00
id#412,12.1759,5416.71,3520.86,12.0295,5391.42,5391.83,-0.000075,-0.01,1.071896,No,0.00,0.00
id#413,12.1759,8505.38,5528.50,12.0295,8460.73,8461.76,-0.000123,-0.01,1.071269,No,0.00,0.00
id#414,12.1759,5771.38,3751.39,12.0295,5736.55,5738.53,-0.000344,-0.03,1.070425,No,0.00,0.00
id#415,12.1759,5997.53,3898.39,12.0295,5964.74,5965.67,-0.000156,-0.02,1.071035,No,0.00,0.00
id#416,12.1759,3875.16,2518.86,12.0295,3855.79,3856.17,-0.000097,-0.01,1.071541,No,0.00,0.00
id#417,12.1759,7782.49,5058.62,12.0295,7744.23,7744.93,-0.000090,-0.01,1.071628,No,0.00,0.00
id#418,12.1759,7165.63,4657.66,12.0295,7129.51,7130.23,-0.000100,-0.01,1.071495,No,0.00,0.00
id#419,12.1759,6323.86,4110.51,12.0295,6295.35,6295.77,-0.000067,-0.01,1.072067,No,0.00,0.00
id#420,12.1759,8561.03,5564.67,12.0295,8517.03,8517.96,-0.000110,-0.01,1.071387,No,0.00,0.00
id#421,12.1759,6735.26,4377.92,12.0295,6700.66,6701.39,-0.000110,-0.01,1.071390,No,0.00,0.00
id#422,12.1759,5963.21,3876.09,12.0295,5935.41,5935.85,-0.000074,-0.01,1.071903,No,0.00,0.00
id#423,12.1759,5776.29,3754.59,12.0295,5746.25,5746.92,-0.000116,-0.01,1.071324,No,0.00,0.00
id#424,12.1759,7037.72,4574.52,12.0295,7001.86,7002.60,-0.000105,-0.01,1.071437,No,0.00,0.00
id#425,12.1759,6932.32,4506.01,12.0295,6900.13,6900.64,-0.000073,-0.01,1.071924,No,0.00,0.00
id#426,12.1759,4180.96,2717.63,12.0295,4158.79,4159.33,-0.000130,-0.01,1.071211,No,0.00,0.00
id#427,12.1759,5128.08,3333.25,12.0295,5103.44,5103.86,-0.000083,-0.01,1.071748,No,0.00,0.00
id#428,12.1759,4869.49,3165.17,12.0295,4846.31,4846.69,-0.000080,-0.01,1.071796,No,0.00,0.00
id#429,12.1759,5992.26,3894.97,12.0295,5957.19,5958.75,-0.000262,-0.03,1.070620,No,0.00,0.00
id#430,12.1759,6640.41,4316.27,12.0295,6607.50,6608.12,-0.000093,-0.01,1.071586,No,0.00,0.00
id#431,12.1759,7555.27,4910.93,12.0295,7515.78,7516.68,-0.000120,-0.01,1.071293,No,0.00,0.00
id#432,12.1759,5475.52,3559.09,12.0295,5448.57,5449.07,-0.000091,-0.01,1.071623,No,0.00,0.00
id#433,12.1759,6925.05,4501.28,12.0295,6884.42,6886.26,-0.000268,-0.03,1.070604,No,0.00,0.00
id#434,12.1759,8091.39,5259.40,12.0295,8052.43,8053.10,-0.000083,-0.01,1.071738,No,0.00,0.00
id#435,12.1759,5338.18,3469.82,12.0295,5313.68,5314.05,-0.000071,-0.01,1.071979,No,0.00,0.00
id#436,12.1759,8356.24,5431.55,12.0295,8316.84,8317.48,-0.000077,-0.01,1.071846,No,0.00,0.00
id#437,12.1759,6192.31,4025.00,12.0295,6163.20,6163.67,-0.000076,-0.01,1.071861,No,0.00,0.00
id#438,12.1759,7060.22,4589.14,12.0295,7026.30,7026.88,-0.000083,-0.01,1.071748,No,0.00,0.00
id#439,12.1759,4666.61,3033.30,12.0295,4645.86,4646.16,-0.000064,-0.01,1.072135,No,0.00,0.00
id#440,12.1759,7351.84,4778.70,12.0295,7309.90,7311.45,-0.000212,-0.02,1.070779,No,0.00,0.00
id#441,12.1759,8916.91,5795.99,12.0295,8868.66,8869.95,-0.000146,-0.01,1.071095,No,0.00,0.00
id#442,12.1759,6849.48,4452.16,12.0295,6812.93,6813.84,-0.000134,-0.01,1.071176,No,0.00,0.00
id#443,12.1759,8066.43,5243.18,12.0295,8018.82,8021.08,-0.000282,-0.03,1.070567,No,0.00,0.00
id#444,12.1759,6888.10,4477.27,12.0295,6850.01,6851.16,-0.000168,-0.02,1.070968,No,0.00,0.00
id#445,12.1759,5435.68,3533.19,12.0295,5408.50,5409.02,-0.000097,-0.01,1.071538,No,0.00,0.00
id#446,12.1759,4917.39,3196.31,12.0295,4893.59,4894.01,-0.000085,-0.01,1.071711,No,0.00,0.00
id#447,12.1759,5803.97,3772.58,12.0295,5777.57,5777.97,-0.000069,-0.01,1.072025,No,0.00,0.00
id#448,12.1759,7982.11,5188.37,12.0295,7940.87,7941.76,-0.000113,-0.01,1.071359,No,0.00,0.00
id#449,12.1759,6281.28,4082.83,12.0295,6251.92,6252.39,-0.000075,-0.01,1.071890,No,0.00,0.00
id#450,12.1759,8104.33,5267.82,12.0295,8059.49,8060.85,-0.000169,-0.02,1.070965,No,0.00,0.00
id#451,12.1759,5636.80,3663.92,12.0295,5604.71,5605.88,-0.000208,-0.02,1.070793,No,0.00,0.00
id#452,12.1759,3859.99,2508.99,12.0295,3841.74,3842.04,-0.000078,-0.01,1.071831,No,0.00,0.00
id#453,12.1759,5605.92,3643.85,12.0295,5577.10,5577.71,-0.000110,-0.01,1.071387,No,0.00,0.00
id#454,12.1759,6921.00,4498.65,12.0295,6884.69,6885.53,-0.000122,-0.01,1.071273,No,0.00,0.00
id#455,12.1759,6884.84,4475.15,12.0295,6851.90,6852.46,-0.000081,-0.01,1.071770,No,0.00,0.00
id#456,12.1759,6420.76,4173.49,12.0295,6391.87,6392.29,-0.000066,-0.01,1.072078,No,0.00,0.00
id#457,12.1759,6278.05,4080.73,12.0295,6244.81,6245.61,-0.000128,-0.01,1.071221,No,0.00,0.00
id#458,12.1759,4517.46,2936.35,12.0295,4497.12,4497.42,-0.000066,-0.01,1.072075,No,0.00,0.00
id#459,12.1759,4413.00,2868.45,12.0295,4392.92,4393.22,-0.000069,-0.01,1.072025,No,0.00,0.00
id#460,12.1759,7878.31,5120.90,12.0295,7840.74,7841.37,-0.000080,-0.01,1.071788,No,0.00,0.00
id#461,12.1759,8340.56,5421.37,12.0295,8302.78,8303.34,-0.000068,-0.01,1.072044,No,0.00,0.00
id#462,12.1759,4982.12,3238.38,12.0295,4959.97,4960.29,-0.000064,-0.01,1.072135,No,0.00,0.00
id#463,12.1759,3843.74,2498.43,12.0295,3826.65,3826.90,-0.000064,-0.01,1.072134,No,0.00,0.00
id#464,12.1759,5585.02,3630.27,12.0295,5558.54,5558.98,-0.000079,-0.01,1.071817,No,0.00,0.00
id#465,12.1759,9197.77,5978.55,12.0295,9146.04,9147.77,-0.000190,-0.02,1.070866,No,0.00,0.00
id#466,12.1759,7652.29,4973.99,12.0295,7617.96,7618.46,-0.000066,-0.01,1.072091,No,0.00,0.00
id#467,12.1759,6146.69,3995.35,12.0295,6115.65,6116.26,-0.000101,-0.01,1.071485,No,0.00,0.00
id#468,12.1759,5208.53,3385.54,12.0295,5180.25,5181.02,-0.000149,-0.01,1.071076,No,0.00,0.00
id#469,12.1759,5761.33,3744.86,12.0295,5733.54,5734.02,-0.000084,-0.01,1.071729,No,0.00,0.00
id#470,12.1759,3320.07,2158.05,12.0295,3302.63,3303.04,-0.000123,-0.01,1.071266,No,0.00,0.00
id#471,12.1759,6649.21,4321.99,12.0295,6618.58,6619.05,-0.000071,-0.01,1.071961,No,0.00,0.00
id#472,12.1759,8330.17,5414.61,12.0295,8284.45,8285.77,-0.000160,-0.02,1.071011,No,0.00,0.00
id#473,12.1759,5174.10,3363.17,12.0295,5148.84,5149.29,-0.000088,-0.01,1.071665,No,0.00,0.00
id#474,12.1759,8059.17,5238.46,12.0295,8012.54,8014.44,-0.000237,-0.02,1.070692,No,0.00,0.00
id#475,12.1759,6227.75,4048.04,12.0295,6195.15,6195.90,-0.000121,-0.01,1.071286,No,0.00,0.00
id#476,12.1759,7162.33,4655.52,12.0295,7128.50,7129.05,-0.000078,-0.01,1.071836,No,0.00,0.00
id#477,12.1759,8659.06,5628.39,12.0295,8618.01,8618.69,-0.000079,-0.01,1.071818,No,0.00,0.00
id#478,12.1759,7355.52,4781.09,12.0295,7320.76,7321.33,-0.000078,-0.01,1.071834,No,0.00,0.00
id#479,12.1759,7819.70,5082.81,12.0295,7782.01,7782.66,-0.000084,-0.01,1.071732,No,0.00,0.00
id#480,12.1759,6135.85,3988.31,12.0295,6103.75,6104.49,-0.000120,-0.01,1.071289,No,0.00,0.00
id#481,12.1759,9120.27,5928.17,12.0295,9066.39,9068.97,-0.000284,-0.03,1.070561,No,0.00,0.00
id#482,12.1759,7359.41,4783.62,12.0295,7317.32,7318.90,-0.000216,-0.02,1.070763,No,0.00,0.00
id#483,12.1759,5101.00,3315.65,12.0295,5072.42,5073.36,-0.000185,-0.02,1.070889,No,0.00,0.00
id#484,12.1759,6627.51,4307.88,12.0295,6596.87,6597.35,-0.000072,-0.01,1.071945,No,0.00,0.00
id#485,12.1759,4943.02,3212.97,12.0295,4918.29,4918.77,-0.000097,-0.01,1.071534,No,0.00,0.00
id#486,12.1759,5049.67,3282.28,12.0295,5026.38,5026.74,-0.000072,-0.01,1.071957,No,0.00,0.00
id#487,12.1759,5361.70,3485.10,12.0295,5337.43,5337.79,-0.000068,-0.01,1.072049,No,0.00,0.00
id#488,12.1759,6918.91,4497.29,12.0295,6883.03,6883.82,-0.000115,-0.01,1.071338,No,0.00,0.00
id#489,12.1759,8713.08,5663.50,12.0295,8665.35,8666.72,-0.000158,-0.02,1.071024,No,0.00,0.00
id#490,12.1759,4362.81,2835.83,12.0295,4342.28,4342.61,-0.000077,-0.01,1.071854,No,0.00,0.00
id#491,12.1759,7974.60,5183.49,12.0295,7937.95,7938.51,-0.000071,-0.01,1.071974,No,0.00,0.00
id#492,12.1759,6742.88,4382.87,12.0295,6709.77,6710.37,-0.000090,-0.01,1.071635,No,0.00,0.00
id#493,12.1759,4727.66,3072.98,12.0295,4705.48,4705.84,-0.000076,-0.01,1.071869,No,0.00,0.00
id#494,12.1759,6153.05,3999.48,12.0295,6124.26,6124.72,-0.000075,-0.01,1.071884,No,0.00,0.00
id#495,12.1759,5870.11,3815.57,12.0295,5842.56,5843.00,-0.000076,-0.01,1.071869,No,0.00,0.00
id#496,12.1759,6012.46,3908.10,12.0295,5979.24,5980.24,-0.000167,-0.02,1.070972,No,0.00,0.00
id#497,12.1759,7557.32,4912.26,12.0295,7517.45,7518.40,-0.000126,-0.01,1.071242,No,0.00,0.00
id#498,12.1759,7100.24,4615.15,12.0295,7058.73,7060.56,-0.000259,-0.03,1.070627,No,0.00,0.00
id#499,12.1759,8463.29,5501.14,12.0295,8417.40,8418.64,-0.000148,-0.01,1.071083,No,0.00,0.00
